# Atom index    Distance (nm)
   1          0.430
   2          0.136
   3          0.071
   4          0.070
   5          0.058
   6          0.081
   7          0.085
   8          0.088
   9          0.078
  10          0.106
  11          0.106
  12          0.139
  13          0.156
  14          0.145
  15          0.113
  16          0.112
  17          0.092
  18          0.124
  19          0.119
  20          0.166
  21          0.119
  22          0.053
  23          0.068
  24          0.102
  25          0.109
  26          0.129
  27          0.176
  28          0.160
  29          0.143
  30          0.126
  31          0.070
  32          0.051
  33          0.031
  34          0.039
  35          0.067
  36          0.039
  37          0.037
  38          0.084
  39          0.077
  40          0.115
  41          0.128
  42          0.065
  43          0.076
  44          0.089
  45          0.074
  46          0.089
  47          0.175
  48          0.415
  49          0.645
  50          0.424
  51          0.506
  52          0.098
  53          0.068
  54          0.091
  55          0.111
  56          0.144
  57          0.145
  58          0.139
  59          0.111
  60          0.082
  61          0.129
  62          0.127
  63          0.138
  64          0.123
  65          0.121
  66          0.166
  67          0.166
  68          0.215
  69          0.111
  70          0.185
  71          0.120
  72          0.100
  73          0.075
  74          0.092
  75          0.094
  76          0.116
  77          0.152
  78          0.254
  79          0.135
  80          0.144
  81          0.208
  82          0.164
  83          0.120
  84          0.123
  85          0.101
  86          0.096
  87          0.072
  88          0.081
  89          0.137
  90          0.102
  91          0.124
  92          0.126
  93          0.110
  94          0.079
  95          0.080
  96          0.064
  97          0.080
  98          0.128
  99          0.129
 100          0.146
 101          0.207
 102          0.142
 103          0.126
 104          0.152
 105          0.093
 106          0.032
 107          0.059
 108          0.172
 109          0.285
 110          0.220
 111          0.142
 112          0.064
 113          0.101
 114          0.075
 115          0.112
 116          0.115
 117          0.085
 118          0.105
 119          0.152
 120          0.105
 121          0.106
 122          0.106
 123          0.107
 124          0.037
 125          0.057
 126          0.092
 127          0.055
 128          0.037
 129          0.059
 130          0.064
 131          0.082
 132          0.046
 133          0.031
 134          0.070
 135          0.069
 136          0.058
 137          0.055
 138          0.043
 139          0.059
 140          0.055
 141          0.122
 142          0.103
 143          0.082
 144          0.067
 145          0.073
 146          0.086
 147          0.055
 148          0.062
 149          0.064
 150          0.075
 151          0.045
 152          0.085
 153          0.100
 154          0.103
 155          0.079
 156          0.079
 157          0.056
 158          0.111
 159          0.092
 160          0.031
 161          0.023
 162          0.029
 163          0.106
 164          0.114
 165          0.066
 166          0.054
 167          0.046
 168          0.060
 169          0.085
 170          0.071
 171          0.088
 172          0.091
 173          0.068
 174          0.060
 175          0.096
 176          0.098
 177          0.078
 178          0.044
 179          0.069
 180          0.034
 181          0.035
 182          0.038
 183          0.040
 184          0.035
 185          0.064
 186          0.071
 187          0.097
 188          0.043
 189          0.063
 190          0.062
 191          0.038
 192          0.038
 193          0.022
 194          0.054
 195          0.043
 196          0.028
 197          0.030
 198          0.093
 199          0.165
 200          0.081
 201          0.073
 202          0.094
 203          0.055
 204          0.076
 205          0.084
 206          0.095
 207          0.041
 208          0.086
 209          0.061
 210          0.040
 211          0.058
 212          0.110
 213          0.120
 214          0.082
 215          0.038
 216          0.049
 217          0.063
 218          0.067
 219          0.086
 220          0.199
 221          0.172
 222          0.190
 223          0.116
 224          0.076
 225          0.059
 226          0.076
 227          0.113
 228          0.111
 229          0.218
 230          0.228
 231          0.169
 232          0.161
 233          0.131
 234          0.061
 235          0.040
 236          0.021
 237          0.022
 238          0.297
 239          0.304
 240          0.224
 241          0.313
 242          0.097
 243          0.169
 244          0.208
 245          0.161
 246          0.112
 247          0.079
 248          0.063
 249          0.022
 250          0.040
 251          0.103
 252          0.106
 253          0.079
 254          0.071
 255          0.103
 256          0.051
 257          0.040
 258          0.060
 259          0.030
 260          0.019
 261          0.040
 262          0.045
 263          0.107
 264          0.153
 265          0.118
 266          0.090
 267          0.073
 268          0.075
 269          0.069
 270          0.048
 271          0.051
 272          0.047
 273          0.100
 274          0.085
 275          0.054
 276          0.085
 277          0.109
 278          0.160
 279          0.174
 280          0.255
 281          0.167
 282          0.110
 283          0.045
 284          0.033
 285          0.070
 286          0.048
 287          0.052
 288          0.051
 289          0.038
 290          0.069
 291          0.054
 292          0.062
 293          0.101
 294          0.139
 295          0.168
 296          0.036
 297          0.067
 298          0.036
 299          0.083
 300          0.101
 301          0.069
 302          0.083
 303          0.096
 304          0.160
 305          0.154
 306          0.133
 307          0.091
 308          0.075
 309          0.071
 310          0.053
 311          0.078
 312          0.118
 313          0.149
 314          0.145
 315          0.127
 316          0.098
 317          0.047
 318          0.028
 319          0.054
 320          0.014
 321          0.053
 322          0.098
 323          0.099
 324          0.128
 325          0.151
 326          0.138
 327          0.085
 328          0.069
 329          0.099
 330          0.083
 331          0.076
 332          0.032
 333          0.030
 334          0.085
 335          0.092
 336          0.129
 337          0.126
 338          0.085
 339          0.059
 340          0.088
 341          0.075
 342          0.122
 343          0.102
 344          0.125
 345          0.154
 346          0.141
 347          0.120
 348          0.112
 349          0.059
 350          0.073
 351          0.064
 352          0.118
 353          0.146
 354          0.162
 355          0.117
 356          0.123
 357          0.079
 358          0.079
 359          0.099
 360          0.112
 361          0.119
 362          0.152
 363          0.199
 364          0.161
 365          0.175
 366          0.132
 367          0.085
 368          0.058
 369          0.089
 370          0.086
 371          0.079
 372          0.080
 373          0.044
 374          0.034
 375          0.015
 376          0.019
 377          0.042
 378          0.051
 379          0.038
 380          0.017
 381          0.037
 382          0.064
 383          0.056
 384          0.061
 385          0.069
 386          0.071
 387          0.023
 388          0.071
 389          0.065
 390          0.098
 391          0.143
 392          0.188
 393          0.219
 394          0.370
 395          0.256
 396          0.186
 397          0.153
 398          0.142
 399          0.135
 400          0.103
 401          0.089
 402          0.073
 403          0.082
 404          0.053
 405          0.071
 406          0.059
 407          0.047
 408          0.042
 409          0.051
 410          0.016
 411          0.046
 412          0.051
 413          0.068
 414          0.137
 415          0.109
 416          0.027
 417          0.017
 418          0.052
 419          0.042
 420          0.060
 421          0.072
 422          0.091
 423          0.114
 424          0.118
 425          0.121
 426          0.073
 427          0.054
 428          0.087
 429          0.106
 430          0.175
 431          0.246
 432          0.146
 433          0.127
 434          0.153
 435          0.111
 436          0.144
 437          0.129
 438          0.186
 439          0.198
 440          0.200
 441          0.151
 442          0.112
 443          0.085
 444          0.061
 445          0.046
 446          0.050
 447          0.091
 448          0.107
 449          0.066
 450          0.058
 451          0.030
 452          0.046
 453          0.057
 454          0.020
 455          0.077
 456          0.088
 457          0.111
 458          0.099
 459          0.081
 460          0.105
 461          0.100
 462          0.106
 463          0.100
 464          0.098
 465          0.112
 466          0.138
 467          0.153
 468          0.165
 469          0.184
 470          0.113
 471          0.092
 472          0.132
 473          0.144
 474          0.126
 475          0.192
 476          0.175
 477          0.224
 478          0.228
 479          0.205
 480          0.202
 481          0.174
 482          0.156
 483          0.139
 484          0.131
 485          0.079
 486          0.030
 487          0.050

# Average distance: 0.102 nm
