# Atom index    Distance (nm)
   1          0.233
   2          0.133
   3          0.062
   4          0.073
   5          0.065
   6          0.085
   7          0.054
   8          0.048
   9          0.087
  10          0.073
  11          0.057
  12          0.071
  13          0.086
  14          0.087
  15          0.055
  16          0.045
  17          0.018
  18          0.017
  19          0.052
  20          0.065
  21          0.075
  22          0.073
  23          0.065
  24          0.066
  25          0.057
  26          0.075
  27          0.056
  28          0.064
  29          0.072
  30          0.069
  31          0.069
  32          0.039
  33          0.064
  34          0.056
  35          0.033
  36          0.031
  37          0.052
  38          0.043
  39          0.014
  40          0.025
  41          0.040
  42          0.030
  43          0.029
  44          0.070
  45          0.037
  46          0.059
  47          0.049
  48          0.084
  49          0.061
  50          0.051
  51          0.086
  52          0.071
  53          0.073
  54          0.070
  55          0.073
  56          0.065
  57          0.082
  58          0.053
  59          0.042
  60          0.091
  61          0.084
  62          0.095
  63          0.072
  64          0.097
  65          0.069
  66          0.096
  67          0.128
  68          0.113
  69          0.113
  70          0.118
  71          0.164
  72          0.087
  73          0.071
  74          0.068
  75          0.047
  76          0.049
  77          0.066
  78          0.076
  79          0.105
  80          0.113
  81          0.126
  82          0.121
  83          0.108
  84          0.099
  85          0.046
  86          0.053
  87          0.034
  88          0.045
  89          0.120
  90          0.035
  91          0.084
  92          0.031
  93          0.045
  94          0.046
  95          0.068
  96          0.039
  97          0.037
  98          0.034
  99          0.043
 100          0.033
 101          0.100
 102          0.087
 103          0.078
 104          0.058
 105          0.063
 106          0.099
 107          0.101
 108          0.154
 109          0.089
 110          0.157
 111          0.170
 112          0.095
 113          0.096
 114          0.135
 115          0.087
 116          0.059
 117          0.027
 118          0.037
 119          0.050
 120          0.079
 121          0.085
 122          0.107
 123          0.117
 124          0.073
 125          0.049
 126          0.088
 127          0.045
 128          0.057
 129          0.053
 130          0.019
 131          0.026
 132          0.087
 133          0.073
 134          0.060
 135          0.048
 136          0.041
 137          0.029
 138          0.036
 139          0.094
 140          0.069
 141          0.114
 142          0.136
 143          0.152
 144          0.106
 145          0.065
 146          0.077
 147          0.044
 148          0.047
 149          0.047
 150          0.043
 151          0.119
 152          0.142
 153          0.143
 154          0.033
 155          0.106
 156          0.132
 157          0.103
 158          0.067
 159          0.079
 160          0.085
 161          0.096
 162          0.094
 163          0.061
 164          0.057
 165          0.053
 166          0.052
 167          0.045
 168          0.044
 169          0.059
 170          0.072
 171          0.048
 172          0.018
 173          0.019
 174          0.031
 175          0.129
 176          0.140
 177          0.127
 178          0.062
 179          0.052
 180          0.060
 181          0.071
 182          0.082
 183          0.040
 184          0.042
 185          0.065
 186          0.055
 187          0.040
 188          0.040
 189          0.024
 190          0.041
 191          0.076
 192          0.085
 193          0.076
 194          0.096
 195          0.072
 196          0.069
 197          0.088
 198          0.149
 199          0.144
 200          0.109
 201          0.144
 202          0.108
 203          0.119
 204          0.066
 205          0.040
 206          0.047
 207          0.052
 208          0.048
 209          0.052
 210          0.069
 211          0.069
 212          0.081
 213          0.079
 214          0.088
 215          0.082
 216          0.043
 217          0.059
 218          0.075
 219          0.064
 220          0.058
 221          0.075
 222          0.077
 223          0.087
 224          0.073
 225          0.066
 226          0.099
 227          0.097
 228          0.117
 229          0.112
 230          0.160
 231          0.075
 232          0.081
 233          0.095
 234          0.072
 235          0.076
 236          0.084
 237          0.117
 238          0.075
 239          0.033
 240          0.055
 241          0.090
 242          0.111
 243          0.143
 244          0.092
 245          0.094
 246          0.047
 247          0.050
 248          0.109
 249          0.084
 250          0.109
 251          0.072
 252          0.052
 253          0.016
 254          0.027
 255          0.041
 256          0.047
 257          0.071
 258          0.064
 259          0.060
 260          0.061
 261          0.075
 262          0.114
 263          0.089
 264          0.141
 265          0.117
 266          0.072
 267          0.073
 268          0.153
 269          0.100
 270          0.091
 271          0.151
 272          0.155
 273          0.110
 274          0.105
 275          0.107
 276          0.094
 277          0.112
 278          0.160
 279          0.156
 280          0.159
 281          0.106
 282          0.058
 283          0.073
 284          0.082
 285          0.118
 286          0.081
 287          0.067
 288          0.086
 289          0.089
 290          0.090
 291          0.066
 292          0.056
 293          0.080
 294          0.068
 295          0.098
 296          0.114
 297          0.082
 298          0.052
 299          0.048
 300          0.051
 301          0.055
 302          0.092
 303          0.120
 304          0.162
 305          0.205
 306          0.178
 307          0.107
 308          0.092
 309          0.056
 310          0.041
 311          0.033
 312          0.075
 313          0.240
 314          0.183
 315          0.045
 316          0.084
 317          0.060
 318          0.105
 319          0.093
 320          0.120
 321          0.121
 322          0.159
 323          0.147
 324          0.170
 325          0.126
 326          0.059
 327          0.021
 328          0.063
 329          0.061
 330          0.039
 331          0.052
 332          0.082
 333          0.081
 334          0.080
 335          0.073
 336          0.034
 337          0.057
 338          0.068
 339          0.077
 340          0.085
 341          0.109
 342          0.105
 343          0.075
 344          0.070
 345          0.083
 346          0.080
 347          0.100
 348          0.103
 349          0.081
 350          0.123
 351          0.179
 352          0.182
 353          0.266
 354          0.349
 355          0.306
 356          0.183
 357          0.078
 358          0.085
 359          0.057
 360          0.133
 361          0.111
 362          0.114
 363          0.118
 364          0.101
 365          0.165
 366          0.068
 367          0.139
 368          0.104
 369          0.099
 370          0.085
 371          0.094
 372          0.063
 373          0.046
 374          0.033
 375          0.061
 376          0.030
 377          0.041
 378          0.048
 379          0.051
 380          0.067
 381          0.093
 382          0.048
 383          0.029
 384          0.066
 385          0.058
 386          0.029
 387          0.032
 388          0.028
 389          0.025
 390          0.053
 391          0.057
 392          0.056
 393          0.071
 394          0.082
 395          0.118
 396          0.056
 397          0.052
 398          0.056
 399          0.066
 400          0.091
 401          0.036
 402          0.010
 403          0.039
 404          0.082
 405          0.037
 406          0.054
 407          0.063
 408          0.083
 409          0.105
 410          0.117
 411          0.079
 412          0.060
 413          0.096
 414          0.084
 415          0.052
 416          0.055
 417          0.047
 418          0.057
 419          0.075
 420          0.087
 421          0.051
 422          0.093
 423          0.067
 424          0.101
 425          0.081
 426          0.080
 427          0.083
 428          0.089
 429          0.092
 430          0.145
 431          0.178
 432          0.141
 433          0.069
 434          0.095
 435          0.069
 436          0.042
 437          0.030
 438          0.056
 439          0.034
 440          0.040
 441          0.052
 442          0.050
 443          0.051
 444          0.048
 445          0.072
 446          0.049
 447          0.056
 448          0.038
 449          0.044
 450          0.032
 451          0.037
 452          0.024
 453          0.025
 454          0.022
 455          0.043
 456          0.036
 457          0.043
 458          0.038
 459          0.078
 460          0.070
 461          0.052
 462          0.011
 463          0.014
 464          0.034
 465          0.022
 466          0.054
 467          0.044
 468          0.105
 469          0.105
 470          0.043
 471          0.063
 472          0.044
 473          0.054
 474          0.060
 475          0.082
 476          0.041
 477          0.046
 478          0.035
 479          0.051
 480          0.036
 481          0.040
 482          0.050
 483          0.032
 484          0.092
 485          0.051
 486          0.057
 487          0.030

# Average distance: 0.077 nm
