# Atom index    Distance (nm)
   1          0.247
   2          0.130
   3          0.130
   4          0.070
   5          0.026
   6          0.041
   7          0.111
   8          0.111
   9          0.089
  10          0.099
  11          0.127
  12          0.102
  13          0.087
  14          0.033
  15          0.061
  16          0.089
  17          0.115
  18          0.147
  19          0.128
  20          0.112
  21          0.153
  22          0.181
  23          0.166
  24          0.158
  25          0.176
  26          0.122
  27          0.132
  28          0.072
  29          0.064
  30          0.069
  31          0.065
  32          0.163
  33          0.080
  34          0.063
  35          0.113
  36          0.152
  37          0.179
  38          0.106
  39          0.055
  40          0.031
  41          0.052
  42          0.054
  43          0.096
  44          0.126
  45          0.241
  46          0.416
  47          0.258
  48          0.415
  49          0.458
  50          0.404
  51          0.294
  52          0.292
  53          0.139
  54          0.139
  55          0.159
  56          0.069
  57          0.031
  58          0.053
  59          0.072
  60          0.099
  61          0.085
  62          0.099
  63          0.080
  64          0.085
  65          0.074
  66          0.116
  67          0.148
  68          0.142
  69          0.051
  70          0.057
  71          0.041
  72          0.071
  73          0.115
  74          0.078
  75          0.128
  76          0.137
  77          0.205
  78          0.205
  79          0.160
  80          0.110
  81          0.113
  82          0.150
  83          0.141
  84          0.118
  85          0.097
  86          0.107
  87          0.137
  88          0.136
  89          0.215
  90          0.201
  91          0.128
  92          0.225
  93          0.174
  94          0.111
  95          0.125
  96          0.075
  97          0.086
  98          0.100
  99          0.073
 100          0.106
 101          0.112
 102          0.081
 103          0.092
 104          0.025
 105          0.052
 106          0.082
 107          0.148
 108          0.110
 109          0.125
 110          0.122
 111          0.116
 112          0.049
 113          0.018
 114          0.041
 115          0.022
 116          0.060
 117          0.034
 118          0.084
 119          0.162
 120          0.133
 121          0.041
 122          0.061
 123          0.047
 124          0.072
 125          0.131
 126          0.124
 127          0.147
 128          0.092
 129          0.104
 130          0.157
 131          0.156
 132          0.130
 133          0.050
 134          0.038
 135          0.034
 136          0.043
 137          0.048
 138          0.052
 139          0.165
 140          0.165
 141          0.269
 142          0.267
 143          0.186
 144          0.132
 145          0.087
 146          0.088
 147          0.070
 148          0.066
 149          0.045
 150          0.038
 151          0.113
 152          0.079
 153          0.072
 154          0.054
 155          0.065
 156          0.088
 157          0.093
 158          0.068
 159          0.085
 160          0.106
 161          0.079
 162          0.075
 163          0.082
 164          0.087
 165          0.072
 166          0.079
 167          0.072
 168          0.055
 169          0.030
 170          0.072
 171          0.072
 172          0.069
 173          0.102
 174          0.128
 175          0.143
 176          0.121
 177          0.078
 178          0.050
 179          0.085
 180          0.119
 181          0.111
 182          0.086
 183          0.066
 184          0.037
 185          0.027
 186          0.024
 187          0.067
 188          0.061
 189          0.056
 190          0.083
 191          0.084
 192          0.066
 193          0.066
 194          0.098
 195          0.090
 196          0.066
 197          0.042
 198          0.086
 199          0.160
 200          0.097
 201          0.071
 202          0.033
 203          0.019
 204          0.043
 205          0.051
 206          0.082
 207          0.127
 208          0.095
 209          0.067
 210          0.045
 211          0.103
 212          0.107
 213          0.101
 214          0.039
 215          0.015
 216          0.084
 217          0.084
 218          0.090
 219          0.036
 220          0.130
 221          0.144
 222          0.105
 223          0.086
 224          0.120
 225          0.120
 226          0.196
 227          0.199
 228          0.228
 229          0.214
 230          0.284
 231          0.278
 232          0.191
 233          0.146
 234          0.151
 235          0.150
 236          0.125
 237          0.131
 238          0.348
 239          0.374
 240          0.262
 241          0.399
 242          0.320
 243          0.300
 244          0.101
 245          0.163
 246          0.110
 247          0.133
 248          0.146
 249          0.170
 250          0.175
 251          0.086
 252          0.063
 253          0.062
 254          0.091
 255          0.095
 256          0.054
 257          0.069
 258          0.103
 259          0.126
 260          0.088
 261          0.089
 262          0.085
 263          0.060
 264          0.026
 265          0.059
 266          0.058
 267          0.040
 268          0.012
 269          0.047
 270          0.099
 271          0.078
 272          0.118
 273          0.118
 274          0.092
 275          0.078
 276          0.061
 277          0.067
 278          0.058
 279          0.062
 280          0.063
 281          0.092
 282          0.077
 283          0.049
 284          0.057
 285          0.027
 286          0.042
 287          0.043
 288          0.087
 289          0.103
 290          0.073
 291          0.080
 292          0.107
 293          0.124
 294          0.086
 295          0.095
 296          0.108
 297          0.120
 298          0.102
 299          0.094
 300          0.062
 301          0.143
 302          0.113
 303          0.057
 304          0.060
 305          0.101
 306          0.088
 307          0.059
 308          0.085
 309          0.107
 310          0.096
 311          0.080
 312          0.080
 313          0.106
 314          0.096
 315          0.015
 316          0.116
 317          0.118
 318          0.073
 319          0.091
 320          0.059
 321          0.079
 322          0.067
 323          0.069
 324          0.068
 325          0.146
 326          0.147
 327          0.130
 328          0.109
 329          0.083
 330          0.063
 331          0.119
 332          0.156
 333          0.223
 334          0.223
 335          0.172
 336          0.118
 337          0.076
 338          0.096
 339          0.099
 340          0.147
 341          0.139
 342          0.172
 343          0.126
 344          0.119
 345          0.147
 346          0.184
 347          0.153
 348          0.177
 349          0.139
 350          0.110
 351          0.113
 352          0.147
 353          0.145
 354          0.092
 355          0.091
 356          0.107
 357          0.096
 358          0.101
 359          0.119
 360          0.123
 361          0.188
 362          0.273
 363          0.183
 364          0.121
 365          0.082
 366          0.076
 367          0.109
 368          0.149
 369          0.184
 370          0.101
 371          0.103
 372          0.053
 373          0.086
 374          0.070
 375          0.084
 376          0.077
 377          0.092
 378          0.066
 379          0.048
 380          0.057
 381          0.094
 382          0.096
 383          0.083
 384          0.081
 385          0.083
 386          0.100
 387          0.084
 388          0.115
 389          0.058
 390          0.076
 391          0.100
 392          0.120
 393          0.181
 394          0.104
 395          0.118
 396          0.144
 397          0.067
 398          0.049
 399          0.075
 400          0.087
 401          0.115
 402          0.145
 403          0.164
 404          0.235
 405          0.245
 406          0.187
 407          0.106
 408          0.030
 409          0.096
 410          0.098
 411          0.124
 412          0.055
 413          0.031
 414          0.169
 415          0.096
 416          0.010
 417          0.076
 418          0.086
 419          0.107
 420          0.136
 421          0.241
 422          0.328
 423          0.294
 424          0.205
 425          0.131
 426          0.117
 427          0.054
 428          0.089
 429          0.096
 430          0.138
 431          0.186
 432          0.067
 433          0.106
 434          0.090
 435          0.081
 436          0.073
 437          0.114
 438          0.163
 439          0.164
 440          0.154
 441          0.197
 442          0.183
 443          0.103
 444          0.035
 445          0.047
 446          0.052
 447          0.050
 448          0.103
 449          0.113
 450          0.117
 451          0.128
 452          0.079
 453          0.141
 454          0.101
 455          0.115
 456          0.123
 457          0.063
 458          0.039
 459          0.091
 460          0.130
 461          0.094
 462          0.058
 463          0.060
 464          0.063
 465          0.054
 466          0.057
 467          0.048
 468          0.100
 469          0.139
 470          0.104
 471          0.070
 472          0.053
 473          0.036
 474          0.029
 475          0.171
 476          0.264
 477          0.254
 478          0.233
 479          0.203
 480          0.197
 481          0.233
 482          0.151
 483          0.124
 484          0.073
 485          0.076
 486          0.076
 487          0.047

# Average distance: 0.111 nm
