# Atom index    Distance (nm)
   1          0.292
   2          0.325
   3          0.176
   4          0.111
   5          0.126
   6          0.125
   7          0.103
   8          0.040
   9          0.030
  10          0.065
  11          0.051
  12          0.052
  13          0.071
  14          0.102
  15          0.058
  16          0.045
  17          0.049
  18          0.042
  19          0.096
  20          0.098
  21          0.077
  22          0.115
  23          0.149
  24          0.138
  25          0.118
  26          0.144
  27          0.096
  28          0.140
  29          0.100
  30          0.062
  31          0.088
  32          0.143
  33          0.113
  34          0.106
  35          0.118
  36          0.062
  37          0.084
  38          0.069
  39          0.102
  40          0.092
  41          0.086
  42          0.080
  43          0.140
  44          0.144
  45          0.127
  46          0.118
  47          0.098
  48          0.165
  49          0.189
  50          0.271
  51          0.242
  52          0.130
  53          0.083
  54          0.085
  55          0.062
  56          0.059
  57          0.053
  58          0.066
  59          0.074
  60          0.076
  61          0.075
  62          0.097
  63          0.074
  64          0.052
  65          0.083
  66          0.141
  67          0.206
  68          0.196
  69          0.200
  70          0.137
  71          0.182
  72          0.118
  73          0.144
  74          0.082
  75          0.063
  76          0.064
  77          0.064
  78          0.049
  79          0.138
  80          0.132
  81          0.173
  82          0.119
  83          0.048
  84          0.071
  85          0.102
  86          0.095
  87          0.082
  88          0.037
  89          0.090
  90          0.109
  91          0.121
  92          0.079
  93          0.110
  94          0.102
  95          0.068
  96          0.065
  97          0.085
  98          0.090
  99          0.104
 100          0.124
 101          0.127
 102          0.127
 103          0.138
 104          0.122
 105          0.071
 106          0.051
 107          0.053
 108          0.085
 109          0.131
 110          0.231
 111          0.096
 112          0.239
 113          0.105
 114          0.099
 115          0.090
 116          0.085
 117          0.111
 118          0.128
 119          0.095
 120          0.069
 121          0.046
 122          0.044
 123          0.029
 124          0.037
 125          0.062
 126          0.084
 127          0.040
 128          0.102
 129          0.064
 130          0.042
 131          0.047
 132          0.037
 133          0.034
 134          0.021
 135          0.048
 136          0.041
 137          0.059
 138          0.056
 139          0.044
 140          0.102
 141          0.185
 142          0.149
 143          0.152
 144          0.140
 145          0.042
 146          0.013
 147          0.047
 148          0.031
 149          0.023
 150          0.035
 151          0.032
 152          0.073
 153          0.071
 154          0.080
 155          0.046
 156          0.038
 157          0.033
 158          0.047
 159          0.054
 160          0.040
 161          0.066
 162          0.088
 163          0.103
 164          0.105
 165          0.039
 166          0.133
 167          0.044
 168          0.041
 169          0.016
 170          0.039
 171          0.042
 172          0.024
 173          0.060
 174          0.159
 175          0.153
 176          0.104
 177          0.082
 178          0.110
 179          0.123
 180          0.152
 181          0.078
 182          0.070
 183          0.053
 184          0.025
 185          0.060
 186          0.099
 187          0.107
 188          0.044
 189          0.032
 190          0.040
 191          0.043
 192          0.064
 193          0.078
 194          0.060
 195          0.084
 196          0.048
 197          0.059
 198          0.076
 199          0.196
 200          0.141
 201          0.133
 202          0.135
 203          0.143
 204          0.025
 205          0.117
 206          0.101
 207          0.089
 208          0.096
 209          0.090
 210          0.042
 211          0.090
 212          0.148
 213          0.109
 214          0.080
 215          0.085
 216          0.094
 217          0.079
 218          0.066
 219          0.154
 220          0.302
 221          0.337
 222          0.208
 223          0.163
 224          0.080
 225          0.077
 226          0.074
 227          0.067
 228          0.143
 229          0.288
 230          0.415
 231          0.304
 232          0.170
 233          0.102
 234          0.042
 235          0.036
 236          0.046
 237          0.127
 238          0.220
 239          0.320
 240          0.221
 241          0.105
 242          0.136
 243          0.160
 244          0.125
 245          0.127
 246          0.175
 247          0.120
 248          0.089
 249          0.070
 250          0.045
 251          0.060
 252          0.052
 253          0.054
 254          0.069
 255          0.035
 256          0.045
 257          0.038
 258          0.078
 259          0.098
 260          0.064
 261          0.069
 262          0.064
 263          0.046
 264          0.051
 265          0.052
 266          0.026
 267          0.017
 268          0.059
 269          0.050
 270          0.102
 271          0.050
 272          0.080
 273          0.212
 274          0.058
 275          0.032
 276          0.066
 277          0.056
 278          0.112
 279          0.027
 280          0.121
 281          0.166
 282          0.067
 283          0.073
 284          0.040
 285          0.035
 286          0.055
 287          0.058
 288          0.031
 289          0.028
 290          0.025
 291          0.030
 292          0.053
 293          0.112
 294          0.046
 295          0.092
 296          0.139
 297          0.121
 298          0.089
 299          0.081
 300          0.052
 301          0.039
 302          0.047
 303          0.042
 304          0.067
 305          0.107
 306          0.082
 307          0.079
 308          0.050
 309          0.055
 310          0.051
 311          0.032
 312          0.084
 313          0.161
 314          0.210
 315          0.138
 316          0.049
 317          0.027
 318          0.075
 319          0.045
 320          0.067
 321          0.067
 322          0.035
 323          0.092
 324          0.026
 325          0.009
 326          0.037
 327          0.070
 328          0.045
 329          0.048
 330          0.034
 331          0.124
 332          0.104
 333          0.083
 334          0.081
 335          0.033
 336          0.015
 337          0.066
 338          0.068
 339          0.068
 340          0.070
 341          0.048
 342          0.114
 343          0.118
 344          0.130
 345          0.129
 346          0.155
 347          0.142
 348          0.090
 349          0.071
 350          0.059
 351          0.041
 352          0.049
 353          0.051
 354          0.183
 355          0.134
 356          0.115
 357          0.073
 358          0.092
 359          0.100
 360          0.101
 361          0.096
 362          0.119
 363          0.119
 364          0.070
 365          0.141
 366          0.132
 367          0.056
 368          0.046
 369          0.038
 370          0.039
 371          0.079
 372          0.117
 373          0.056
 374          0.021
 375          0.003
 376          0.052
 377          0.044
 378          0.052
 379          0.051
 380          0.023
 381          0.007
 382          0.035
 383          0.024
 384          0.076
 385          0.044
 386          0.048
 387          0.054
 388          0.062
 389          0.015
 390          0.043
 391          0.042
 392          0.065
 393          0.085
 394          0.219
 395          0.169
 396          0.099
 397          0.083
 398          0.018
 399          0.030
 400          0.030
 401          0.049
 402          0.051
 403          0.034
 404          0.037
 405          0.072
 406          0.066
 407          0.063
 408          0.069
 409          0.105
 410          0.050
 411          0.051
 412          0.065
 413          0.077
 414          0.046
 415          0.056
 416          0.044
 417          0.034
 418          0.056
 419          0.075
 420          0.072
 421          0.089
 422          0.179
 423          0.206
 424          0.105
 425          0.099
 426          0.049
 427          0.057
 428          0.057
 429          0.081
 430          0.233
 431          0.171
 432          0.100
 433          0.119
 434          0.056
 435          0.016
 436          0.030
 437          0.086
 438          0.205
 439          0.148
 440          0.055
 441          0.082
 442          0.051
 443          0.103
 444          0.066
 445          0.039
 446          0.032
 447          0.054
 448          0.042
 449          0.067
 450          0.033
 451          0.052
 452          0.053
 453          0.066
 454          0.053
 455          0.071
 456          0.079
 457          0.073
 458          0.055
 459          0.104
 460          0.251
 461          0.102
 462          0.071
 463          0.067
 464          0.066
 465          0.076
 466          0.060
 467          0.050
 468          0.169
 469          0.118
 470          0.064
 471          0.036
 472          0.032
 473          0.033
 474          0.045
 475          0.114
 476          0.157
 477          0.173
 478          0.143
 479          0.161
 480          0.147
 481          0.076
 482          0.081
 483          0.081
 484          0.040
 485          0.040
 486          0.035
 487          0.015

# Average distance: 0.088 nm
