# Atom index    Distance (nm)
   1          0.190
   2          0.119
   3          0.134
   4          0.124
   5          0.108
   6          0.101
   7          0.089
   8          0.094
   9          0.095
  10          0.060
  11          0.078
  12          0.119
  13          0.154
  14          0.203
  15          0.144
  16          0.105
  17          0.042
  18          0.069
  19          0.095
  20          0.102
  21          0.150
  22          0.217
  23          0.258
  24          0.172
  25          0.142
  26          0.160
  27          0.141
  28          0.130
  29          0.073
  30          0.245
  31          0.082
  32          0.024
  33          0.122
  34          0.143
  35          0.160
  36          0.190
  37          0.152
  38          0.098
  39          0.103
  40          0.095
  41          0.164
  42          0.122
  43          0.047
  44          0.060
  45          0.149
  46          0.151
  47          0.205
  48          0.359
  49          0.586
  50          0.728
  51          0.240
  52          0.369
  53          0.187
  54          0.105
  55          0.034
  56          0.068
  57          0.148
  58          0.142
  59          0.188
  60          0.260
  61          0.245
  62          0.221
  63          0.157
  64          0.132
  65          0.187
  66          0.162
  67          0.164
  68          0.144
  69          0.134
  70          0.195
  71          0.197
  72          0.190
  73          0.186
  74          0.175
  75          0.201
  76          0.211
  77          0.230
  78          0.279
  79          0.214
  80          0.261
  81          0.214
  82          0.155
  83          0.088
  84          0.036
  85          0.038
  86          0.133
  87          0.156
  88          0.197
  89          0.275
  90          0.234
  91          0.280
  92          0.177
  93          0.172
  94          0.151
  95          0.153
  96          0.181
  97          0.147
  98          0.157
  99          0.089
 100          0.150
 101          0.152
 102          0.095
 103          0.062
 104          0.083
 105          0.069
 106          0.082
 107          0.120
 108          0.162
 109          0.145
 110          0.167
 111          0.173
 112          0.158
 113          0.084
 114          0.070
 115          0.074
 116          0.123
 117          0.144
 118          0.126
 119          0.130
 120          0.143
 121          0.146
 122          0.154
 123          0.168
 124          0.170
 125          0.180
 126          0.168
 127          0.132
 128          0.094
 129          0.077
 130          0.098
 131          0.104
 132          0.073
 133          0.041
 134          0.048
 135          0.036
 136          0.024
 137          0.029
 138          0.045
 139          0.034
 140          0.101
 141          0.201
 142          0.159
 143          0.138
 144          0.141
 145          0.078
 146          0.047
 147          0.065
 148          0.075
 149          0.079
 150          0.108
 151          0.153
 152          0.245
 153          0.231
 154          0.147
 155          0.098
 156          0.065
 157          0.093
 158          0.032
 159          0.067
 160          0.069
 161          0.083
 162          0.100
 163          0.148
 164          0.066
 165          0.084
 166          0.111
 167          0.052
 168          0.066
 169          0.031
 170          0.031
 171          0.019
 172          0.052
 173          0.096
 174          0.109
 175          0.082
 176          0.107
 177          0.082
 178          0.072
 179          0.078
 180          0.098
 181          0.102
 182          0.095
 183          0.048
 184          0.042
 185          0.083
 186          0.072
 187          0.086
 188          0.082
 189          0.092
 190          0.097
 191          0.118
 192          0.140
 193          0.103
 194          0.132
 195          0.144
 196          0.122
 197          0.132
 198          0.123
 199          0.128
 200          0.103
 201          0.118
 202          0.122
 203          0.158
 204          0.146
 205          0.097
 206          0.105
 207          0.106
 208          0.109
 209          0.088
 210          0.113
 211          0.164
 212          0.165
 213          0.198
 214          0.192
 215          0.188
 216          0.138
 217          0.146
 218          0.125
 219          0.135
 220          0.131
 221          0.210
 222          0.201
 223          0.166
 224          0.153
 225          0.155
 226          0.115
 227          0.026
 228          0.066
 229          0.078
 230          0.120
 231          0.114
 232          0.037
 233          0.078
 234          0.104
 235          0.115
 236          0.133
 237          0.139
 238          0.232
 239          0.148
 240          0.174
 241          0.141
 242          0.170
 243          0.159
 244          0.171
 245          0.118
 246          0.118
 247          0.105
 248          0.132
 249          0.069
 250          0.053
 251          0.068
 252          0.056
 253          0.061
 254          0.069
 255          0.028
 256          0.058
 257          0.048
 258          0.041
 259          0.039
 260          0.031
 261          0.049
 262          0.071
 263          0.045
 264          0.045
 265          0.065
 266          0.056
 267          0.048
 268          0.056
 269          0.108
 270          0.182
 271          0.184
 272          0.185
 273          0.180
 274          0.123
 275          0.126
 276          0.088
 277          0.046
 278          0.048
 279          0.048
 280          0.075
 281          0.119
 282          0.221
 283          0.208
 284          0.189
 285          0.183
 286          0.157
 287          0.091
 288          0.077
 289          0.072
 290          0.074
 291          0.076
 292          0.083
 293          0.097
 294          0.073
 295          0.090
 296          0.219
 297          0.098
 298          0.117
 299          0.129
 300          0.128
 301          0.097
 302          0.095
 303          0.098
 304          0.129
 305          0.182
 306          0.170
 307          0.128
 308          0.130
 309          0.152
 310          0.142
 311          0.157
 312          0.097
 313          0.075
 314          0.107
 315          0.072
 316          0.076
 317          0.156
 318          0.153
 319          0.146
 320          0.182
 321          0.190
 322          0.234
 323          0.204
 324          0.207
 325          0.099
 326          0.131
 327          0.107
 328          0.126
 329          0.143
 330          0.114
 331          0.113
 332          0.048
 333          0.048
 334          0.049
 335          0.094
 336          0.097
 337          0.107
 338          0.116
 339          0.063
 340          0.038
 341          0.043
 342          0.122
 343          0.095
 344          0.095
 345          0.104
 346          0.093
 347          0.109
 348          0.033
 349          0.009
 350          0.031
 351          0.039
 352          0.040
 353          0.067
 354          0.096
 355          0.091
 356          0.086
 357          0.072
 358          0.067
 359          0.070
 360          0.103
 361          0.107
 362          0.112
 363          0.120
 364          0.099
 365          0.138
 366          0.096
 367          0.112
 368          0.033
 369          0.047
 370          0.029
 371          0.068
 372          0.076
 373          0.054
 374          0.061
 375          0.068
 376          0.070
 377          0.076
 378          0.121
 379          0.119
 380          0.097
 381          0.085
 382          0.094
 383          0.078
 384          0.079
 385          0.110
 386          0.107
 387          0.081
 388          0.094
 389          0.056
 390          0.064
 391          0.078
 392          0.104
 393          0.128
 394          0.184
 395          0.153
 396          0.088
 397          0.097
 398          0.075
 399          0.052
 400          0.057
 401          0.098
 402          0.093
 403          0.070
 404          0.077
 405          0.073
 406          0.058
 407          0.095
 408          0.081
 409          0.065
 410          0.106
 411          0.083
 412          0.096
 413          0.109
 414          0.169
 415          0.116
 416          0.075
 417          0.061
 418          0.053
 419          0.051
 420          0.044
 421          0.123
 422          0.160
 423          0.147
 424          0.077
 425          0.060
 426          0.081
 427          0.079
 428          0.077
 429          0.081
 430          0.084
 431          0.099
 432          0.184
 433          0.100
 434          0.115
 435          0.093
 436          0.091
 437          0.119
 438          0.202
 439          0.103
 440          0.111
 441          0.115
 442          0.095
 443          0.078
 444          0.053
 445          0.059
 446          0.043
 447          0.035
 448          0.053
 449          0.061
 450          0.045
 451          0.037
 452          0.064
 453          0.093
 454          0.036
 455          0.051
 456          0.055
 457          0.025
 458          0.029
 459          0.037
 460          0.059
 461          0.069
 462          0.029
 463          0.030
 464          0.056
 465          0.026
 466          0.031
 467          0.072
 468          0.083
 469          0.099
 470          0.042
 471          0.083
 472          0.073
 473          0.043
 474          0.047
 475          0.083
 476          0.143
 477          0.104
 478          0.095
 479          0.092
 480          0.066
 481          0.039
 482          0.055
 483          0.047
 484          0.029
 485          0.038
 486          0.035
 487          0.047

# Average distance: 0.112 nm
