# Atom index    Distance (nm)
   1          0.635
   2          0.222
   3          0.125
   4          0.057
   5          0.059
   6          0.041
   7          0.081
   8          0.058
   9          0.058
  10          0.069
  11          0.065
  12          0.083
  13          0.179
  14          0.152
  15          0.151
  16          0.128
  17          0.117
  18          0.082
  19          0.064
  20          0.047
  21          0.029
  22          0.050
  23          0.054
  24          0.056
  25          0.052
  26          0.024
  27          0.041
  28          0.058
  29          0.077
  30          0.043
  31          0.077
  32          0.119
  33          0.102
  34          0.100
  35          0.106
  36          0.076
  37          0.061
  38          0.064
  39          0.070
  40          0.086
  41          0.077
  42          0.041
  43          0.049
  44          0.033
  45          0.065
  46          0.078
  47          0.108
  48          0.182
  49          0.129
  50          0.146
  51          0.098
  52          0.018
  53          0.064
  54          0.064
  55          0.057
  56          0.054
  57          0.115
  58          0.075
  59          0.047
  60          0.020
  61          0.030
  62          0.055
  63          0.052
  64          0.063
  65          0.029
  66          0.049
  67          0.042
  68          0.099
  69          0.099
  70          0.094
  71          0.062
  72          0.049
  73          0.053
  74          0.060
  75          0.061
  76          0.067
  77          0.054
  78          0.115
  79          0.079
  80          0.027
  81          0.061
  82          0.063
  83          0.096
  84          0.041
  85          0.063
  86          0.070
  87          0.078
  88          0.110
  89          0.119
  90          0.072
  91          0.058
  92          0.076
  93          0.076
  94          0.108
  95          0.080
  96          0.061
  97          0.056
  98          0.023
  99          0.054
 100          0.053
 101          0.107
 102          0.130
 103          0.083
 104          0.089
 105          0.051
 106          0.057
 107          0.094
 108          0.203
 109          0.162
 110          0.171
 111          0.174
 112          0.161
 113          0.111
 114          0.103
 115          0.075
 116          0.103
 117          0.110
 118          0.117
 119          0.127
 120          0.103
 121          0.118
 122          0.081
 123          0.089
 124          0.055
 125          0.080
 126          0.079
 127          0.083
 128          0.121
 129          0.025
 130          0.060
 131          0.059
 132          0.114
 133          0.084
 134          0.068
 135          0.038
 136          0.032
 137          0.052
 138          0.061
 139          0.066
 140          0.064
 141          0.057
 142          0.101
 143          0.061
 144          0.054
 145          0.062
 146          0.057
 147          0.065
 148          0.067
 149          0.061
 150          0.134
 151          0.112
 152          0.189
 153          0.407
 154          0.345
 155          0.381
 156          0.164
 157          0.063
 158          0.023
 159          0.056
 160          0.113
 161          0.107
 162          0.097
 163          0.097
 164          0.111
 165          0.105
 166          0.106
 167          0.085
 168          0.076
 169          0.096
 170          0.101
 171          0.090
 172          0.096
 173          0.028
 174          0.102
 175          0.168
 176          0.203
 177          0.131
 178          0.091
 179          0.079
 180          0.088
 181          0.055
 182          0.064
 183          0.025
 184          0.047
 185          0.038
 186          0.091
 187          0.056
 188          0.033
 189          0.072
 190          0.057
 191          0.054
 192          0.106
 193          0.085
 194          0.061
 195          0.078
 196          0.102
 197          0.126
 198          0.141
 199          0.221
 200          0.119
 201          0.114
 202          0.071
 203          0.072
 204          0.052
 205          0.054
 206          0.088
 207          0.106
 208          0.110
 209          0.056
 210          0.068
 211          0.124
 212          0.109
 213          0.094
 214          0.054
 215          0.054
 216          0.081
 217          0.099
 218          0.097
 219          0.151
 220          0.178
 221          0.183
 222          0.135
 223          0.095
 224          0.099
 225          0.108
 226          0.064
 227          0.075
 228          0.091
 229          0.080
 230          0.065
 231          0.051
 232          0.052
 233          0.043
 234          0.077
 235          0.096
 236          0.109
 237          0.162
 238          0.215
 239          0.104
 240          0.304
 241          0.301
 242          0.325
 243          0.349
 244          0.357
 245          0.251
 246          0.155
 247          0.138
 248          0.097
 249          0.078
 250          0.085
 251          0.147
 252          0.072
 253          0.081
 254          0.079
 255          0.025
 256          0.017
 257          0.029
 258          0.050
 259          0.058
 260          0.049
 261          0.028
 262          0.067
 263          0.021
 264          0.063
 265          0.051
 266          0.074
 267          0.073
 268          0.052
 269          0.071
 270          0.137
 271          0.201
 272          0.166
 273          0.137
 274          0.069
 275          0.043
 276          0.059
 277          0.049
 278          0.035
 279          0.075
 280          0.098
 281          0.055
 282          0.069
 283          0.029
 284          0.030
 285          0.026
 286          0.025
 287          0.011
 288          0.031
 289          0.023
 290          0.024
 291          0.110
 292          0.144
 293          0.121
 294          0.101
 295          0.065
 296          0.105
 297          0.106
 298          0.063
 299          0.098
 300          0.089
 301          0.094
 302          0.088
 303          0.026
 304          0.091
 305          0.113
 306          0.115
 307          0.089
 308          0.092
 309          0.063
 310          0.065
 311          0.047
 312          0.074
 313          0.100
 314          0.090
 315          0.099
 316          0.067
 317          0.035
 318          0.037
 319          0.083
 320          0.191
 321          0.152
 322          0.203
 323          0.195
 324          0.196
 325          0.106
 326          0.112
 327          0.109
 328          0.064
 329          0.060
 330          0.068
 331          0.085
 332          0.057
 333          0.050
 334          0.038
 335          0.112
 336          0.073
 337          0.059
 338          0.052
 339          0.065
 340          0.077
 341          0.115
 342          0.067
 343          0.077
 344          0.107
 345          0.126
 346          0.116
 347          0.085
 348          0.050
 349          0.058
 350          0.066
 351          0.011
 352          0.048
 353          0.080
 354          0.028
 355          0.061
 356          0.024
 357          0.050
 358          0.054
 359          0.064
 360          0.080
 361          0.037
 362          0.074
 363          0.088
 364          0.043
 365          0.077
 366          0.053
 367          0.053
 368          0.059
 369          0.061
 370          0.037
 371          0.046
 372          0.060
 373          0.046
 374          0.058
 375          0.056
 376          0.044
 377          0.030
 378          0.059
 379          0.042
 380          0.045
 381          0.039
 382          0.045
 383          0.067
 384          0.069
 385          0.083
 386          0.072
 387          0.015
 388          0.052
 389          0.055
 390          0.061
 391          0.069
 392          0.084
 393          0.094
 394          0.119
 395          0.142
 396          0.098
 397          0.079
 398          0.061
 399          0.059
 400          0.076
 401          0.066
 402          0.110
 403          0.153
 404          0.110
 405          0.100
 406          0.086
 407          0.080
 408          0.011
 409          0.018
 410          0.102
 411          0.070
 412          0.087
 413          0.086
 414          0.250
 415          0.131
 416          0.018
 417          0.052
 418          0.073
 419          0.043
 420          0.069
 421          0.042
 422          0.050
 423          0.059
 424          0.070
 425          0.080
 426          0.075
 427          0.070
 428          0.056
 429          0.056
 430          0.056
 431          0.100
 432          0.094
 433          0.135
 434          0.127
 435          0.128
 436          0.067
 437          0.108
 438          0.093
 439          0.109
 440          0.133
 441          0.103
 442          0.103
 443          0.120
 444          0.062
 445          0.064
 446          0.063
 447          0.026
 448          0.038
 449          0.047
 450          0.060
 451          0.064
 452          0.050
 453          0.025
 454          0.055
 455          0.008
 456          0.050
 457          0.046
 458          0.047
 459          0.047
 460          0.036
 461          0.053
 462          0.062
 463          0.040
 464          0.059
 465          0.048
 466          0.076
 467          0.077
 468          0.166
 469          0.118
 470          0.103
 471          0.078
 472          0.043
 473          0.082
 474          0.078
 475          0.113
 476          0.088
 477          0.072
 478          0.052
 479          0.064
 480          0.058
 481          0.072
 482          0.036
 483          0.032
 484          0.067
 485          0.059
 486          0.040
 487          0.042

# Average distance: 0.085 nm
