# Atom index    Distance (nm)
   1          0.134
   2          0.094
   3          0.065
   4          0.081
   5          0.045
   6          0.044
   7          0.034
   8          0.058
   9          0.098
  10          0.075
  11          0.082
  12          0.050
  13          0.134
  14          0.142
  15          0.152
  16          0.039
  17          0.039
  18          0.053
  19          0.033
  20          0.060
  21          0.082
  22          0.118
  23          0.084
  24          0.084
  25          0.064
  26          0.036
  27          0.058
  28          0.071
  29          0.033
  30          0.064
  31          0.058
  32          0.057
  33          0.054
  34          0.026
  35          0.091
  36          0.102
  37          0.081
  38          0.041
  39          0.034
  40          0.057
  41          0.052
  42          0.040
  43          0.075
  44          0.196
  45          0.190
  46          0.316
  47          0.265
  48          0.282
  49          0.300
  50          0.260
  51          0.123
  52          0.115
  53          0.042
  54          0.042
  55          0.048
  56          0.041
  57          0.109
  58          0.099
  59          0.193
  60          0.108
  61          0.118
  62          0.032
  63          0.043
  64          0.057
  65          0.042
  66          0.065
  67          0.046
  68          0.118
  69          0.113
  70          0.074
  71          0.031
  72          0.076
  73          0.112
  74          0.059
  75          0.067
  76          0.029
  77          0.073
  78          0.057
  79          0.086
  80          0.119
  81          0.087
  82          0.049
  83          0.040
  84          0.034
  85          0.074
  86          0.051
  87          0.043
  88          0.050
  89          0.067
  90          0.036
  91          0.044
  92          0.070
  93          0.063
  94          0.006
  95          0.061
  96          0.038
  97          0.086
  98          0.064
  99          0.069
 100          0.085
 101          0.094
 102          0.060
 103          0.054
 104          0.077
 105          0.069
 106          0.057
 107          0.133
 108          0.087
 109          0.057
 110          0.057
 111          0.062
 112          0.069
 113          0.038
 114          0.034
 115          0.024
 116          0.046
 117          0.073
 118          0.087
 119          0.167
 120          0.081
 121          0.103
 122          0.126
 123          0.129
 124          0.079
 125          0.103
 126          0.111
 127          0.087
 128          0.139
 129          0.130
 130          0.163
 131          0.157
 132          0.174
 133          0.099
 134          0.104
 135          0.040
 136          0.038
 137          0.029
 138          0.052
 139          0.041
 140          0.055
 141          0.087
 142          0.090
 143          0.066
 144          0.056
 145          0.020
 146          0.037
 147          0.064
 148          0.081
 149          0.089
 150          0.159
 151          0.131
 152          0.162
 153          0.295
 154          0.287
 155          0.382
 156          0.213
 157          0.108
 158          0.097
 159          0.052
 160          0.132
 161          0.104
 162          0.128
 163          0.097
 164          0.036
 165          0.020
 166          0.055
 167          0.075
 168          0.075
 169          0.037
 170          0.034
 171          0.059
 172          0.040
 173          0.050
 174          0.043
 175          0.042
 176          0.093
 177          0.009
 178          0.049
 179          0.053
 180          0.054
 181          0.046
 182          0.033
 183          0.034
 184          0.046
 185          0.059
 186          0.102
 187          0.092
 188          0.069
 189          0.074
 190          0.083
 191          0.114
 192          0.085
 193          0.088
 194          0.051
 195          0.099
 196          0.103
 197          0.101
 198          0.095
 199          0.115
 200          0.122
 201          0.042
 202          0.087
 203          0.078
 204          0.082
 205          0.098
 206          0.054
 207          0.051
 208          0.027
 209          0.033
 210          0.028
 211          0.028
 212          0.039
 213          0.023
 214          0.012
 215          0.049
 216          0.034
 217          0.039
 218          0.037
 219          0.119
 220          0.199
 221          0.111
 222          0.206
 223          0.069
 224          0.014
 225          0.038
 226          0.022
 227          0.005
 228          0.050
 229          0.052
 230          0.016
 231          0.039
 232          0.012
 233          0.069
 234          0.081
 235          0.102
 236          0.051
 237          0.039
 238          0.194
 239          0.232
 240          0.248
 241          0.322
 242          0.171
 243          0.036
 244          0.076
 245          0.005
 246          0.049
 247          0.026
 248          0.022
 249          0.017
 250          0.041
 251          0.023
 252          0.098
 253          0.091
 254          0.066
 255          0.045
 256          0.055
 257          0.059
 258          0.054
 259          0.049
 260          0.042
 261          0.066
 262          0.080
 263          0.105
 264          0.095
 265          0.088
 266          0.074
 267          0.061
 268          0.070
 269          0.076
 270          0.095
 271          0.117
 272          0.193
 273          0.124
 274          0.138
 275          0.091
 276          0.043
 277          0.036
 278          0.129
 279          0.153
 280          0.183
 281          0.201
 282          0.105
 283          0.109
 284          0.116
 285          0.070
 286          0.030
 287          0.022
 288          0.025
 289          0.039
 290          0.050
 291          0.089
 292          0.106
 293          0.075
 294          0.099
 295          0.149
 296          0.199
 297          0.173
 298          0.051
 299          0.039
 300          0.069
 301          0.048
 302          0.051
 303          0.050
 304          0.032
 305          0.029
 306          0.034
 307          0.057
 308          0.027
 309          0.042
 310          0.062
 311          0.085
 312          0.119
 313          0.126
 314          0.159
 315          0.131
 316          0.118
 317          0.070
 318          0.084
 319          0.027
 320          0.037
 321          0.031
 322          0.061
 323          0.136
 324          0.141
 325          0.120
 326          0.124
 327          0.114
 328          0.057
 329          0.065
 330          0.036
 331          0.080
 332          0.078
 333          0.076
 334          0.009
 335          0.062
 336          0.078
 337          0.041
 338          0.012
 339          0.031
 340          0.058
 341          0.108
 342          0.045
 343          0.019
 344          0.014
 345          0.065
 346          0.041
 347          0.084
 348          0.069
 349          0.073
 350          0.092
 351          0.103
 352          0.145
 353          0.228
 354          0.113
 355          0.055
 356          0.075
 357          0.042
 358          0.047
 359          0.120
 360          0.112
 361          0.109
 362          0.164
 363          0.152
 364          0.164
 365          0.111
 366          0.096
 367          0.046
 368          0.040
 369          0.022
 370          0.009
 371          0.064
 372          0.087
 373          0.075
 374          0.058
 375          0.047
 376          0.077
 377          0.066
 378          0.045
 379          0.040
 380          0.044
 381          0.020
 382          0.040
 383          0.068
 384          0.110
 385          0.078
 386          0.086
 387          0.120
 388          0.066
 389          0.057
 390          0.030
 391          0.030
 392          0.100
 393          0.269
 394          0.120
 395          0.080
 396          0.059
 397          0.068
 398          0.063
 399          0.059
 400          0.089
 401          0.119
 402          0.073
 403          0.095
 404          0.042
 405          0.021
 406          0.022
 407          0.065
 408          0.039
 409          0.043
 410          0.060
 411          0.070
 412          0.084
 413          0.068
 414          0.037
 415          0.047
 416          0.065
 417          0.046
 418          0.085
 419          0.054
 420          0.066
 421          0.112
 422          0.073
 423          0.063
 424          0.079
 425          0.066
 426          0.075
 427          0.099
 428          0.096
 429          0.109
 430          0.091
 431          0.093
 432          0.150
 433          0.105
 434          0.115
 435          0.115
 436          0.093
 437          0.074
 438          0.109
 439          0.112
 440          0.088
 441          0.122
 442          0.085
 443          0.062
 444          0.078
 445          0.070
 446          0.089
 447          0.071
 448          0.088
 449          0.093
 450          0.098
 451          0.099
 452          0.112
 453          0.062
 454          0.073
 455          0.071
 456          0.059
 457          0.082
 458          0.087
 459          0.039
 460          0.142
 461          0.092
 462          0.117
 463          0.086
 464          0.088
 465          0.090
 466          0.140
 467          0.323
 468          0.465
 469          0.237
 470          0.082
 471          0.139
 472          0.056
 473          0.063
 474          0.084
 475          0.044
 476          0.240
 477          0.184
 478          0.110
 479          0.153
 480          0.146
 481          0.133
 482          0.146
 483          0.111
 484          0.130
 485          0.104
 486          0.090
 487          0.091

# Average distance: 0.084 nm
