# Atom index    Distance (nm)
   1          0.241
   2          0.161
   3          0.096
   4          0.129
   5          0.136
   6          0.157
   7          0.154
   8          0.136
   9          0.124
  10          0.113
  11          0.107
  12          0.130
  13          0.221
  14          0.242
  15          0.207
  16          0.176
  17          0.156
  18          0.165
  19          0.204
  20          0.193
  21          0.258
  22          0.175
  23          0.278
  24          0.255
  25          0.173
  26          0.249
  27          0.281
  28          0.250
  29          0.168
  30          0.260
  31          0.258
  32          0.341
  33          0.322
  34          0.242
  35          0.204
  36          0.269
  37          0.269
  38          0.179
  39          0.191
  40          0.128
  41          0.162
  42          0.137
  43          0.100
  44          0.052
  45          0.057
  46          0.136
  47          0.158
  48          0.372
  49          0.283
  50          0.156
  51          0.278
  52          0.095
  53          0.140
  54          0.081
  55          0.119
  56          0.142
  57          0.164
  58          0.176
  59          0.191
  60          0.171
  61          0.147
  62          0.139
  63          0.139
  64          0.174
  65          0.180
  66          0.183
  67          0.337
  68          0.448
  69          0.408
  70          0.211
  71          0.229
  72          0.189
  73          0.206
  74          0.176
  75          0.176
  76          0.118
  77          0.127
  78          0.089
  79          0.149
  80          0.092
  81          0.127
  82          0.161
  83          0.135
  84          0.146
  85          0.144
  86          0.104
  87          0.055
  88          0.142
  89          0.183
  90          0.159
  91          0.116
  92          0.055
  93          0.107
  94          0.103
  95          0.089
  96          0.060
  97          0.075
  98          0.120
  99          0.125
 100          0.152
 101          0.143
 102          0.185
 103          0.177
 104          0.164
 105          0.129
 106          0.080
 107          0.092
 108          0.215
 109          0.207
 110          0.234
 111          0.217
 112          0.204
 113          0.176
 114          0.171
 115          0.155
 116          0.214
 117          0.225
 118          0.257
 119          0.201
 120          0.219
 121          0.195
 122          0.089
 123          0.121
 124          0.102
 125          0.025
 126          0.071
 127          0.094
 128          0.040
 129          0.079
 130          0.068
 131          0.126
 132          0.162
 133          0.100
 134          0.111
 135          0.116
 136          0.102
 137          0.121
 138          0.064
 139          0.055
 140          0.117
 141          0.153
 142          0.141
 143          0.122
 144          0.131
 145          0.040
 146          0.081
 147          0.064
 148          0.096
 149          0.065
 150          0.073
 151          0.047
 152          0.055
 153          0.051
 154          0.040
 155          0.035
 156          0.023
 157          0.041
 158          0.059
 159          0.037
 160          0.080
 161          0.102
 162          0.128
 163          0.150
 164          0.140
 165          0.112
 166          0.166
 167          0.103
 168          0.091
 169          0.090
 170          0.071
 171          0.109
 172          0.117
 173          0.117
 174          0.105
 175          0.085
 176          0.100
 177          0.133
 178          0.102
 179          0.112
 180          0.087
 181          0.075
 182          0.126
 183          0.140
 184          0.121
 185          0.115
 186          0.096
 187          0.168
 188          0.120
 189          0.098
 190          0.080
 191          0.089
 192          0.085
 193          0.072
 194          0.051
 195          0.029
 196          0.049
 197          0.078
 198          0.160
 199          0.120
 200          0.088
 201          0.167
 202          0.060
 203          0.104
 204          0.056
 205          0.074
 206          0.101
 207          0.134
 208          0.113
 209          0.094
 210          0.133
 211          0.090
 212          0.150
 213          0.123
 214          0.113
 215          0.071
 216          0.049
 217          0.053
 218          0.124
 219          0.144
 220          0.171
 221          0.128
 222          0.103
 223          0.113
 224          0.089
 225          0.088
 226          0.055
 227          0.057
 228          0.030
 229          0.066
 230          0.114
 231          0.094
 232          0.083
 233          0.059
 234          0.067
 235          0.060
 236          0.077
 237          0.150
 238          0.172
 239          0.169
 240          0.169
 241          0.231
 242          0.163
 243          0.218
 244          0.183
 245          0.141
 246          0.073
 247          0.057
 248          0.084
 249          0.075
 250          0.094
 251          0.075
 252          0.106
 253          0.125
 254          0.108
 255          0.104
 256          0.079
 257          0.066
 258          0.019
 259          0.083
 260          0.086
 261          0.140
 262          0.152
 263          0.192
 264          0.173
 265          0.144
 266          0.105
 267          0.105
 268          0.103
 269          0.178
 270          0.094
 271          0.233
 272          0.385
 273          0.329
 274          0.205
 275          0.122
 276          0.120
 277          0.111
 278          0.137
 279          0.091
 280          0.167
 281          0.077
 282          0.055
 283          0.063
 284          0.074
 285          0.090
 286          0.060
 287          0.051
 288          0.051
 289          0.074
 290          0.128
 291          0.089
 292          0.160
 293          0.257
 294          0.281
 295          0.319
 296          0.252
 297          0.186
 298          0.173
 299          0.138
 300          0.134
 301          0.121
 302          0.102
 303          0.141
 304          0.128
 305          0.122
 306          0.175
 307          0.213
 308          0.218
 309          0.173
 310          0.180
 311          0.190
 312          0.187
 313          0.307
 314          0.319
 315          0.217
 316          0.206
 317          0.136
 318          0.178
 319          0.230
 320          0.202
 321          0.201
 322          0.174
 323          0.170
 324          0.162
 325          0.148
 326          0.193
 327          0.185
 328          0.188
 329          0.170
 330          0.146
 331          0.118
 332          0.101
 333          0.083
 334          0.067
 335          0.053
 336          0.079
 337          0.020
 338          0.062
 339          0.048
 340          0.025
 341          0.051
 342          0.077
 343          0.138
 344          0.193
 345          0.203
 346          0.152
 347          0.147
 348          0.107
 349          0.088
 350          0.089
 351          0.119
 352          0.174
 353          0.236
 354          0.259
 355          0.154
 356          0.150
 357          0.099
 358          0.070
 359          0.118
 360          0.169
 361          0.182
 362          0.156
 363          0.214
 364          0.163
 365          0.131
 366          0.129
 367          0.071
 368          0.024
 369          0.032
 370          0.020
 371          0.015
 372          0.020
 373          0.022
 374          0.064
 375          0.037
 376          0.103
 377          0.110
 378          0.153
 379          0.103
 380          0.105
 381          0.092
 382          0.072
 383          0.099
 384          0.097
 385          0.151
 386          0.118
 387          0.124
 388          0.099
 389          0.108
 390          0.103
 391          0.060
 392          0.087
 393          0.088
 394          0.076
 395          0.098
 396          0.092
 397          0.080
 398          0.094
 399          0.105
 400          0.120
 401          0.176
 402          0.182
 403          0.154
 404          0.142
 405          0.135
 406          0.105
 407          0.114
 408          0.092
 409          0.102
 410          0.107
 411          0.089
 412          0.069
 413          0.047
 414          0.059
 415          0.060
 416          0.048
 417          0.064
 418          0.096
 419          0.164
 420          0.126
 421          0.092
 422          0.077
 423          0.071
 424          0.134
 425          0.129
 426          0.162
 427          0.099
 428          0.129
 429          0.106
 430          0.119
 431          0.211
 432          0.151
 433          0.126
 434          0.098
 435          0.103
 436          0.095
 437          0.056
 438          0.072
 439          0.150
 440          0.178
 441          0.151
 442          0.137
 443          0.141
 444          0.083
 445          0.086
 446          0.068
 447          0.064
 448          0.082
 449          0.114
 450          0.153
 451          0.158
 452          0.173
 453          0.091
 454          0.154
 455          0.092
 456          0.071
 457          0.062
 458          0.069
 459          0.144
 460          0.241
 461          0.234
 462          0.089
 463          0.068
 464          0.051
 465          0.030
 466          0.129
 467          0.439
 468          0.658
 469          0.408
 470          0.218
 471          0.146
 472          0.116
 473          0.067
 474          0.068
 475          0.065
 476          0.118
 477          0.185
 478          0.200
 479          0.146
 480          0.202
 481          0.251
 482          0.223
 483          0.125
 484          0.147
 485          0.118
 486          0.149
 487          0.152

# Average distance: 0.134 nm
