# Atom index    Distance (nm)
   1          0.302
   2          0.112
   3          0.050
   4          0.082
   5          0.063
   6          0.035
   7          0.050
   8          0.039
   9          0.113
  10          0.090
  11          0.031
  12          0.053
  13          0.063
  14          0.041
  15          0.034
  16          0.043
  17          0.098
  18          0.100
  19          0.102
  20          0.099
  21          0.165
  22          0.133
  23          0.103
  24          0.105
  25          0.101
  26          0.091
  27          0.082
  28          0.068
  29          0.098
  30          0.098
  31          0.084
  32          0.078
  33          0.053
  34          0.067
  35          0.136
  36          0.123
  37          0.096
  38          0.078
  39          0.076
  40          0.065
  41          0.065
  42          0.094
  43          0.086
  44          0.048
  45          0.091
  46          0.077
  47          0.095
  48          0.166
  49          0.120
  50          0.093
  51          0.095
  52          0.103
  53          0.079
  54          0.063
  55          0.058
  56          0.036
  57          0.098
  58          0.141
  59          0.098
  60          0.097
  61          0.080
  62          0.068
  63          0.039
  64          0.028
  65          0.116
  66          0.100
  67          0.106
  68          0.119
  69          0.107
  70          0.099
  71          0.095
  72          0.068
  73          0.077
  74          0.082
  75          0.151
  76          0.116
  77          0.116
  78          0.071
  79          0.033
  80          0.050
  81          0.073
  82          0.059
  83          0.017
  84          0.032
  85          0.016
  86          0.029
  87          0.058
  88          0.064
  89          0.090
  90          0.036
  91          0.067
  92          0.120
  93          0.125
  94          0.061
  95          0.057
  96          0.038
  97          0.052
  98          0.055
  99          0.063
 100          0.075
 101          0.079
 102          0.089
 103          0.105
 104          0.080
 105          0.071
 106          0.072
 107          0.052
 108          0.071
 109          0.075
 110          0.064
 111          0.073
 112          0.060
 113          0.083
 114          0.103
 115          0.099
 116          0.114
 117          0.078
 118          0.084
 119          0.064
 120          0.045
 121          0.094
 122          0.086
 123          0.092
 124          0.041
 125          0.038
 126          0.051
 127          0.031
 128          0.033
 129          0.044
 130          0.026
 131          0.038
 132          0.067
 133          0.068
 134          0.066
 135          0.024
 136          0.050
 137          0.037
 138          0.057
 139          0.030
 140          0.050
 141          0.146
 142          0.110
 143          0.118
 144          0.157
 145          0.110
 146          0.121
 147          0.121
 148          0.067
 149          0.066
 150          0.037
 151          0.062
 152          0.051
 153          0.085
 154          0.058
 155          0.043
 156          0.075
 157          0.067
 158          0.055
 159          0.048
 160          0.080
 161          0.137
 162          0.123
 163          0.100
 164          0.099
 165          0.038
 166          0.046
 167          0.039
 168          0.058
 169          0.046
 170          0.036
 171          0.025
 172          0.047
 173          0.050
 174          0.059
 175          0.064
 176          0.071
 177          0.081
 178          0.104
 179          0.085
 180          0.048
 181          0.086
 182          0.035
 183          0.035
 184          0.024
 185          0.082
 186          0.102
 187          0.102
 188          0.100
 189          0.086
 190          0.106
 191          0.127
 192          0.156
 193          0.162
 194          0.168
 195          0.160
 196          0.098
 197          0.097
 198          0.067
 199          0.057
 200          0.047
 201          0.049
 202          0.087
 203          0.116
 204          0.095
 205          0.101
 206          0.098
 207          0.090
 208          0.044
 209          0.026
 210          0.054
 211          0.057
 212          0.127
 213          0.076
 214          0.044
 215          0.042
 216          0.037
 217          0.049
 218          0.069
 219          0.082
 220          0.108
 221          0.116
 222          0.091
 223          0.052
 224          0.120
 225          0.076
 226          0.123
 227          0.112
 228          0.078
 229          0.040
 230          0.036
 231          0.051
 232          0.068
 233          0.057
 234          0.072
 235          0.077
 236          0.068
 237          0.151
 238          0.159
 239          0.159
 240          0.234
 241          0.210
 242          0.122
 243          0.176
 244          0.174
 245          0.058
 246          0.064
 247          0.050
 248          0.019
 249          0.009
 250          0.012
 251          0.025
 252          0.027
 253          0.043
 254          0.074
 255          0.043
 256          0.067
 257          0.035
 258          0.035
 259          0.015
 260          0.029
 261          0.023
 262          0.109
 263          0.085
 264          0.053
 265          0.024
 266          0.023
 267          0.067
 268          0.072
 269          0.076
 270          0.078
 271          0.113
 272          0.106
 273          0.100
 274          0.100
 275          0.071
 276          0.081
 277          0.026
 278          0.042
 279          0.019
 280          0.030
 281          0.035
 282          0.040
 283          0.040
 284          0.037
 285          0.047
 286          0.042
 287          0.034
 288          0.051
 289          0.039
 290          0.015
 291          0.051
 292          0.016
 293          0.060
 294          0.145
 295          0.185
 296          0.130
 297          0.114
 298          0.081
 299          0.090
 300          0.094
 301          0.065
 302          0.031
 303          0.047
 304          0.059
 305          0.064
 306          0.097
 307          0.083
 308          0.125
 309          0.117
 310          0.096
 311          0.065
 312          0.172
 313          0.249
 314          0.277
 315          0.346
 316          0.145
 317          0.102
 318          0.097
 319          0.098
 320          0.138
 321          0.143
 322          0.142
 323          0.191
 324          0.178
 325          0.169
 326          0.172
 327          0.171
 328          0.134
 329          0.062
 330          0.030
 331          0.036
 332          0.073
 333          0.066
 334          0.094
 335          0.085
 336          0.075
 337          0.042
 338          0.037
 339          0.072
 340          0.067
 341          0.070
 342          0.060
 343          0.017
 344          0.033
 345          0.107
 346          0.111
 347          0.095
 348          0.106
 349          0.137
 350          0.137
 351          0.097
 352          0.103
 353          0.110
 354          0.136
 355          0.159
 356          0.151
 357          0.137
 358          0.094
 359          0.124
 360          0.066
 361          0.087
 362          0.129
 363          0.149
 364          0.124
 365          0.108
 366          0.139
 367          0.126
 368          0.048
 369          0.024
 370          0.056
 371          0.073
 372          0.038
 373          0.020
 374          0.034
 375          0.061
 376          0.075
 377          0.085
 378          0.077
 379          0.086
 380          0.075
 381          0.075
 382          0.093
 383          0.092
 384          0.055
 385          0.058
 386          0.076
 387          0.084
 388          0.082
 389          0.054
 390          0.044
 391          0.041
 392          0.068
 393          0.067
 394          0.067
 395          0.164
 396          0.066
 397          0.053
 398          0.038
 399          0.046
 400          0.049
 401          0.034
 402          0.080
 403          0.090
 404          0.026
 405          0.072
 406          0.058
 407          0.094
 408          0.087
 409          0.083
 410          0.056
 411          0.037
 412          0.090
 413          0.079
 414          0.056
 415          0.036
 416          0.025
 417          0.018
 418          0.025
 419          0.058
 420          0.075
 421          0.063
 422          0.097
 423          0.131
 424          0.126
 425          0.148
 426          0.088
 427          0.069
 428          0.048
 429          0.044
 430          0.187
 431          0.163
 432          0.061
 433          0.081
 434          0.046
 435          0.057
 436          0.055
 437          0.085
 438          0.100
 439          0.106
 440          0.191
 441          0.247
 442          0.210
 443          0.207
 444          0.082
 445          0.055
 446          0.069
 447          0.093
 448          0.071
 449          0.106
 450          0.085
 451          0.085
 452          0.103
 453          0.101
 454          0.105
 455          0.061
 456          0.064
 457          0.040
 458          0.031
 459          0.119
 460          0.130
 461          0.146
 462          0.056
 463          0.065
 464          0.070
 465          0.139
 466          0.087
 467          0.119
 468          0.049
 469          0.041
 470          0.075
 471          0.046
 472          0.054
 473          0.077
 474          0.106
 475          0.187
 476          0.089
 477          0.023
 478          0.052
 479          0.071
 480          0.093
 481          0.046
 482          0.065
 483          0.071
 484          0.048
 485          0.086
 486          0.084
 487          0.091

# Average distance: 0.082 nm
