# Atom index    Distance (nm)
   1          0.123
   2          0.091
   3          0.040
   4          0.026
   5          0.047
   6          0.050
   7          0.055
   8          0.075
   9          0.050
  10          0.072
  11          0.070
  12          0.075
  13          0.068
  14          0.115
  15          0.073
  16          0.077
  17          0.063
  18          0.058
  19          0.091
  20          0.067
  21          0.086
  22          0.106
  23          0.170
  24          0.092
  25          0.078
  26          0.096
  27          0.061
  28          0.056
  29          0.095
  30          0.147
  31          0.061
  32          0.073
  33          0.105
  34          0.113
  35          0.051
  36          0.039
  37          0.065
  38          0.030
  39          0.034
  40          0.054
  41          0.080
  42          0.111
  43          0.089
  44          0.119
  45          0.151
  46          0.178
  47          0.168
  48          0.225
  49          0.216
  50          0.234
  51          0.174
  52          0.154
  53          0.077
  54          0.111
  55          0.103
  56          0.091
  57          0.086
  58          0.058
  59          0.050
  60          0.103
  61          0.134
  62          0.104
  63          0.108
  64          0.095
  65          0.097
  66          0.130
  67          0.168
  68          0.168
  69          0.156
  70          0.168
  71          0.101
  72          0.144
  73          0.062
  74          0.053
  75          0.068
  76          0.091
  77          0.081
  78          0.062
  79          0.055
  80          0.111
  81          0.088
  82          0.103
  83          0.120
  84          0.102
  85          0.093
  86          0.139
  87          0.143
  88          0.122
  89          0.157
  90          0.165
  91          0.146
  92          0.123
  93          0.128
  94          0.107
  95          0.092
  96          0.097
  97          0.122
  98          0.095
  99          0.079
 100          0.118
 101          0.086
 102          0.095
 103          0.131
 104          0.087
 105          0.105
 106          0.128
 107          0.078
 108          0.089
 109          0.083
 110          0.098
 111          0.131
 112          0.044
 113          0.079
 114          0.141
 115          0.111
 116          0.105
 117          0.079
 118          0.102
 119          0.129
 120          0.116
 121          0.097
 122          0.143
 123          0.124
 124          0.102
 125          0.107
 126          0.075
 127          0.091
 128          0.095
 129          0.132
 130          0.053
 131          0.106
 132          0.101
 133          0.092
 134          0.088
 135          0.074
 136          0.075
 137          0.060
 138          0.079
 139          0.089
 140          0.131
 141          0.133
 142          0.110
 143          0.129
 144          0.129
 145          0.136
 146          0.120
 147          0.090
 148          0.070
 149          0.047
 150          0.013
 151          0.079
 152          0.094
 153          0.105
 154          0.093
 155          0.147
 156          0.143
 157          0.104
 158          0.133
 159          0.131
 160          0.128
 161          0.150
 162          0.179
 163          0.142
 164          0.064
 165          0.045
 166          0.066
 167          0.040
 168          0.044
 169          0.054
 170          0.044
 171          0.059
 172          0.056
 173          0.068
 174          0.075
 175          0.091
 176          0.083
 177          0.093
 178          0.142
 179          0.132
 180          0.075
 181          0.098
 182          0.118
 183          0.066
 184          0.066
 185          0.098
 186          0.059
 187          0.084
 188          0.082
 189          0.061
 190          0.044
 191          0.060
 192          0.066
 193          0.084
 194          0.145
 195          0.148
 196          0.126
 197          0.117
 198          0.089
 199          0.150
 200          0.146
 201          0.085
 202          0.110
 203          0.090
 204          0.087
 205          0.080
 206          0.094
 207          0.070
 208          0.045
 209          0.052
 210          0.055
 211          0.037
 212          0.057
 213          0.059
 214          0.055
 215          0.049
 216          0.051
 217          0.051
 218          0.092
 219          0.072
 220          0.101
 221          0.129
 222          0.120
 223          0.084
 224          0.053
 225          0.123
 226          0.160
 227          0.155
 228          0.138
 229          0.200
 230          0.113
 231          0.083
 232          0.112
 233          0.138
 234          0.117
 235          0.117
 236          0.118
 237          0.113
 238          0.175
 239          0.297
 240          0.085
 241          0.102
 242          0.082
 243          0.095
 244          0.097
 245          0.108
 246          0.083
 247          0.109
 248          0.079
 249          0.066
 250          0.103
 251          0.071
 252          0.117
 253          0.093
 254          0.080
 255          0.077
 256          0.056
 257          0.040
 258          0.048
 259          0.057
 260          0.082
 261          0.074
 262          0.083
 263          0.117
 264          0.182
 265          0.122
 266          0.081
 267          0.081
 268          0.083
 269          0.096
 270          0.125
 271          0.110
 272          0.136
 273          0.070
 274          0.116
 275          0.132
 276          0.152
 277          0.117
 278          0.156
 279          0.210
 280          0.231
 281          0.138
 282          0.137
 283          0.091
 284          0.014
 285          0.097
 286          0.033
 287          0.019
 288          0.051
 289          0.061
 290          0.050
 291          0.052
 292          0.077
 293          0.097
 294          0.076
 295          0.146
 296          0.161
 297          0.139
 298          0.116
 299          0.094
 300          0.084
 301          0.054
 302          0.056
 303          0.080
 304          0.068
 305          0.038
 306          0.096
 307          0.100
 308          0.126
 309          0.124
 310          0.122
 311          0.155
 312          0.209
 313          0.302
 314          0.280
 315          0.214
 316          0.174
 317          0.123
 318          0.121
 319          0.107
 320          0.092
 321          0.105
 322          0.123
 323          0.084
 324          0.100
 325          0.079
 326          0.075
 327          0.085
 328          0.098
 329          0.141
 330          0.113
 331          0.088
 332          0.045
 333          0.069
 334          0.109
 335          0.130
 336          0.121
 337          0.098
 338          0.111
 339          0.055
 340          0.105
 341          0.101
 342          0.139
 343          0.202
 344          0.205
 345          0.128
 346          0.159
 347          0.094
 348          0.112
 349          0.084
 350          0.120
 351          0.153
 352          0.169
 353          0.167
 354          0.152
 355          0.184
 356          0.199
 357          0.169
 358          0.175
 359          0.168
 360          0.169
 361          0.193
 362          0.204
 363          0.208
 364          0.071
 365          0.157
 366          0.077
 367          0.067
 368          0.085
 369          0.102
 370          0.090
 371          0.108
 372          0.045
 373          0.089
 374          0.076
 375          0.068
 376          0.075
 377          0.082
 378          0.085
 379          0.060
 380          0.066
 381          0.043
 382          0.038
 383          0.118
 384          0.050
 385          0.037
 386          0.018
 387          0.022
 388          0.069
 389          0.056
 390          0.094
 391          0.098
 392          0.050
 393          0.096
 394          0.123
 395          0.075
 396          0.056
 397          0.057
 398          0.050
 399          0.031
 400          0.018
 401          0.018
 402          0.027
 403          0.075
 404          0.097
 405          0.136
 406          0.080
 407          0.067
 408          0.064
 409          0.090
 410          0.126
 411          0.106
 412          0.090
 413          0.092
 414          0.082
 415          0.108
 416          0.085
 417          0.069
 418          0.081
 419          0.061
 420          0.061
 421          0.085
 422          0.149
 423          0.097
 424          0.087
 425          0.085
 426          0.033
 427          0.041
 428          0.069
 429          0.080
 430          0.049
 431          0.095
 432          0.136
 433          0.119
 434          0.080
 435          0.055
 436          0.065
 437          0.074
 438          0.101
 439          0.076
 440          0.090
 441          0.236
 442          0.146
 443          0.080
 444          0.084
 445          0.073
 446          0.067
 447          0.014
 448          0.036
 449          0.028
 450          0.038
 451          0.078
 452          0.111
 453          0.101
 454          0.048
 455          0.031
 456          0.028
 457          0.019
 458          0.054
 459          0.094
 460          0.324
 461          0.091
 462          0.099
 463          0.058
 464          0.035
 465          0.114
 466          0.151
 467          0.132
 468          0.085
 469          0.098
 470          0.026
 471          0.037
 472          0.039
 473          0.089
 474          0.067
 475          0.048
 476          0.060
 477          0.121
 478          0.109
 479          0.087
 480          0.127
 481          0.187
 482          0.136
 483          0.041
 484          0.039
 485          0.052
 486          0.098
 487          0.077

# Average distance: 0.098 nm
