# Atom index    Distance (nm)
   1          0.044
   2          0.148
   3          0.066
   4          0.069
   5          0.082
   6          0.083
   7          0.025
   8          0.025
   9          0.022
  10          0.028
  11          0.092
  12          0.081
  13          0.112
  14          0.083
  15          0.079
  16          0.071
  17          0.047
  18          0.024
  19          0.009
  20          0.016
  21          0.109
  22          0.085
  23          0.090
  24          0.116
  25          0.058
  26          0.082
  27          0.129
  28          0.080
  29          0.036
  30          0.079
  31          0.075
  32          0.055
  33          0.071
  34          0.094
  35          0.085
  36          0.055
  37          0.058
  38          0.038
  39          0.081
  40          0.041
  41          0.104
  42          0.112
  43          0.063
  44          0.074
  45          0.059
  46          0.121
  47          0.086
  48          0.203
  49          0.276
  50          0.291
  51          0.410
  52          0.420
  53          0.198
  54          0.089
  55          0.079
  56          0.081
  57          0.067
  58          0.062
  59          0.082
  60          0.077
  61          0.054
  62          0.029
  63          0.027
  64          0.033
  65          0.052
  66          0.102
  67          0.097
  68          0.079
  69          0.053
  70          0.024
  71          0.093
  72          0.077
  73          0.054
  74          0.028
  75          0.040
  76          0.028
  77          0.033
  78          0.053
  79          0.077
  80          0.117
  81          0.113
  82          0.069
  83          0.032
  84          0.021
  85          0.089
  86          0.106
  87          0.076
  88          0.037
  89          0.060
  90          0.054
  91          0.033
  92          0.041
  93          0.037
  94          0.029
  95          0.021
  96          0.050
  97          0.008
  98          0.018
  99          0.029
 100          0.102
 101          0.093
 102          0.054
 103          0.049
 104          0.021
 105          0.023
 106          0.040
 107          0.070
 108          0.100
 109          0.142
 110          0.165
 111          0.143
 112          0.111
 113          0.137
 114          0.091
 115          0.050
 116          0.054
 117          0.033
 118          0.040
 119          0.041
 120          0.047
 121          0.026
 122          0.062
 123          0.100
 124          0.064
 125          0.059
 126          0.074
 127          0.092
 128          0.108
 129          0.072
 130          0.087
 131          0.069
 132          0.059
 133          0.067
 134          0.054
 135          0.037
 136          0.029
 137          0.027
 138          0.029
 139          0.028
 140          0.069
 141          0.108
 142          0.020
 143          0.069
 144          0.078
 145          0.073
 146          0.059
 147          0.025
 148          0.028
 149          0.027
 150          0.026
 151          0.138
 152          0.168
 153          0.175
 154          0.143
 155          0.070
 156          0.059
 157          0.052
 158          0.082
 159          0.083
 160          0.106
 161          0.060
 162          0.081
 163          0.139
 164          0.126
 165          0.062
 166          0.054
 167          0.054
 168          0.035
 169          0.037
 170          0.016
 171          0.049
 172          0.050
 173          0.054
 174          0.100
 175          0.101
 176          0.093
 177          0.081
 178          0.027
 179          0.022
 180          0.021
 181          0.012
 182          0.060
 183          0.061
 184          0.017
 185          0.056
 186          0.085
 187          0.022
 188          0.020
 189          0.021
 190          0.021
 191          0.039
 192          0.030
 193          0.041
 194          0.088
 195          0.064
 196          0.064
 197          0.049
 198          0.040
 199          0.037
 200          0.044
 201          0.043
 202          0.050
 203          0.060
 204          0.063
 205          0.047
 206          0.052
 207          0.070
 208          0.040
 209          0.080
 210          0.084
 211          0.090
 212          0.052
 213          0.061
 214          0.071
 215          0.092
 216          0.097
 217          0.070
 218          0.080
 219          0.134
 220          0.102
 221          0.081
 222          0.069
 223          0.062
 224          0.083
 225          0.059
 226          0.093
 227          0.122
 228          0.161
 229          0.187
 230          0.258
 231          0.189
 232          0.110
 233          0.078
 234          0.055
 235          0.033
 236          0.020
 237          0.030
 238          0.185
 239          0.160
 240          0.204
 241          0.103
 242          0.028
 243          0.116
 244          0.087
 245          0.097
 246          0.074
 247          0.092
 248          0.073
 249          0.038
 250          0.055
 251          0.063
 252          0.032
 253          0.055
 254          0.062
 255          0.037
 256          0.046
 257          0.026
 258          0.051
 259          0.077
 260          0.086
 261          0.052
 262          0.056
 263          0.056
 264          0.072
 265          0.077
 266          0.083
 267          0.030
 268          0.032
 269          0.037
 270          0.056
 271          0.059
 272          0.081
 273          0.087
 274          0.049
 275          0.069
 276          0.046
 277          0.058
 278          0.092
 279          0.081
 280          0.114
 281          0.119
 282          0.067
 283          0.060
 284          0.046
 285          0.024
 286          0.024
 287          0.024
 288          0.052
 289          0.025
 290          0.014
 291          0.062
 292          0.044
 293          0.082
 294          0.091
 295          0.150
 296          0.087
 297          0.077
 298          0.045
 299          0.052
 300          0.073
 301          0.063
 302          0.028
 303          0.060
 304          0.102
 305          0.093
 306          0.019
 307          0.012
 308          0.048
 309          0.056
 310          0.061
 311          0.017
 312          0.042
 313          0.038
 314          0.082
 315          0.071
 316          0.058
 317          0.067
 318          0.066
 319          0.080
 320          0.087
 321          0.031
 322          0.013
 323          0.030
 324          0.074
 325          0.088
 326          0.130
 327          0.111
 328          0.083
 329          0.070
 330          0.029
 331          0.019
 332          0.016
 333          0.013
 334          0.025
 335          0.053
 336          0.051
 337          0.069
 338          0.072
 339          0.111
 340          0.086
 341          0.047
 342          0.042
 343          0.012
 344          0.019
 345          0.065
 346          0.060
 347          0.035
 348          0.026
 349          0.048
 350          0.049
 351          0.062
 352          0.096
 353          0.087
 354          0.047
 355          0.050
 356          0.021
 357          0.037
 358          0.056
 359          0.069
 360          0.178
 361          0.176
 362          0.170
 363          0.147
 364          0.031
 365          0.039
 366          0.146
 367          0.076
 368          0.036
 369          0.037
 370          0.034
 371          0.079
 372          0.067
 373          0.041
 374          0.034
 375          0.035
 376          0.030
 377          0.069
 378          0.091
 379          0.069
 380          0.038
 381          0.033
 382          0.040
 383          0.046
 384          0.074
 385          0.062
 386          0.074
 387          0.071
 388          0.049
 389          0.053
 390          0.128
 391          0.120
 392          0.087
 393          0.174
 394          0.099
 395          0.113
 396          0.101
 397          0.077
 398          0.082
 399          0.084
 400          0.035
 401          0.041
 402          0.045
 403          0.032
 404          0.110
 405          0.073
 406          0.067
 407          0.056
 408          0.050
 409          0.036
 410          0.072
 411          0.123
 412          0.120
 413          0.083
 414          0.073
 415          0.076
 416          0.105
 417          0.101
 418          0.104
 419          0.049
 420          0.023
 421          0.091
 422          0.189
 423          0.208
 424          0.136
 425          0.154
 426          0.077
 427          0.055
 428          0.066
 429          0.056
 430          0.089
 431          0.129
 432          0.129
 433          0.067
 434          0.024
 435          0.044
 436          0.060
 437          0.085
 438          0.132
 439          0.153
 440          0.153
 441          0.156
 442          0.144
 443          0.059
 444          0.102
 445          0.136
 446          0.146
 447          0.089
 448          0.100
 449          0.062
 450          0.075
 451          0.022
 452          0.025
 453          0.050
 454          0.045
 455          0.037
 456          0.026
 457          0.024
 458          0.091
 459          0.100
 460          0.121
 461          0.135
 462          0.101
 463          0.044
 464          0.023
 465          0.028
 466          0.055
 467          0.058
 468          0.148
 469          0.134
 470          0.086
 471          0.067
 472          0.059
 473          0.025
 474          0.092
 475          0.084
 476          0.082
 477          0.069
 478          0.099
 479          0.108
 480          0.119
 481          0.173
 482          0.118
 483          0.032
 484          0.026
 485          0.045
 486          0.059
 487          0.073

# Average distance: 0.073 nm
