# Atom index    Distance (nm)
   1          0.284
   2          0.257
   3          0.138
   4          0.077
   5          0.036
   6          0.060
   7          0.083
   8          0.085
   9          0.070
  10          0.064
  11          0.106
  12          0.105
  13          0.278
  14          0.123
  15          0.178
  16          0.114
  17          0.134
  18          0.116
  19          0.124
  20          0.092
  21          0.127
  22          0.255
  23          0.168
  24          0.119
  25          0.078
  26          0.106
  27          0.114
  28          0.123
  29          0.173
  30          0.154
  31          0.201
  32          0.261
  33          0.241
  34          0.209
  35          0.246
  36          0.229
  37          0.220
  38          0.117
  39          0.041
  40          0.055
  41          0.059
  42          0.062
  43          0.085
  44          0.122
  45          0.234
  46          0.221
  47          0.229
  48          0.223
  49          0.394
  50          0.436
  51          0.339
  52          0.243
  53          0.182
  54          0.121
  55          0.088
  56          0.071
  57          0.104
  58          0.126
  59          0.155
  60          0.164
  61          0.169
  62          0.163
  63          0.153
  64          0.166
  65          0.202
  66          0.203
  67          0.229
  68          0.242
  69          0.256
  70          0.249
  71          0.240
  72          0.220
  73          0.254
  74          0.187
  75          0.105
  76          0.168
  77          0.199
  78          0.147
  79          0.149
  80          0.133
  81          0.139
  82          0.184
  83          0.151
  84          0.140
  85          0.126
  86          0.127
  87          0.120
  88          0.124
  89          0.128
  90          0.121
  91          0.133
  92          0.139
  93          0.092
  94          0.095
  95          0.088
  96          0.085
  97          0.096
  98          0.094
  99          0.191
 100          0.229
 101          0.193
 102          0.205
 103          0.190
 104          0.193
 105          0.184
 106          0.178
 107          0.207
 108          0.105
 109          0.566
 110          0.626
 111          0.377
 112          0.295
 113          0.202
 114          0.195
 115          0.221
 116          0.247
 117          0.193
 118          0.301
 119          0.301
 120          0.220
 121          0.216
 122          0.174
 123          0.065
 124          0.106
 125          0.093
 126          0.098
 127          0.098
 128          0.059
 129          0.076
 130          0.064
 131          0.078
 132          0.082
 133          0.066
 134          0.065
 135          0.102
 136          0.132
 137          0.204
 138          0.161
 139          0.124
 140          0.079
 141          0.060
 142          0.039
 143          0.015
 144          0.077
 145          0.065
 146          0.097
 147          0.094
 148          0.106
 149          0.103
 150          0.055
 151          0.060
 152          0.063
 153          0.085
 154          0.089
 155          0.057
 156          0.066
 157          0.039
 158          0.111
 159          0.108
 160          0.091
 161          0.102
 162          0.099
 163          0.143
 164          0.133
 165          0.119
 166          0.113
 167          0.104
 168          0.062
 169          0.065
 170          0.056
 171          0.099
 172          0.127
 173          0.127
 174          0.088
 175          0.108
 176          0.114
 177          0.177
 178          0.118
 179          0.070
 180          0.066
 181          0.056
 182          0.094
 183          0.096
 184          0.122
 185          0.140
 186          0.141
 187          0.117
 188          0.073
 189          0.067
 190          0.043
 191          0.044
 192          0.109
 193          0.104
 194          0.081
 195          0.041
 196          0.051
 197          0.093
 198          0.093
 199          0.081
 200          0.114
 201          0.139
 202          0.069
 203          0.060
 204          0.048
 205          0.064
 206          0.089
 207          0.098
 208          0.080
 209          0.070
 210          0.044
 211          0.056
 212          0.091
 213          0.058
 214          0.026
 215          0.081
 216          0.077
 217          0.096
 218          0.073
 219          0.066
 220          0.176
 221          0.234
 222          0.154
 223          0.126
 224          0.125
 225          0.116
 226          0.116
 227          0.104
 228          0.105
 229          0.126
 230          0.139
 231          0.134
 232          0.111
 233          0.068
 234          0.061
 235          0.096
 236          0.098
 237          0.097
 238          0.203
 239          0.141
 240          0.140
 241          0.168
 242          0.137
 243          0.093
 244          0.104
 245          0.085
 246          0.086
 247          0.062
 248          0.094
 249          0.102
 250          0.123
 251          0.141
 252          0.165
 253          0.151
 254          0.113
 255          0.072
 256          0.061
 257          0.041
 258          0.047
 259          0.042
 260          0.037
 261          0.055
 262          0.082
 263          0.118
 264          0.095
 265          0.092
 266          0.078
 267          0.042
 268          0.029
 269          0.021
 270          0.048
 271          0.069
 272          0.029
 273          0.061
 274          0.055
 275          0.070
 276          0.084
 277          0.085
 278          0.067
 279          0.078
 280          0.077
 281          0.093
 282          0.039
 283          0.062
 284          0.074
 285          0.065
 286          0.047
 287          0.055
 288          0.042
 289          0.066
 290          0.097
 291          0.125
 292          0.153
 293          0.180
 294          0.176
 295          0.279
 296          0.266
 297          0.228
 298          0.170
 299          0.141
 300          0.105
 301          0.098
 302          0.136
 303          0.100
 304          0.179
 305          0.189
 306          0.211
 307          0.146
 308          0.101
 309          0.100
 310          0.149
 311          0.165
 312          0.142
 313          0.124
 314          0.149
 315          0.136
 316          0.114
 317          0.150
 318          0.116
 319          0.118
 320          0.155
 321          0.195
 322          0.203
 323          0.224
 324          0.111
 325          0.167
 326          0.098
 327          0.105
 328          0.133
 329          0.142
 330          0.123
 331          0.149
 332          0.136
 333          0.160
 334          0.166
 335          0.182
 336          0.205
 337          0.156
 338          0.145
 339          0.136
 340          0.196
 341          0.212
 342          0.187
 343          0.149
 344          0.180
 345          0.205
 346          0.218
 347          0.192
 348          0.194
 349          0.133
 350          0.111
 351          0.119
 352          0.201
 353          0.248
 354          0.247
 355          0.159
 356          0.136
 357          0.122
 358          0.098
 359          0.170
 360          0.133
 361          0.228
 362          0.241
 363          0.281
 364          0.248
 365          0.219
 366          0.156
 367          0.107
 368          0.140
 369          0.104
 370          0.053
 371          0.039
 372          0.129
 373          0.096
 374          0.070
 375          0.113
 376          0.112
 377          0.098
 378          0.106
 379          0.108
 380          0.102
 381          0.090
 382          0.121
 383          0.102
 384          0.073
 385          0.098
 386          0.093
 387          0.100
 388          0.082
 389          0.091
 390          0.083
 391          0.134
 392          0.146
 393          0.101
 394          0.116
 395          0.097
 396          0.124
 397          0.099
 398          0.119
 399          0.129
 400          0.130
 401          0.127
 402          0.120
 403          0.154
 404          0.116
 405          0.113
 406          0.095
 407          0.098
 408          0.078
 409          0.083
 410          0.107
 411          0.113
 412          0.182
 413          0.193
 414          0.211
 415          0.156
 416          0.131
 417          0.095
 418          0.113
 419          0.095
 420          0.132
 421          0.219
 422          0.308
 423          0.353
 424          0.299
 425          0.285
 426          0.156
 427          0.072
 428          0.059
 429          0.059
 430          0.333
 431          0.340
 432          0.178
 433          0.101
 434          0.104
 435          0.099
 436          0.094
 437          0.104
 438          0.140
 439          0.168
 440          0.242
 441          0.195
 442          0.151
 443          0.107
 444          0.152
 445          0.118
 446          0.104
 447          0.111
 448          0.145
 449          0.061
 450          0.107
 451          0.164
 452          0.171
 453          0.140
 454          0.085
 455          0.060
 456          0.101
 457          0.089
 458          0.100
 459          0.043
 460          0.113
 461          0.229
 462          0.135
 463          0.115
 464          0.032
 465          0.054
 466          0.041
 467          0.046
 468          0.071
 469          0.051
 470          0.086
 471          0.084
 472          0.065
 473          0.078
 474          0.095
 475          0.160
 476          0.202
 477          0.183
 478          0.156
 479          0.178
 480          0.165
 481          0.121
 482          0.103
 483          0.066
 484          0.067
 485          0.060
 486          0.102
 487          0.084

# Average distance: 0.131 nm
