# Atom index    Distance (nm)
   1          0.163
   2          0.130
   3          0.050
   4          0.038
   5          0.037
   6          0.046
   7          0.050
   8          0.034
   9          0.029
  10          0.028
  11          0.043
  12          0.045
  13          0.043
  14          0.066
  15          0.066
  16          0.042
  17          0.039
  18          0.020
  19          0.019
  20          0.028
  21          0.147
  22          0.151
  23          0.111
  24          0.112
  25          0.146
  26          0.061
  27          0.039
  28          0.030
  29          0.063
  30          0.144
  31          0.086
  32          0.051
  33          0.045
  34          0.028
  35          0.039
  36          0.077
  37          0.045
  38          0.070
  39          0.063
  40          0.055
  41          0.047
  42          0.047
  43          0.057
  44          0.048
  45          0.041
  46          0.051
  47          0.064
  48          0.077
  49          0.084
  50          0.047
  51          0.119
  52          0.129
  53          0.088
  54          0.136
  55          0.080
  56          0.030
  57          0.029
  58          0.032
  59          0.054
  60          0.036
  61          0.082
  62          0.067
  63          0.043
  64          0.043
  65          0.050
  66          0.043
  67          0.099
  68          0.192
  69          0.176
  70          0.138
  71          0.061
  72          0.054
  73          0.059
  74          0.077
  75          0.092
  76          0.079
  77          0.080
  78          0.080
  79          0.087
  80          0.072
  81          0.058
  82          0.064
  83          0.087
  84          0.081
  85          0.088
  86          0.072
  87          0.068
  88          0.056
  89          0.039
  90          0.042
  91          0.071
  92          0.062
  93          0.084
  94          0.063
  95          0.063
  96          0.065
  97          0.061
  98          0.083
  99          0.086
 100          0.106
 101          0.119
 102          0.104
 103          0.090
 104          0.065
 105          0.073
 106          0.022
 107          0.040
 108          0.069
 109          0.018
 110          0.026
 111          0.086
 112          0.108
 113          0.081
 114          0.065
 115          0.083
 116          0.086
 117          0.089
 118          0.108
 119          0.115
 120          0.077
 121          0.097
 122          0.087
 123          0.082
 124          0.054
 125          0.030
 126          0.031
 127          0.039
 128          0.069
 129          0.031
 130          0.079
 131          0.035
 132          0.030
 133          0.039
 134          0.018
 135          0.043
 136          0.053
 137          0.093
 138          0.095
 139          0.060
 140          0.093
 141          0.143
 142          0.219
 143          0.196
 144          0.117
 145          0.048
 146          0.041
 147          0.040
 148          0.060
 149          0.056
 150          0.035
 151          0.039
 152          0.084
 153          0.121
 154          0.037
 155          0.018
 156          0.015
 157          0.026
 158          0.069
 159          0.069
 160          0.048
 161          0.049
 162          0.060
 163          0.043
 164          0.069
 165          0.066
 166          0.061
 167          0.046
 168          0.056
 169          0.060
 170          0.009
 171          0.049
 172          0.041
 173          0.033
 174          0.056
 175          0.070
 176          0.076
 177          0.089
 178          0.069
 179          0.030
 180          0.028
 181          0.042
 182          0.039
 183          0.062
 184          0.064
 185          0.070
 186          0.092
 187          0.086
 188          0.034
 189          0.041
 190          0.027
 191          0.058
 192          0.066
 193          0.060
 194          0.030
 195          0.054
 196          0.088
 197          0.051
 198          0.049
 199          0.059
 200          0.044
 201          0.137
 202          0.074
 203          0.059
 204          0.051
 205          0.051
 206          0.035
 207          0.049
 208          0.043
 209          0.034
 210          0.051
 211          0.049
 212          0.050
 213          0.051
 214          0.039
 215          0.015
 216          0.011
 217          0.021
 218          0.047
 219          0.029
 220          0.067
 221          0.068
 222          0.046
 223          0.027
 224          0.047
 225          0.045
 226          0.053
 227          0.039
 228          0.082
 229          0.087
 230          0.125
 231          0.085
 232          0.075
 233          0.059
 234          0.046
 235          0.046
 236          0.033
 237          0.091
 238          0.121
 239          0.108
 240          0.062
 241          0.056
 242          0.061
 243          0.067
 244          0.056
 245          0.058
 246          0.056
 247          0.068
 248          0.044
 249          0.025
 250          0.074
 251          0.067
 252          0.085
 253          0.074
 254          0.071
 255          0.058
 256          0.058
 257          0.052
 258          0.045
 259          0.042
 260          0.044
 261          0.009
 262          0.083
 263          0.038
 264          0.045
 265          0.040
 266          0.043
 267          0.029
 268          0.034
 269          0.022
 270          0.050
 271          0.093
 272          0.103
 273          0.054
 274          0.046
 275          0.036
 276          0.017
 277          0.018
 278          0.065
 279          0.061
 280          0.053
 281          0.079
 282          0.020
 283          0.034
 284          0.044
 285          0.024
 286          0.026
 287          0.023
 288          0.011
 289          0.032
 290          0.048
 291          0.093
 292          0.082
 293          0.190
 294          0.211
 295          0.277
 296          0.149
 297          0.132
 298          0.122
 299          0.104
 300          0.096
 301          0.068
 302          0.060
 303          0.049
 304          0.090
 305          0.089
 306          0.093
 307          0.073
 308          0.047
 309          0.076
 310          0.074
 311          0.083
 312          0.043
 313          0.028
 314          0.048
 315          0.070
 316          0.060
 317          0.060
 318          0.077
 319          0.067
 320          0.138
 321          0.145
 322          0.195
 323          0.257
 324          0.262
 325          0.232
 326          0.156
 327          0.091
 328          0.125
 329          0.125
 330          0.060
 331          0.078
 332          0.065
 333          0.073
 334          0.113
 335          0.087
 336          0.053
 337          0.057
 338          0.057
 339          0.054
 340          0.055
 341          0.060
 342          0.043
 343          0.030
 344          0.092
 345          0.093
 346          0.019
 347          0.019
 348          0.016
 349          0.024
 350          0.025
 351          0.031
 352          0.015
 353          0.087
 354          0.122
 355          0.058
 356          0.031
 357          0.031
 358          0.036
 359          0.043
 360          0.035
 361          0.057
 362          0.085
 363          0.075
 364          0.055
 365          0.027
 366          0.027
 367          0.028
 368          0.025
 369          0.033
 370          0.061
 371          0.013
 372          0.047
 373          0.076
 374          0.085
 375          0.084
 376          0.045
 377          0.061
 378          0.042
 379          0.064
 380          0.064
 381          0.036
 382          0.048
 383          0.045
 384          0.078
 385          0.131
 386          0.135
 387          0.118
 388          0.066
 389          0.055
 390          0.067
 391          0.041
 392          0.029
 393          0.052
 394          0.066
 395          0.079
 396          0.066
 397          0.069
 398          0.080
 399          0.103
 400          0.110
 401          0.098
 402          0.099
 403          0.035
 404          0.043
 405          0.072
 406          0.056
 407          0.028
 408          0.042
 409          0.034
 410          0.039
 411          0.018
 412          0.012
 413          0.028
 414          0.078
 415          0.060
 416          0.051
 417          0.025
 418          0.027
 419          0.022
 420          0.036
 421          0.082
 422          0.154
 423          0.081
 424          0.078
 425          0.039
 426          0.021
 427          0.035
 428          0.028
 429          0.057
 430          0.072
 431          0.054
 432          0.109
 433          0.107
 434          0.055
 435          0.050
 436          0.060
 437          0.041
 438          0.065
 439          0.039
 440          0.086
 441          0.130
 442          0.134
 443          0.058
 444          0.042
 445          0.061
 446          0.010
 447          0.015
 448          0.076
 449          0.076
 450          0.098
 451          0.109
 452          0.105
 453          0.046
 454          0.048
 455          0.044
 456          0.016
 457          0.087
 458          0.119
 459          0.153
 460          0.115
 461          0.155
 462          0.165
 463          0.136
 464          0.139
 465          0.131
 466          0.119
 467          0.145
 468          0.165
 469          0.088
 470          0.107
 471          0.088
 472          0.118
 473          0.094
 474          0.084
 475          0.231
 476          0.059
 477          0.206
 478          0.081
 479          0.123
 480          0.159
 481          0.127
 482          0.092
 483          0.085
 484          0.079
 485          0.057
 486          0.052
 487          0.080

# Average distance: 0.069 nm
