# Atom index    Distance (nm)
   1          0.352
   2          0.273
   3          0.193
   4          0.131
   5          0.090
   6          0.126
   7          0.129
   8          0.073
   9          0.029
  10          0.042
  11          0.050
  12          0.056
  13          0.085
  14          0.098
  15          0.061
  16          0.044
  17          0.030
  18          0.032
  19          0.099
  20          0.108
  21          0.162
  22          0.199
  23          0.183
  24          0.174
  25          0.112
  26          0.109
  27          0.039
  28          0.037
  29          0.043
  30          0.043
  31          0.021
  32          0.064
  33          0.009
  34          0.035
  35          0.072
  36          0.073
  37          0.033
  38          0.093
  39          0.100
  40          0.096
  41          0.112
  42          0.113
  43          0.134
  44          0.094
  45          0.125
  46          0.129
  47          0.222
  48          0.353
  49          0.324
  50          0.344
  51          0.272
  52          0.220
  53          0.124
  54          0.120
  55          0.123
  56          0.127
  57          0.118
  58          0.108
  59          0.109
  60          0.102
  61          0.106
  62          0.073
  63          0.088
  64          0.133
  65          0.120
  66          0.102
  67          0.124
  68          0.194
  69          0.110
  70          0.073
  71          0.073
  72          0.136
  73          0.152
  74          0.095
  75          0.077
  76          0.078
  77          0.053
  78          0.054
  79          0.043
  80          0.048
  81          0.069
  82          0.098
  83          0.082
  84          0.092
  85          0.055
  86          0.129
  87          0.141
  88          0.054
  89          0.065
  90          0.056
  91          0.057
  92          0.063
  93          0.043
  94          0.043
  95          0.044
  96          0.031
  97          0.035
  98          0.030
  99          0.083
 100          0.078
 101          0.099
 102          0.093
 103          0.037
 104          0.065
 105          0.049
 106          0.049
 107          0.060
 108          0.106
 109          0.106
 110          0.197
 111          0.295
 112          0.210
 113          0.110
 114          0.082
 115          0.048
 116          0.096
 117          0.052
 118          0.120
 119          0.125
 120          0.087
 121          0.075
 122          0.075
 123          0.043
 124          0.035
 125          0.037
 126          0.030
 127          0.034
 128          0.051
 129          0.121
 130          0.120
 131          0.065
 132          0.087
 133          0.072
 134          0.070
 135          0.026
 136          0.031
 137          0.067
 138          0.042
 139          0.081
 140          0.063
 141          0.095
 142          0.062
 143          0.084
 144          0.087
 145          0.073
 146          0.039
 147          0.037
 148          0.046
 149          0.057
 150          0.062
 151          0.072
 152          0.042
 153          0.087
 154          0.028
 155          0.065
 156          0.058
 157          0.085
 158          0.055
 159          0.054
 160          0.055
 161          0.056
 162          0.047
 163          0.044
 164          0.039
 165          0.059
 166          0.148
 167          0.056
 168          0.038
 169          0.052
 170          0.056
 171          0.018
 172          0.031
 173          0.049
 174          0.058
 175          0.104
 176          0.101
 177          0.081
 178          0.095
 179          0.059
 180          0.046
 181          0.035
 182          0.013
 183          0.012
 184          0.013
 185          0.018
 186          0.042
 187          0.081
 188          0.031
 189          0.021
 190          0.042
 191          0.024
 192          0.034
 193          0.041
 194          0.045
 195          0.040
 196          0.081
 197          0.068
 198          0.058
 199          0.092
 200          0.041
 201          0.077
 202          0.049
 203          0.025
 204          0.021
 205          0.037
 206          0.083
 207          0.090
 208          0.045
 209          0.072
 210          0.092
 211          0.135
 212          0.110
 213          0.089
 214          0.104
 215          0.083
 216          0.082
 217          0.075
 218          0.097
 219          0.097
 220          0.107
 221          0.174
 222          0.161
 223          0.103
 224          0.116
 225          0.100
 226          0.100
 227          0.105
 228          0.173
 229          0.122
 230          0.146
 231          0.121
 232          0.112
 233          0.119
 234          0.117
 235          0.087
 236          0.120
 237          0.118
 238          0.103
 239          0.157
 240          0.096
 241          0.220
 242          0.203
 243          0.191
 244          0.163
 245          0.120
 246          0.134
 247          0.155
 248          0.134
 249          0.123
 250          0.121
 251          0.159
 252          0.092
 253          0.086
 254          0.067
 255          0.075
 256          0.068
 257          0.032
 258          0.021
 259          0.045
 260          0.012
 261          0.056
 262          0.130
 263          0.107
 264          0.076
 265          0.036
 266          0.025
 267          0.028
 268          0.072
 269          0.077
 270          0.052
 271          0.032
 272          0.088
 273          0.064
 274          0.061
 275          0.050
 276          0.063
 277          0.077
 278          0.089
 279          0.086
 280          0.091
 281          0.085
 282          0.072
 283          0.065
 284          0.059
 285          0.066
 286          0.054
 287          0.052
 288          0.064
 289          0.053
 290          0.065
 291          0.058
 292          0.053
 293          0.137
 294          0.181
 295          0.282
 296          0.303
 297          0.230
 298          0.141
 299          0.115
 300          0.139
 301          0.141
 302          0.090
 303          0.070
 304          0.081
 305          0.094
 306          0.064
 307          0.077
 308          0.119
 309          0.125
 310          0.117
 311          0.052
 312          0.118
 313          0.237
 314          0.309
 315          0.113
 316          0.044
 317          0.046
 318          0.041
 319          0.079
 320          0.127
 321          0.157
 322          0.158
 323          0.170
 324          0.153
 325          0.189
 326          0.169
 327          0.049
 328          0.047
 329          0.081
 330          0.075
 331          0.120
 332          0.131
 333          0.069
 334          0.045
 335          0.054
 336          0.039
 337          0.098
 338          0.093
 339          0.059
 340          0.093
 341          0.095
 342          0.137
 343          0.108
 344          0.135
 345          0.104
 346          0.102
 347          0.146
 348          0.080
 349          0.072
 350          0.077
 351          0.038
 352          0.058
 353          0.056
 354          0.126
 355          0.095
 356          0.080
 357          0.060
 358          0.060
 359          0.069
 360          0.170
 361          0.177
 362          0.198
 363          0.169
 364          0.103
 365          0.144
 366          0.097
 367          0.095
 368          0.115
 369          0.112
 370          0.067
 371          0.085
 372          0.130
 373          0.045
 374          0.056
 375          0.036
 376          0.083
 377          0.084
 378          0.057
 379          0.065
 380          0.032
 381          0.033
 382          0.023
 383          0.019
 384          0.061
 385          0.091
 386          0.026
 387          0.038
 388          0.045
 389          0.018
 390          0.007
 391          0.049
 392          0.056
 393          0.177
 394          0.045
 395          0.061
 396          0.040
 397          0.039
 398          0.044
 399          0.051
 400          0.102
 401          0.104
 402          0.017
 403          0.037
 404          0.032
 405          0.048
 406          0.046
 407          0.060
 408          0.045
 409          0.074
 410          0.055
 411          0.086
 412          0.088
 413          0.160
 414          0.158
 415          0.123
 416          0.054
 417          0.064
 418          0.048
 419          0.094
 420          0.078
 421          0.109
 422          0.093
 423          0.136
 424          0.194
 425          0.137
 426          0.035
 427          0.042
 428          0.114
 429          0.147
 430          0.121
 431          0.150
 432          0.154
 433          0.145
 434          0.098
 435          0.090
 436          0.045
 437          0.092
 438          0.186
 439          0.118
 440          0.130
 441          0.270
 442          0.058
 443          0.040
 444          0.036
 445          0.027
 446          0.069
 447          0.077
 448          0.101
 449          0.141
 450          0.154
 451          0.112
 452          0.133
 453          0.130
 454          0.123
 455          0.087
 456          0.058
 457          0.047
 458          0.052
 459          0.039
 460          0.023
 461          0.056
 462          0.045
 463          0.033
 464          0.096
 465          0.067
 466          0.068
 467          0.043
 468          0.070
 469          0.101
 470          0.080
 471          0.084
 472          0.099
 473          0.088
 474          0.081
 475          0.081
 476          0.105
 477          0.148
 478          0.162
 479          0.142
 480          0.122
 481          0.113
 482          0.092
 483          0.068
 484          0.057
 485          0.067
 486          0.026
 487          0.050

# Average distance: 0.090 nm
