# Atom index    Distance (nm)
   1          0.318
   2          0.127
   3          0.062
   4          0.031
   5          0.073
   6          0.116
   7          0.066
   8          0.042
   9          0.043
  10          0.062
  11          0.064
  12          0.059
  13          0.102
  14          0.088
  15          0.059
  16          0.067
  17          0.050
  18          0.021
  19          0.011
  20          0.038
  21          0.086
  22          0.139
  23          0.169
  24          0.077
  25          0.076
  26          0.083
  27          0.015
  28          0.055
  29          0.102
  30          0.150
  31          0.084
  32          0.093
  33          0.116
  34          0.097
  35          0.059
  36          0.026
  37          0.042
  38          0.053
  39          0.040
  40          0.044
  41          0.078
  42          0.028
  43          0.038
  44          0.031
  45          0.103
  46          0.111
  47          0.140
  48          0.171
  49          0.244
  50          0.331
  51          0.177
  52          0.033
  53          0.088
  54          0.078
  55          0.076
  56          0.012
  57          0.035
  58          0.069
  59          0.094
  60          0.101
  61          0.060
  62          0.061
  63          0.059
  64          0.070
  65          0.076
  66          0.031
  67          0.098
  68          0.191
  69          0.111
  70          0.098
  71          0.080
  72          0.070
  73          0.037
  74          0.048
  75          0.095
  76          0.094
  77          0.050
  78          0.071
  79          0.063
  80          0.079
  81          0.094
  82          0.064
  83          0.044
  84          0.049
  85          0.079
  86          0.090
  87          0.063
  88          0.249
  89          0.272
  90          0.148
  91          0.092
  92          0.082
  93          0.103
  94          0.064
  95          0.106
  96          0.101
  97          0.090
  98          0.056
  99          0.052
 100          0.073
 101          0.072
 102          0.078
 103          0.087
 104          0.081
 105          0.073
 106          0.111
 107          0.115
 108          0.069
 109          0.124
 110          0.113
 111          0.110
 112          0.100
 113          0.104
 114          0.076
 115          0.072
 116          0.125
 117          0.100
 118          0.119
 119          0.121
 120          0.121
 121          0.127
 122          0.148
 123          0.142
 124          0.110
 125          0.062
 126          0.061
 127          0.057
 128          0.070
 129          0.083
 130          0.116
 131          0.070
 132          0.048
 133          0.042
 134          0.090
 135          0.040
 136          0.021
 137          0.024
 138          0.025
 139          0.045
 140          0.080
 141          0.080
 142          0.167
 143          0.147
 144          0.092
 145          0.068
 146          0.035
 147          0.042
 148          0.066
 149          0.057
 150          0.075
 151          0.137
 152          0.131
 153          0.196
 154          0.078
 155          0.089
 156          0.070
 157          0.042
 158          0.072
 159          0.060
 160          0.066
 161          0.068
 162          0.125
 163          0.124
 164          0.081
 165          0.083
 166          0.070
 167          0.085
 168          0.053
 169          0.060
 170          0.070
 171          0.034
 172          0.036
 173          0.036
 174          0.035
 175          0.086
 176          0.121
 177          0.085
 178          0.057
 179          0.084
 180          0.090
 181          0.063
 182          0.021
 183          0.030
 184          0.039
 185          0.108
 186          0.126
 187          0.073
 188          0.048
 189          0.046
 190          0.058
 191          0.060
 192          0.060
 193          0.085
 194          0.059
 195          0.072
 196          0.086
 197          0.088
 198          0.060
 199          0.063
 200          0.040
 201          0.068
 202          0.057
 203          0.075
 204          0.062
 205          0.021
 206          0.061
 207          0.059
 208          0.064
 209          0.127
 210          0.109
 211          0.107
 212          0.128
 213          0.102
 214          0.086
 215          0.079
 216          0.067
 217          0.097
 218          0.115
 219          0.111
 220          0.170
 221          0.109
 222          0.111
 223          0.111
 224          0.117
 225          0.081
 226          0.073
 227          0.082
 228          0.120
 229          0.238
 230          0.277
 231          0.264
 232          0.217
 233          0.170
 234          0.087
 235          0.063
 236          0.102
 237          0.149
 238          0.091
 239          0.081
 240          0.081
 241          0.102
 242          0.144
 243          0.141
 244          0.191
 245          0.102
 246          0.076
 247          0.065
 248          0.053
 249          0.024
 250          0.079
 251          0.106
 252          0.065
 253          0.063
 254          0.053
 255          0.035
 256          0.044
 257          0.026
 258          0.048
 259          0.077
 260          0.016
 261          0.020
 262          0.062
 263          0.050
 264          0.062
 265          0.085
 266          0.044
 267          0.065
 268          0.044
 269          0.050
 270          0.077
 271          0.088
 272          0.090
 273          0.086
 274          0.082
 275          0.078
 276          0.073
 277          0.038
 278          0.107
 279          0.137
 280          0.194
 281          0.138
 282          0.144
 283          0.046
 284          0.032
 285          0.028
 286          0.015
 287          0.024
 288          0.030
 289          0.038
 290          0.034
 291          0.060
 292          0.076
 293          0.088
 294          0.188
 295          0.142
 296          0.150
 297          0.171
 298          0.082
 299          0.060
 300          0.042
 301          0.072
 302          0.072
 303          0.060
 304          0.068
 305          0.082
 306          0.031
 307          0.082
 308          0.076
 309          0.076
 310          0.069
 311          0.050
 312          0.057
 313          0.099
 314          0.050
 315          0.026
 316          0.031
 317          0.103
 318          0.154
 319          0.100
 320          0.096
 321          0.131
 322          0.146
 323          0.120
 324          0.114
 325          0.107
 326          0.095
 327          0.062
 328          0.062
 329          0.062
 330          0.035
 331          0.023
 332          0.037
 333          0.048
 334          0.060
 335          0.056
 336          0.060
 337          0.037
 338          0.020
 339          0.036
 340          0.029
 341          0.077
 342          0.052
 343          0.091
 344          0.088
 345          0.100
 346          0.094
 347          0.085
 348          0.074
 349          0.036
 350          0.065
 351          0.067
 352          0.042
 353          0.091
 354          0.118
 355          0.142
 356          0.069
 357          0.050
 358          0.034
 359          0.110
 360          0.115
 361          0.128
 362          0.082
 363          0.074
 364          0.103
 365          0.115
 366          0.122
 367          0.106
 368          0.063
 369          0.023
 370          0.033
 371          0.006
 372          0.039
 373          0.054
 374          0.055
 375          0.064
 376          0.031
 377          0.060
 378          0.077
 379          0.065
 380          0.025
 381          0.052
 382          0.062
 383          0.057
 384          0.075
 385          0.062
 386          0.066
 387          0.058
 388          0.064
 389          0.045
 390          0.087
 391          0.114
 392          0.139
 393          0.183
 394          0.046
 395          0.111
 396          0.142
 397          0.145
 398          0.058
 399          0.073
 400          0.059
 401          0.070
 402          0.043
 403          0.042
 404          0.044
 405          0.047
 406          0.078
 407          0.061
 408          0.070
 409          0.051
 410          0.075
 411          0.137
 412          0.184
 413          0.120
 414          0.080
 415          0.047
 416          0.016
 417          0.044
 418          0.065
 419          0.068
 420          0.075
 421          0.076
 422          0.153
 423          0.074
 424          0.062
 425          0.064
 426          0.055
 427          0.060
 428          0.031
 429          0.029
 430          0.047
 431          0.064
 432          0.063
 433          0.061
 434          0.065
 435          0.030
 436          0.030
 437          0.055
 438          0.042
 439          0.032
 440          0.132
 441          0.081
 442          0.061
 443          0.044
 444          0.069
 445          0.018
 446          0.060
 447          0.063
 448          0.032
 449          0.035
 450          0.049
 451          0.047
 452          0.073
 453          0.052
 454          0.056
 455          0.047
 456          0.039
 457          0.037
 458          0.062
 459          0.087
 460          0.280
 461          0.186
 462          0.085
 463          0.033
 464          0.072
 465          0.127
 466          0.186
 467          0.219
 468          0.263
 469          0.301
 470          0.119
 471          0.108
 472          0.091
 473          0.071
 474          0.037
 475          0.038
 476          0.030
 477          0.077
 478          0.065
 479          0.041
 480          0.036
 481          0.060
 482          0.071
 483          0.075
 484          0.071
 485          0.081
 486          0.081
 487          0.073

# Average distance: 0.082 nm
