# Atom index    Distance (nm)
   1          0.204
   2          0.126
   3          0.049
   4          0.050
   5          0.087
   6          0.068
   7          0.085
   8          0.105
   9          0.075
  10          0.040
  11          0.034
  12          0.080
  13          0.147
  14          0.124
  15          0.023
  16          0.058
  17          0.085
  18          0.090
  19          0.135
  20          0.179
  21          0.180
  22          0.202
  23          0.225
  24          0.226
  25          0.174
  26          0.180
  27          0.168
  28          0.125
  29          0.066
  30          0.089
  31          0.074
  32          0.062
  33          0.103
  34          0.114
  35          0.214
  36          0.228
  37          0.213
  38          0.125
  39          0.076
  40          0.064
  41          0.105
  42          0.102
  43          0.083
  44          0.056
  45          0.080
  46          0.085
  47          0.149
  48          0.275
  49          0.267
  50          0.211
  51          0.154
  52          0.167
  53          0.181
  54          0.152
  55          0.130
  56          0.110
  57          0.130
  58          0.120
  59          0.177
  60          0.185
  61          0.155
  62          0.170
  63          0.120
  64          0.136
  65          0.157
  66          0.149
  67          0.216
  68          0.266
  69          0.206
  70          0.151
  71          0.144
  72          0.159
  73          0.169
  74          0.123
  75          0.170
  76          0.169
  77          0.221
  78          0.231
  79          0.156
  80          0.158
  81          0.177
  82          0.169
  83          0.166
  84          0.163
  85          0.084
  86          0.073
  87          0.068
  88          0.145
  89          0.115
  90          0.146
  91          0.127
  92          0.173
  93          0.157
  94          0.093
  95          0.086
  96          0.130
  97          0.130
  98          0.115
  99          0.158
 100          0.147
 101          0.207
 102          0.194
 103          0.138
 104          0.119
 105          0.122
 106          0.125
 107          0.136
 108          0.118
 109          0.117
 110          0.150
 111          0.106
 112          0.122
 113          0.102
 114          0.157
 115          0.142
 116          0.173
 117          0.149
 118          0.185
 119          0.151
 120          0.149
 121          0.119
 122          0.146
 123          0.104
 124          0.109
 125          0.113
 126          0.063
 127          0.040
 128          0.076
 129          0.065
 130          0.071
 131          0.069
 132          0.183
 133          0.090
 134          0.023
 135          0.037
 136          0.068
 137          0.111
 138          0.102
 139          0.123
 140          0.148
 141          0.192
 142          0.193
 143          0.157
 144          0.149
 145          0.113
 146          0.096
 147          0.084
 148          0.052
 149          0.051
 150          0.110
 151          0.180
 152          0.236
 153          0.251
 154          0.189
 155          0.091
 156          0.058
 157          0.050
 158          0.073
 159          0.068
 160          0.102
 161          0.086
 162          0.191
 163          0.160
 164          0.152
 165          0.129
 166          0.123
 167          0.054
 168          0.025
 169          0.065
 170          0.067
 171          0.071
 172          0.049
 173          0.041
 174          0.098
 175          0.085
 176          0.041
 177          0.051
 178          0.057
 179          0.066
 180          0.103
 181          0.111
 182          0.059
 183          0.059
 184          0.047
 185          0.059
 186          0.081
 187          0.091
 188          0.085
 189          0.047
 190          0.073
 191          0.046
 192          0.059
 193          0.065
 194          0.128
 195          0.091
 196          0.078
 197          0.078
 198          0.041
 199          0.088
 200          0.085
 201          0.109
 202          0.079
 203          0.095
 204          0.061
 205          0.082
 206          0.129
 207          0.144
 208          0.156
 209          0.129
 210          0.122
 211          0.094
 212          0.075
 213          0.090
 214          0.133
 215          0.155
 216          0.167
 217          0.128
 218          0.121
 219          0.153
 220          0.260
 221          0.272
 222          0.213
 223          0.140
 224          0.104
 225          0.086
 226          0.128
 227          0.071
 228          0.096
 229          0.098
 230          0.057
 231          0.027
 232          0.087
 233          0.048
 234          0.103
 235          0.208
 236          0.192
 237          0.142
 238          0.278
 239          0.407
 240          0.302
 241          0.360
 242          0.260
 243          0.166
 244          0.152
 245          0.111
 246          0.147
 247          0.151
 248          0.153
 249          0.155
 250          0.132
 251          0.152
 252          0.145
 253          0.068
 254          0.079
 255          0.074
 256          0.045
 257          0.037
 258          0.043
 259          0.032
 260          0.029
 261          0.060
 262          0.019
 263          0.065
 264          0.070
 265          0.077
 266          0.084
 267          0.107
 268          0.118
 269          0.113
 270          0.136
 271          0.208
 272          0.210
 273          0.162
 274          0.109
 275          0.107
 276          0.103
 277          0.085
 278          0.078
 279          0.086
 280          0.043
 281          0.071
 282          0.073
 283          0.059
 284          0.048
 285          0.105
 286          0.107
 287          0.090
 288          0.077
 289          0.092
 290          0.060
 291          0.105
 292          0.126
 293          0.141
 294          0.167
 295          0.237
 296          0.254
 297          0.208
 298          0.193
 299          0.137
 300          0.127
 301          0.096
 302          0.077
 303          0.113
 304          0.117
 305          0.074
 306          0.089
 307          0.136
 308          0.168
 309          0.150
 310          0.133
 311          0.162
 312          0.201
 313          0.200
 314          0.162
 315          0.159
 316          0.108
 317          0.127
 318          0.146
 319          0.174
 320          0.150
 321          0.173
 322          0.176
 323          0.193
 324          0.219
 325          0.238
 326          0.209
 327          0.155
 328          0.179
 329          0.158
 330          0.099
 331          0.089
 332          0.092
 333          0.100
 334          0.127
 335          0.046
 336          0.080
 337          0.053
 338          0.048
 339          0.051
 340          0.047
 341          0.070
 342          0.060
 343          0.062
 344          0.129
 345          0.147
 346          0.130
 347          0.094
 348          0.077
 349          0.055
 350          0.081
 351          0.102
 352          0.141
 353          0.133
 354          0.060
 355          0.093
 356          0.099
 357          0.093
 358          0.110
 359          0.091
 360          0.160
 361          0.094
 362          0.148
 363          0.076
 364          0.102
 365          0.047
 366          0.127
 367          0.126
 368          0.072
 369          0.047
 370          0.049
 371          0.042
 372          0.072
 373          0.046
 374          0.036
 375          0.043
 376          0.014
 377          0.016
 378          0.035
 379          0.040
 380          0.044
 381          0.029
 382          0.038
 383          0.025
 384          0.086
 385          0.017
 386          0.060
 387          0.050
 388          0.031
 389          0.035
 390          0.027
 391          0.031
 392          0.019
 393          0.063
 394          0.104
 395          0.067
 396          0.037
 397          0.045
 398          0.038
 399          0.044
 400          0.074
 401          0.076
 402          0.041
 403          0.023
 404          0.048
 405          0.041
 406          0.050
 407          0.040
 408          0.037
 409          0.032
 410          0.072
 411          0.087
 412          0.048
 413          0.052
 414          0.097
 415          0.103
 416          0.070
 417          0.059
 418          0.052
 419          0.060
 420          0.043
 421          0.068
 422          0.188
 423          0.231
 424          0.193
 425          0.092
 426          0.043
 427          0.051
 428          0.036
 429          0.048
 430          0.330
 431          0.387
 432          0.184
 433          0.124
 434          0.064
 435          0.017
 436          0.076
 437          0.093
 438          0.099
 439          0.065
 440          0.061
 441          0.056
 442          0.071
 443          0.044
 444          0.040
 445          0.066
 446          0.068
 447          0.030
 448          0.052
 449          0.021
 450          0.100
 451          0.165
 452          0.188
 453          0.131
 454          0.114
 455          0.080
 456          0.090
 457          0.059
 458          0.074
 459          0.087
 460          0.189
 461          0.199
 462          0.082
 463          0.048
 464          0.093
 465          0.079
 466          0.062
 467          0.346
 468          0.539
 469          0.468
 470          0.284
 471          0.174
 472          0.129
 473          0.031
 474          0.066
 475          0.036
 476          0.055
 477          0.077
 478          0.075
 479          0.098
 480          0.144
 481          0.222
 482          0.216
 483          0.133
 484          0.147
 485          0.120
 486          0.021
 487          0.043

# Average distance: 0.114 nm
