# Atom index    Distance (nm)
   1          0.371
   2          0.223
   3          0.149
   4          0.103
   5          0.059
   6          0.061
   7          0.059
   8          0.044
   9          0.038
  10          0.037
  11          0.067
  12          0.090
  13          0.114
  14          0.117
  15          0.105
  16          0.112
  17          0.085
  18          0.096
  19          0.096
  20          0.097
  21          0.227
  22          0.288
  23          0.338
  24          0.249
  25          0.147
  26          0.181
  27          0.208
  28          0.191
  29          0.141
  30          0.158
  31          0.147
  32          0.123
  33          0.119
  34          0.091
  35          0.121
  36          0.131
  37          0.130
  38          0.089
  39          0.069
  40          0.071
  41          0.081
  42          0.034
  43          0.066
  44          0.102
  45          0.057
  46          0.162
  47          0.073
  48          0.082
  49          0.135
  50          0.124
  51          0.025
  52          0.049
  53          0.052
  54          0.073
  55          0.078
  56          0.051
  57          0.077
  58          0.100
  59          0.117
  60          0.117
  61          0.128
  62          0.109
  63          0.075
  64          0.065
  65          0.080
  66          0.099
  67          0.199
  68          0.232
  69          0.255
  70          0.243
  71          0.215
  72          0.126
  73          0.109
  74          0.111
  75          0.116
  76          0.070
  77          0.075
  78          0.063
  79          0.058
  80          0.016
  81          0.062
  82          0.077
  83          0.032
  84          0.027
  85          0.052
  86          0.070
  87          0.048
  88          0.112
  89          0.092
  90          0.160
  91          0.168
  92          0.194
  93          0.180
  94          0.080
  95          0.083
  96          0.085
  97          0.047
  98          0.077
  99          0.106
 100          0.079
 101          0.069
 102          0.105
 103          0.100
 104          0.111
 105          0.081
 106          0.085
 107          0.089
 108          0.164
 109          0.164
 110          0.152
 111          0.165
 112          0.178
 113          0.147
 114          0.134
 115          0.112
 116          0.163
 117          0.183
 118          0.199
 119          0.162
 120          0.153
 121          0.154
 122          0.094
 123          0.093
 124          0.131
 125          0.093
 126          0.088
 127          0.063
 128          0.052
 129          0.071
 130          0.037
 131          0.044
 132          0.077
 133          0.084
 134          0.099
 135          0.081
 136          0.065
 137          0.077
 138          0.105
 139          0.098
 140          0.102
 141          0.169
 142          0.226
 143          0.164
 144          0.150
 145          0.045
 146          0.042
 147          0.102
 148          0.087
 149          0.106
 150          0.101
 151          0.099
 152          0.100
 153          0.115
 154          0.110
 155          0.063
 156          0.094
 157          0.087
 158          0.120
 159          0.082
 160          0.068
 161          0.053
 162          0.056
 163          0.083
 164          0.063
 165          0.049
 166          0.031
 167          0.031
 168          0.037
 169          0.021
 170          0.061
 171          0.082
 172          0.061
 173          0.116
 174          0.179
 175          0.241
 176          0.174
 177          0.143
 178          0.197
 179          0.149
 180          0.103
 181          0.064
 182          0.066
 183          0.069
 184          0.042
 185          0.024
 186          0.037
 187          0.071
 188          0.093
 189          0.127
 190          0.102
 191          0.096
 192          0.047
 193          0.093
 194          0.092
 195          0.102
 196          0.078
 197          0.088
 198          0.131
 199          0.117
 200          0.102
 201          0.066
 202          0.092
 203          0.120
 204          0.062
 205          0.083
 206          0.088
 207          0.095
 208          0.137
 209          0.070
 210          0.071
 211          0.066
 212          0.118
 213          0.077
 214          0.063
 215          0.075
 216          0.076
 217          0.064
 218          0.068
 219          0.112
 220          0.153
 221          0.135
 222          0.120
 223          0.032
 224          0.018
 225          0.030
 226          0.039
 227          0.113
 228          0.099
 229          0.157
 230          0.196
 231          0.169
 232          0.136
 233          0.067
 234          0.084
 235          0.054
 236          0.058
 237          0.085
 238          0.129
 239          0.165
 240          0.078
 241          0.183
 242          0.136
 243          0.141
 244          0.146
 245          0.155
 246          0.107
 247          0.058
 248          0.085
 249          0.088
 250          0.076
 251          0.063
 252          0.050
 253          0.048
 254          0.068
 255          0.055
 256          0.022
 257          0.054
 258          0.046
 259          0.078
 260          0.050
 261          0.097
 262          0.057
 263          0.036
 264          0.034
 265          0.050
 266          0.046
 267          0.067
 268          0.090
 269          0.073
 270          0.091
 271          0.071
 272          0.136
 273          0.046
 274          0.126
 275          0.063
 276          0.036
 277          0.084
 278          0.078
 279          0.079
 280          0.066
 281          0.037
 282          0.043
 283          0.044
 284          0.080
 285          0.081
 286          0.077
 287          0.064
 288          0.054
 289          0.041
 290          0.058
 291          0.056
 292          0.130
 293          0.156
 294          0.071
 295          0.100
 296          0.059
 297          0.073
 298          0.066
 299          0.076
 300          0.082
 301          0.054
 302          0.032
 303          0.065
 304          0.071
 305          0.013
 306          0.024
 307          0.025
 308          0.030
 309          0.030
 310          0.063
 311          0.096
 312          0.114
 313          0.146
 314          0.108
 315          0.110
 316          0.145
 317          0.107
 318          0.066
 319          0.074
 320          0.086
 321          0.088
 322          0.070
 323          0.167
 324          0.100
 325          0.168
 326          0.097
 327          0.035
 328          0.045
 329          0.065
 330          0.085
 331          0.171
 332          0.116
 333          0.068
 334          0.090
 335          0.109
 336          0.132
 337          0.100
 338          0.098
 339          0.114
 340          0.102
 341          0.096
 342          0.186
 343          0.153
 344          0.202
 345          0.212
 346          0.202
 347          0.201
 348          0.151
 349          0.138
 350          0.138
 351          0.141
 352          0.194
 353          0.292
 354          0.242
 355          0.124
 356          0.152
 357          0.125
 358          0.159
 359          0.120
 360          0.154
 361          0.143
 362          0.109
 363          0.088
 364          0.076
 365          0.094
 366          0.118
 367          0.113
 368          0.112
 369          0.064
 370          0.108
 371          0.085
 372          0.064
 373          0.070
 374          0.056
 375          0.062
 376          0.054
 377          0.070
 378          0.081
 379          0.046
 380          0.076
 381          0.039
 382          0.031
 383          0.037
 384          0.042
 385          0.066
 386          0.054
 387          0.068
 388          0.062
 389          0.104
 390          0.099
 391          0.081
 392          0.091
 393          0.114
 394          0.124
 395          0.082
 396          0.056
 397          0.055
 398          0.052
 399          0.061
 400          0.078
 401          0.077
 402          0.086
 403          0.105
 404          0.164
 405          0.085
 406          0.066
 407          0.050
 408          0.048
 409          0.075
 410          0.062
 411          0.046
 412          0.086
 413          0.104
 414          0.091
 415          0.035
 416          0.045
 417          0.066
 418          0.054
 419          0.062
 420          0.035
 421          0.038
 422          0.138
 423          0.069
 424          0.107
 425          0.029
 426          0.063
 427          0.054
 428          0.061
 429          0.047
 430          0.147
 431          0.199
 432          0.096
 433          0.098
 434          0.083
 435          0.048
 436          0.034
 437          0.018
 438          0.091
 439          0.112
 440          0.160
 441          0.077
 442          0.051
 443          0.033
 444          0.049
 445          0.059
 446          0.045
 447          0.040
 448          0.072
 449          0.063
 450          0.067
 451          0.069
 452          0.064
 453          0.069
 454          0.063
 455          0.056
 456          0.051
 457          0.070
 458          0.068
 459          0.083
 460          0.107
 461          0.071
 462          0.057
 463          0.049
 464          0.062
 465          0.051
 466          0.072
 467          0.112
 468          0.072
 469          0.053
 470          0.070
 471          0.066
 472          0.039
 473          0.070
 474          0.079
 475          0.049
 476          0.059
 477          0.071
 478          0.045
 479          0.036
 480          0.053
 481          0.048
 482          0.039
 483          0.021
 484          0.022
 485          0.047
 486          0.047
 487          0.073

# Average distance: 0.094 nm
