# Atom index    Distance (nm)
   1          0.253
   2          0.190
   3          0.119
   4          0.119
   5          0.103
   6          0.118
   7          0.084
   8          0.059
   9          0.087
  10          0.079
  11          0.105
  12          0.107
  13          0.103
  14          0.096
  15          0.089
  16          0.137
  17          0.114
  18          0.063
  19          0.071
  20          0.141
  21          0.256
  22          0.240
  23          0.247
  24          0.180
  25          0.110
  26          0.237
  27          0.090
  28          0.053
  29          0.052
  30          0.112
  31          0.108
  32          0.188
  33          0.209
  34          0.162
  35          0.172
  36          0.115
  37          0.112
  38          0.065
  39          0.077
  40          0.093
  41          0.092
  42          0.051
  43          0.096
  44          0.113
  45          0.100
  46          0.249
  47          0.324
  48          0.482
  49          0.575
  50          0.816
  51          0.311
  52          0.208
  53          0.170
  54          0.103
  55          0.094
  56          0.043
  57          0.057
  58          0.081
  59          0.153
  60          0.157
  61          0.111
  62          0.047
  63          0.085
  64          0.103
  65          0.131
  66          0.160
  67          0.178
  68          0.224
  69          0.235
  70          0.206
  71          0.172
  72          0.167
  73          0.155
  74          0.101
  75          0.115
  76          0.155
  77          0.142
  78          0.102
  79          0.107
  80          0.105
  81          0.141
  82          0.138
  83          0.153
  84          0.134
  85          0.135
  86          0.079
  87          0.105
  88          0.092
  89          0.095
  90          0.105
  91          0.103
  92          0.081
  93          0.096
  94          0.082
  95          0.072
  96          0.085
  97          0.084
  98          0.123
  99          0.146
 100          0.184
 101          0.216
 102          0.215
 103          0.151
 104          0.180
 105          0.172
 106          0.106
 107          0.152
 108          0.164
 109          0.145
 110          0.124
 111          0.146
 112          0.204
 113          0.155
 114          0.164
 115          0.156
 116          0.209
 117          0.192
 118          0.224
 119          0.328
 120          0.210
 121          0.220
 122          0.167
 123          0.224
 124          0.150
 125          0.109
 126          0.059
 127          0.068
 128          0.067
 129          0.093
 130          0.126
 131          0.128
 132          0.093
 133          0.076
 134          0.044
 135          0.046
 136          0.017
 137          0.041
 138          0.087
 139          0.116
 140          0.107
 141          0.077
 142          0.054
 143          0.136
 144          0.124
 145          0.138
 146          0.098
 147          0.105
 148          0.078
 149          0.086
 150          0.139
 151          0.197
 152          0.194
 153          0.193
 154          0.153
 155          0.161
 156          0.131
 157          0.104
 158          0.137
 159          0.150
 160          0.145
 161          0.163
 162          0.212
 163          0.216
 164          0.078
 165          0.040
 166          0.023
 167          0.041
 168          0.034
 169          0.032
 170          0.011
 171          0.031
 172          0.040
 173          0.034
 174          0.107
 175          0.104
 176          0.115
 177          0.091
 178          0.054
 179          0.047
 180          0.017
 181          0.046
 182          0.024
 183          0.063
 184          0.091
 185          0.039
 186          0.063
 187          0.114
 188          0.083
 189          0.084
 190          0.088
 191          0.158
 192          0.149
 193          0.174
 194          0.140
 195          0.155
 196          0.125
 197          0.137
 198          0.154
 199          0.209
 200          0.155
 201          0.116
 202          0.124
 203          0.106
 204          0.090
 205          0.117
 206          0.070
 207          0.091
 208          0.068
 209          0.069
 210          0.090
 211          0.107
 212          0.149
 213          0.170
 214          0.132
 215          0.121
 216          0.065
 217          0.108
 218          0.130
 219          0.150
 220          0.175
 221          0.139
 222          0.133
 223          0.134
 224          0.144
 225          0.075
 226          0.056
 227          0.061
 228          0.124
 229          0.185
 230          0.165
 231          0.140
 232          0.088
 233          0.082
 234          0.077
 235          0.145
 236          0.129
 237          0.124
 238          0.013
 239          0.017
 240          0.096
 241          0.136
 242          0.133
 243          0.137
 244          0.124
 245          0.077
 246          0.078
 247          0.084
 248          0.087
 249          0.069
 250          0.063
 251          0.063
 252          0.067
 253          0.037
 254          0.033
 255          0.048
 256          0.047
 257          0.069
 258          0.010
 259          0.050
 260          0.064
 261          0.058
 262          0.088
 263          0.144
 264          0.146
 265          0.116
 266          0.087
 267          0.056
 268          0.074
 269          0.089
 270          0.094
 271          0.117
 272          0.172
 273          0.228
 274          0.151
 275          0.107
 276          0.092
 277          0.094
 278          0.117
 279          0.167
 280          0.208
 281          0.069
 282          0.027
 283          0.038
 284          0.021
 285          0.073
 286          0.040
 287          0.066
 288          0.012
 289          0.023
 290          0.046
 291          0.050
 292          0.091
 293          0.087
 294          0.095
 295          0.108
 296          0.166
 297          0.093
 298          0.072
 299          0.042
 300          0.045
 301          0.041
 302          0.029
 303          0.066
 304          0.064
 305          0.055
 306          0.070
 307          0.036
 308          0.060
 309          0.052
 310          0.039
 311          0.039
 312          0.103
 313          0.124
 314          0.081
 315          0.074
 316          0.069
 317          0.074
 318          0.140
 319          0.123
 320          0.142
 321          0.104
 322          0.160
 323          0.109
 324          0.095
 325          0.086
 326          0.060
 327          0.047
 328          0.065
 329          0.070
 330          0.081
 331          0.064
 332          0.073
 333          0.096
 334          0.035
 335          0.078
 336          0.065
 337          0.113
 338          0.057
 339          0.069
 340          0.094
 341          0.085
 342          0.079
 343          0.088
 344          0.112
 345          0.101
 346          0.092
 347          0.081
 348          0.092
 349          0.079
 350          0.082
 351          0.075
 352          0.063
 353          0.058
 354          0.140
 355          0.183
 356          0.126
 357          0.061
 358          0.015
 359          0.075
 360          0.130
 361          0.118
 362          0.143
 363          0.164
 364          0.143
 365          0.087
 366          0.136
 367          0.138
 368          0.060
 369          0.020
 370          0.055
 371          0.128
 372          0.092
 373          0.027
 374          0.068
 375          0.075
 376          0.058
 377          0.069
 378          0.084
 379          0.070
 380          0.059
 381          0.081
 382          0.083
 383          0.044
 384          0.108
 385          0.077
 386          0.092
 387          0.070
 388          0.095
 389          0.103
 390          0.143
 391          0.140
 392          0.085
 393          0.163
 394          0.125
 395          0.143
 396          0.150
 397          0.149
 398          0.117
 399          0.147
 400          0.141
 401          0.113
 402          0.131
 403          0.131
 404          0.189
 405          0.064
 406          0.090
 407          0.082
 408          0.080
 409          0.079
 410          0.050
 411          0.128
 412          0.092
 413          0.154
 414          0.195
 415          0.190
 416          0.100
 417          0.083
 418          0.107
 419          0.073
 420          0.084
 421          0.185
 422          0.287
 423          0.313
 424          0.274
 425          0.172
 426          0.126
 427          0.106
 428          0.124
 429          0.148
 430          0.188
 431          0.169
 432          0.227
 433          0.202
 434          0.136
 435          0.119
 436          0.109
 437          0.105
 438          0.105
 439          0.144
 440          0.120
 441          0.164
 442          0.232
 443          0.165
 444          0.103
 445          0.080
 446          0.061
 447          0.044
 448          0.052
 449          0.012
 450          0.035
 451          0.049
 452          0.009
 453          0.015
 454          0.019
 455          0.063
 456          0.071
 457          0.067
 458          0.060
 459          0.076
 460          0.121
 461          0.176
 462          0.061
 463          0.056
 464          0.066
 465          0.099
 466          0.115
 467          0.089
 468          0.174
 469          0.169
 470          0.117
 471          0.108
 472          0.122
 473          0.118
 474          0.096
 475          0.064
 476          0.065
 477          0.065
 478          0.075
 479          0.069
 480          0.110
 481          0.106
 482          0.092
 483          0.043
 484          0.048
 485          0.028
 486          0.075
 487          0.061

# Average distance: 0.112 nm
