# Atom index    Distance (nm)
   1          0.319
   2          0.212
   3          0.156
   4          0.139
   5          0.049
   6          0.063
   7          0.049
   8          0.058
   9          0.061
  10          0.117
  11          0.126
  12          0.082
  13          0.072
  14          0.094
  15          0.132
  16          0.123
  17          0.063
  18          0.042
  19          0.067
  20          0.111
  21          0.143
  22          0.248
  23          0.240
  24          0.217
  25          0.155
  26          0.163
  27          0.159
  28          0.067
  29          0.056
  30          0.074
  31          0.088
  32          0.061
  33          0.092
  34          0.075
  35          0.104
  36          0.094
  37          0.087
  38          0.072
  39          0.059
  40          0.082
  41          0.088
  42          0.071
  43          0.099
  44          0.105
  45          0.102
  46          0.083
  47          0.171
  48          0.200
  49          0.241
  50          0.304
  51          0.207
  52          0.190
  53          0.102
  54          0.093
  55          0.132
  56          0.063
  57          0.053
  58          0.084
  59          0.117
  60          0.109
  61          0.120
  62          0.104
  63          0.067
  64          0.069
  65          0.126
  66          0.117
  67          0.231
  68          0.309
  69          0.194
  70          0.171
  71          0.117
  72          0.135
  73          0.151
  74          0.067
  75          0.125
  76          0.134
  77          0.174
  78          0.183
  79          0.158
  80          0.161
  81          0.160
  82          0.114
  83          0.148
  84          0.175
  85          0.093
  86          0.118
  87          0.116
  88          0.134
  89          0.142
  90          0.133
  91          0.155
  92          0.137
  93          0.222
  94          0.141
  95          0.137
  96          0.105
  97          0.105
  98          0.138
  99          0.134
 100          0.234
 101          0.197
 102          0.186
 103          0.200
 104          0.173
 105          0.122
 106          0.147
 107          0.140
 108          0.137
 109          0.081
 110          0.045
 111          0.096
 112          0.113
 113          0.092
 114          0.090
 115          0.100
 116          0.160
 117          0.160
 118          0.239
 119          0.191
 120          0.202
 121          0.177
 122          0.149
 123          0.053
 124          0.091
 125          0.135
 126          0.123
 127          0.121
 128          0.084
 129          0.111
 130          0.066
 131          0.028
 132          0.042
 133          0.032
 134          0.035
 135          0.059
 136          0.057
 137          0.083
 138          0.092
 139          0.163
 140          0.180
 141          0.208
 142          0.200
 143          0.146
 144          0.125
 145          0.051
 146          0.064
 147          0.067
 148          0.080
 149          0.087
 150          0.140
 151          0.105
 152          0.111
 153          0.126
 154          0.082
 155          0.120
 156          0.120
 157          0.121
 158          0.129
 159          0.111
 160          0.101
 161          0.081
 162          0.100
 163          0.082
 164          0.038
 165          0.041
 166          0.079
 167          0.058
 168          0.059
 169          0.025
 170          0.026
 171          0.022
 172          0.026
 173          0.022
 174          0.013
 175          0.016
 176          0.013
 177          0.071
 178          0.062
 179          0.044
 180          0.036
 181          0.035
 182          0.040
 183          0.038
 184          0.013
 185          0.032
 186          0.067
 187          0.109
 188          0.065
 189          0.082
 190          0.096
 191          0.029
 192          0.124
 193          0.158
 194          0.154
 195          0.127
 196          0.066
 197          0.087
 198          0.116
 199          0.117
 200          0.104
 201          0.127
 202          0.097
 203          0.085
 204          0.070
 205          0.085
 206          0.059
 207          0.084
 208          0.082
 209          0.051
 210          0.072
 211          0.035
 212          0.047
 213          0.100
 214          0.087
 215          0.087
 216          0.071
 217          0.104
 218          0.099
 219          0.097
 220          0.094
 221          0.131
 222          0.138
 223          0.142
 224          0.138
 225          0.109
 226          0.073
 227          0.100
 228          0.075
 229          0.145
 230          0.199
 231          0.174
 232          0.143
 233          0.148
 234          0.121
 235          0.095
 236          0.141
 237          0.201
 238          0.175
 239          0.042
 240          0.083
 241          0.091
 242          0.089
 243          0.101
 244          0.113
 245          0.123
 246          0.085
 247          0.072
 248          0.077
 249          0.082
 250          0.102
 251          0.104
 252          0.089
 253          0.064
 254          0.057
 255          0.038
 256          0.042
 257          0.037
 258          0.064
 259          0.050
 260          0.105
 261          0.057
 262          0.075
 263          0.117
 264          0.077
 265          0.101
 266          0.105
 267          0.077
 268          0.121
 269          0.105
 270          0.128
 271          0.165
 272          0.153
 273          0.154
 274          0.168
 275          0.136
 276          0.114
 277          0.108
 278          0.090
 279          0.134
 280          0.101
 281          0.108
 282          0.068
 283          0.084
 284          0.096
 285          0.108
 286          0.108
 287          0.094
 288          0.086
 289          0.052
 290          0.052
 291          0.044
 292          0.076
 293          0.100
 294          0.112
 295          0.040
 296          0.080
 297          0.076
 298          0.054
 299          0.029
 300          0.060
 301          0.064
 302          0.091
 303          0.105
 304          0.138
 305          0.208
 306          0.206
 307          0.130
 308          0.102
 309          0.101
 310          0.109
 311          0.093
 312          0.130
 313          0.158
 314          0.155
 315          0.143
 316          0.120
 317          0.121
 318          0.124
 319          0.111
 320          0.145
 321          0.134
 322          0.113
 323          0.140
 324          0.160
 325          0.113
 326          0.122
 327          0.109
 328          0.105
 329          0.076
 330          0.060
 331          0.075
 332          0.080
 333          0.086
 334          0.074
 335          0.124
 336          0.103
 337          0.140
 338          0.075
 339          0.046
 340          0.056
 341          0.088
 342          0.083
 343          0.084
 344          0.074
 345          0.087
 346          0.107
 347          0.091
 348          0.101
 349          0.105
 350          0.120
 351          0.104
 352          0.110
 353          0.117
 354          0.092
 355          0.117
 356          0.064
 357          0.113
 358          0.092
 359          0.087
 360          0.142
 361          0.179
 362          0.094
 363          0.151
 364          0.145
 365          0.180
 366          0.169
 367          0.213
 368          0.169
 369          0.128
 370          0.080
 371          0.087
 372          0.070
 373          0.063
 374          0.022
 375          0.020
 376          0.021
 377          0.027
 378          0.074
 379          0.084
 380          0.072
 381          0.091
 382          0.096
 383          0.135
 384          0.142
 385          0.141
 386          0.203
 387          0.180
 388          0.145
 389          0.154
 390          0.195
 391          0.178
 392          0.088
 393          0.148
 394          0.175
 395          0.085
 396          0.142
 397          0.163
 398          0.159
 399          0.150
 400          0.175
 401          0.214
 402          0.184
 403          0.286
 404          0.303
 405          0.277
 406          0.257
 407          0.145
 408          0.170
 409          0.172
 410          0.084
 411          0.057
 412          0.035
 413          0.148
 414          0.136
 415          0.104
 416          0.079
 417          0.011
 418          0.092
 419          0.153
 420          0.171
 421          0.069
 422          0.043
 423          0.127
 424          0.109
 425          0.137
 426          0.123
 427          0.094
 428          0.100
 429          0.177
 430          0.139
 431          0.121
 432          0.141
 433          0.101
 434          0.148
 435          0.099
 436          0.099
 437          0.172
 438          0.193
 439          0.159
 440          0.161
 441          0.165
 442          0.148
 443          0.093
 444          0.068
 445          0.037
 446          0.029
 447          0.053
 448          0.038
 449          0.040
 450          0.078
 451          0.064
 452          0.088
 453          0.100
 454          0.072
 455          0.063
 456          0.030
 457          0.050
 458          0.101
 459          0.100
 460          0.145
 461          0.079
 462          0.162
 463          0.134
 464          0.187
 465          0.191
 466          0.142
 467          0.126
 468          0.191
 469          0.212
 470          0.192
 471          0.187
 472          0.117
 473          0.142
 474          0.139
 475          0.109
 476          0.136
 477          0.108
 478          0.145
 479          0.147
 480          0.230
 481          0.283
 482          0.287
 483          0.206
 484          0.127
 485          0.093
 486          0.104
 487          0.079

# Average distance: 0.113 nm
