# Atom index    Distance (nm)
   1          0.276
   2          0.192
   3          0.161
   4          0.096
   5          0.050
   6          0.054
   7          0.064
   8          0.042
   9          0.069
  10          0.030
  11          0.063
  12          0.115
  13          0.092
  14          0.046
  15          0.054
  16          0.055
  17          0.051
  18          0.050
  19          0.055
  20          0.059
  21          0.191
  22          0.147
  23          0.238
  24          0.177
  25          0.140
  26          0.088
  27          0.075
  28          0.087
  29          0.060
  30          0.060
  31          0.084
  32          0.194
  33          0.173
  34          0.166
  35          0.177
  36          0.152
  37          0.113
  38          0.091
  39          0.095
  40          0.082
  41          0.074
  42          0.059
  43          0.091
  44          0.112
  45          0.128
  46          0.200
  47          0.232
  48          0.376
  49          0.362
  50          0.353
  51          0.325
  52          0.175
  53          0.205
  54          0.107
  55          0.078
  56          0.034
  57          0.069
  58          0.099
  59          0.144
  60          0.119
  61          0.159
  62          0.168
  63          0.092
  64          0.055
  65          0.125
  66          0.150
  67          0.096
  68          0.080
  69          0.074
  70          0.124
  71          0.108
  72          0.038
  73          0.053
  74          0.096
  75          0.130
  76          0.171
  77          0.192
  78          0.209
  79          0.192
  80          0.215
  81          0.160
  82          0.061
  83          0.094
  84          0.099
  85          0.079
  86          0.144
  87          0.161
  88          0.063
  89          0.090
  90          0.089
  91          0.152
  92          0.134
  93          0.112
  94          0.060
  95          0.045
  96          0.066
  97          0.086
  98          0.081
  99          0.075
 100          0.120
 101          0.099
 102          0.155
 103          0.124
 104          0.081
 105          0.060
 106          0.035
 107          0.065
 108          0.072
 109          0.068
 110          0.063
 111          0.077
 112          0.100
 113          0.038
 114          0.048
 115          0.011
 116          0.006
 117          0.057
 118          0.103
 119          0.109
 120          0.086
 121          0.154
 122          0.130
 123          0.132
 124          0.095
 125          0.072
 126          0.068
 127          0.052
 128          0.027
 129          0.073
 130          0.044
 131          0.062
 132          0.050
 133          0.048
 134          0.052
 135          0.042
 136          0.048
 137          0.041
 138          0.055
 139          0.064
 140          0.097
 141          0.206
 142          0.099
 143          0.105
 144          0.114
 145          0.077
 146          0.066
 147          0.040
 148          0.065
 149          0.049
 150          0.060
 151          0.043
 152          0.204
 153          0.266
 154          0.172
 155          0.093
 156          0.082
 157          0.059
 158          0.090
 159          0.043
 160          0.077
 161          0.127
 162          0.155
 163          0.095
 164          0.079
 165          0.096
 166          0.126
 167          0.086
 168          0.069
 169          0.052
 170          0.053
 171          0.026
 172          0.050
 173          0.047
 174          0.065
 175          0.082
 176          0.084
 177          0.118
 178          0.069
 179          0.038
 180          0.072
 181          0.086
 182          0.060
 183          0.042
 184          0.034
 185          0.027
 186          0.018
 187          0.046
 188          0.059
 189          0.064
 190          0.043
 191          0.061
 192          0.073
 193          0.042
 194          0.066
 195          0.072
 196          0.059
 197          0.078
 198          0.090
 199          0.065
 200          0.119
 201          0.161
 202          0.134
 203          0.135
 204          0.087
 205          0.096
 206          0.086
 207          0.051
 208          0.058
 209          0.049
 210          0.049
 211          0.053
 212          0.103
 213          0.086
 214          0.056
 215          0.049
 216          0.043
 217          0.091
 218          0.103
 219          0.130
 220          0.190
 221          0.170
 222          0.116
 223          0.178
 224          0.070
 225          0.063
 226          0.052
 227          0.044
 228          0.081
 229          0.088
 230          0.030
 231          0.066
 232          0.045
 233          0.056
 234          0.063
 235          0.072
 236          0.078
 237          0.123
 238          0.193
 239          0.131
 240          0.193
 241          0.164
 242          0.135
 243          0.107
 244          0.091
 245          0.037
 246          0.061
 247          0.026
 248          0.064
 249          0.076
 250          0.048
 251          0.059
 252          0.057
 253          0.030
 254          0.032
 255          0.016
 256          0.036
 257          0.041
 258          0.013
 259          0.051
 260          0.054
 261          0.128
 262          0.200
 263          0.234
 264          0.209
 265          0.148
 266          0.095
 267          0.083
 268          0.098
 269          0.142
 270          0.181
 271          0.148
 272          0.154
 273          0.133
 274          0.113
 275          0.033
 276          0.069
 277          0.103
 278          0.133
 279          0.122
 280          0.130
 281          0.126
 282          0.130
 283          0.145
 284          0.143
 285          0.149
 286          0.097
 287          0.037
 288          0.040
 289          0.029
 290          0.039
 291          0.082
 292          0.098
 293          0.140
 294          0.242
 295          0.234
 296          0.244
 297          0.204
 298          0.189
 299          0.179
 300          0.180
 301          0.072
 302          0.080
 303          0.116
 304          0.124
 305          0.174
 306          0.171
 307          0.156
 308          0.122
 309          0.114
 310          0.086
 311          0.107
 312          0.097
 313          0.176
 314          0.164
 315          0.092
 316          0.069
 317          0.089
 318          0.112
 319          0.095
 320          0.111
 321          0.145
 322          0.253
 323          0.316
 324          0.273
 325          0.297
 326          0.306
 327          0.212
 328          0.134
 329          0.138
 330          0.139
 331          0.161
 332          0.146
 333          0.164
 334          0.176
 335          0.186
 336          0.149
 337          0.159
 338          0.171
 339          0.181
 340          0.120
 341          0.086
 342          0.118
 343          0.110
 344          0.160
 345          0.183
 346          0.188
 347          0.124
 348          0.116
 349          0.099
 350          0.097
 351          0.089
 352          0.122
 353          0.166
 354          0.159
 355          0.129
 356          0.073
 357          0.065
 358          0.067
 359          0.087
 360          0.101
 361          0.117
 362          0.166
 363          0.180
 364          0.179
 365          0.228
 366          0.203
 367          0.165
 368          0.120
 369          0.142
 370          0.122
 371          0.069
 372          0.073
 373          0.060
 374          0.053
 375          0.022
 376          0.014
 377          0.026
 378          0.033
 379          0.056
 380          0.037
 381          0.071
 382          0.085
 383          0.087
 384          0.105
 385          0.095
 386          0.128
 387          0.105
 388          0.154
 389          0.129
 390          0.136
 391          0.131
 392          0.189
 393          0.289
 394          0.273
 395          0.257
 396          0.152
 397          0.135
 398          0.130
 399          0.150
 400          0.122
 401          0.131
 402          0.127
 403          0.138
 404          0.118
 405          0.141
 406          0.145
 407          0.098
 408          0.069
 409          0.071
 410          0.035
 411          0.085
 412          0.101
 413          0.139
 414          0.112
 415          0.108
 416          0.101
 417          0.118
 418          0.101
 419          0.067
 420          0.143
 421          0.186
 422          0.265
 423          0.338
 424          0.294
 425          0.253
 426          0.175
 427          0.091
 428          0.089
 429          0.133
 430          0.057
 431          0.106
 432          0.075
 433          0.084
 434          0.108
 435          0.118
 436          0.184
 437          0.156
 438          0.212
 439          0.229
 440          0.382
 441          0.327
 442          0.264
 443          0.162
 444          0.165
 445          0.147
 446          0.161
 447          0.097
 448          0.090
 449          0.078
 450          0.101
 451          0.116
 452          0.123
 453          0.060
 454          0.083
 455          0.073
 456          0.086
 457          0.089
 458          0.065
 459          0.080
 460          0.147
 461          0.103
 462          0.112
 463          0.078
 464          0.035
 465          0.078
 466          0.088
 467          0.107
 468          0.169
 469          0.161
 470          0.120
 471          0.130
 472          0.112
 473          0.086
 474          0.043
 475          0.078
 476          0.221
 477          0.277
 478          0.217
 479          0.184
 480          0.180
 481          0.149
 482          0.073
 483          0.073
 484          0.050
 485          0.073
 486          0.102
 487          0.051

# Average distance: 0.113 nm
