# Atom index    Distance (nm)
   1          0.158
   2          0.157
   3          0.132
   4          0.100
   5          0.042
   6          0.009
   7          0.103
   8          0.121
   9          0.133
  10          0.119
  11          0.123
  12          0.107
  13          0.109
  14          0.078
  15          0.096
  16          0.090
  17          0.137
  18          0.110
  19          0.158
  20          0.155
  21          0.130
  22          0.172
  23          0.179
  24          0.167
  25          0.142
  26          0.183
  27          0.145
  28          0.130
  29          0.124
  30          0.116
  31          0.183
  32          0.240
  33          0.105
  34          0.104
  35          0.102
  36          0.090
  37          0.133
  38          0.109
  39          0.141
  40          0.122
  41          0.135
  42          0.064
  43          0.072
  44          0.082
  45          0.072
  46          0.147
  47          0.151
  48          0.219
  49          0.227
  50          0.128
  51          0.137
  52          0.277
  53          0.068
  54          0.040
  55          0.006
  56          0.046
  57          0.097
  58          0.146
  59          0.167
  60          0.164
  61          0.183
  62          0.131
  63          0.078
  64          0.066
  65          0.066
  66          0.065
  67          0.116
  68          0.155
  69          0.131
  70          0.079
  71          0.086
  72          0.028
  73          0.118
  74          0.113
  75          0.182
  76          0.128
  77          0.116
  78          0.101
  79          0.091
  80          0.058
  81          0.112
  82          0.090
  83          0.059
  84          0.056
  85          0.057
  86          0.051
  87          0.024
  88          0.043
  89          0.028
  90          0.117
  91          0.141
  92          0.138
  93          0.105
  94          0.051
  95          0.022
  96          0.049
  97          0.033
  98          0.051
  99          0.054
 100          0.056
 101          0.038
 102          0.014
 103          0.035
 104          0.048
 105          0.025
 106          0.054
 107          0.067
 108          0.060
 109          0.072
 110          0.103
 111          0.115
 112          0.061
 113          0.038
 114          0.049
 115          0.020
 116          0.012
 117          0.037
 118          0.068
 119          0.061
 120          0.064
 121          0.049
 122          0.068
 123          0.071
 124          0.048
 125          0.055
 126          0.064
 127          0.137
 128          0.136
 129          0.151
 130          0.143
 131          0.097
 132          0.083
 133          0.044
 134          0.065
 135          0.045
 136          0.070
 137          0.101
 138          0.082
 139          0.038
 140          0.063
 141          0.070
 142          0.113
 143          0.096
 144          0.096
 145          0.051
 146          0.046
 147          0.022
 148          0.025
 149          0.047
 150          0.038
 151          0.038
 152          0.059
 153          0.071
 154          0.059
 155          0.076
 156          0.059
 157          0.060
 158          0.040
 159          0.036
 160          0.055
 161          0.067
 162          0.070
 163          0.076
 164          0.061
 165          0.043
 166          0.037
 167          0.062
 168          0.025
 169          0.033
 170          0.032
 171          0.074
 172          0.051
 173          0.068
 174          0.114
 175          0.121
 176          0.154
 177          0.224
 178          0.134
 179          0.086
 180          0.084
 181          0.096
 182          0.034
 183          0.033
 184          0.046
 185          0.092
 186          0.069
 187          0.082
 188          0.086
 189          0.061
 190          0.074
 191          0.104
 192          0.123
 193          0.133
 194          0.101
 195          0.104
 196          0.070
 197          0.093
 198          0.105
 199          0.108
 200          0.097
 201          0.117
 202          0.110
 203          0.104
 204          0.097
 205          0.106
 206          0.120
 207          0.081
 208          0.130
 209          0.138
 210          0.038
 211          0.073
 212          0.085
 213          0.034
 214          0.063
 215          0.072
 216          0.044
 217          0.123
 218          0.134
 219          0.189
 220          0.322
 221          0.226
 222          0.253
 223          0.139
 224          0.069
 225          0.060
 226          0.084
 227          0.074
 228          0.055
 229          0.080
 230          0.157
 231          0.120
 232          0.099
 233          0.078
 234          0.088
 235          0.044
 236          0.095
 237          0.176
 238          0.148
 239          0.145
 240          0.136
 241          0.085
 242          0.103
 243          0.169
 244          0.135
 245          0.087
 246          0.121
 247          0.082
 248          0.062
 249          0.046
 250          0.095
 251          0.071
 252          0.090
 253          0.032
 254          0.033
 255          0.048
 256          0.076
 257          0.047
 258          0.077
 259          0.057
 260          0.072
 261          0.024
 262          0.043
 263          0.077
 264          0.080
 265          0.059
 266          0.062
 267          0.057
 268          0.037
 269          0.051
 270          0.067
 271          0.053
 272          0.053
 273          0.049
 274          0.063
 275          0.039
 276          0.037
 277          0.048
 278          0.080
 279          0.056
 280          0.125
 281          0.154
 282          0.109
 283          0.108
 284          0.103
 285          0.078
 286          0.047
 287          0.065
 288          0.054
 289          0.052
 290          0.033
 291          0.055
 292          0.020
 293          0.096
 294          0.128
 295          0.132
 296          0.103
 297          0.084
 298          0.087
 299          0.025
 300          0.051
 301          0.048
 302          0.037
 303          0.032
 304          0.070
 305          0.092
 306          0.032
 307          0.041
 308          0.067
 309          0.073
 310          0.056
 311          0.080
 312          0.141
 313          0.228
 314          0.195
 315          0.078
 316          0.094
 317          0.064
 318          0.037
 319          0.064
 320          0.076
 321          0.066
 322          0.090
 323          0.074
 324          0.090
 325          0.084
 326          0.074
 327          0.119
 328          0.070
 329          0.055
 330          0.056
 331          0.042
 332          0.038
 333          0.050
 334          0.080
 335          0.087
 336          0.070
 337          0.076
 338          0.061
 339          0.036
 340          0.036
 341          0.042
 342          0.047
 343          0.035
 344          0.049
 345          0.035
 346          0.084
 347          0.090
 348          0.052
 349          0.027
 350          0.038
 351          0.034
 352          0.038
 353          0.082
 354          0.070
 355          0.069
 356          0.051
 357          0.040
 358          0.062
 359          0.016
 360          0.073
 361          0.088
 362          0.136
 363          0.162
 364          0.120
 365          0.098
 366          0.056
 367          0.047
 368          0.026
 369          0.027
 370          0.060
 371          0.040
 372          0.057
 373          0.062
 374          0.079
 375          0.108
 376          0.069
 377          0.067
 378          0.092
 379          0.075
 380          0.045
 381          0.036
 382          0.014
 383          0.057
 384          0.076
 385          0.099
 386          0.066
 387          0.074
 388          0.067
 389          0.078
 390          0.087
 391          0.089
 392          0.051
 393          0.034
 394          0.123
 395          0.064
 396          0.030
 397          0.028
 398          0.020
 399          0.015
 400          0.082
 401          0.071
 402          0.077
 403          0.046
 404          0.068
 405          0.058
 406          0.056
 407          0.034
 408          0.037
 409          0.047
 410          0.076
 411          0.096
 412          0.066
 413          0.072
 414          0.076
 415          0.067
 416          0.041
 417          0.060
 418          0.060
 419          0.051
 420          0.063
 421          0.088
 422          0.184
 423          0.085
 424          0.191
 425          0.095
 426          0.110
 427          0.066
 428          0.139
 429          0.119
 430          0.205
 431          0.283
 432          0.290
 433          0.162
 434          0.157
 435          0.102
 436          0.087
 437          0.049
 438          0.144
 439          0.136
 440          0.177
 441          0.205
 442          0.172
 443          0.164
 444          0.110
 445          0.083
 446          0.078
 447          0.073
 448          0.074
 449          0.029
 450          0.033
 451          0.039
 452          0.046
 453          0.054
 454          0.054
 455          0.041
 456          0.070
 457          0.069
 458          0.142
 459          0.174
 460          0.231
 461          0.216
 462          0.197
 463          0.131
 464          0.129
 465          0.135
 466          0.130
 467          0.156
 468          0.168
 469          0.089
 470          0.097
 471          0.080
 472          0.107
 473          0.136
 474          0.156
 475          0.037
 476          0.171
 477          0.300
 478          0.296
 479          0.158
 480          0.111
 481          0.097
 482          0.109
 483          0.103
 484          0.097
 485          0.070
 486          0.038
 487          0.013

# Average distance: 0.089 nm
