# Atom index    Distance (nm)
   1          0.101
   2          0.132
   3          0.081
   4          0.111
   5          0.075
   6          0.076
   7          0.077
   8          0.074
   9          0.056
  10          0.049
  11          0.031
  12          0.031
  13          0.036
  14          0.022
  15          0.050
  16          0.050
  17          0.049
  18          0.056
  19          0.069
  20          0.073
  21          0.047
  22          0.039
  23          0.090
  24          0.087
  25          0.055
  26          0.048
  27          0.061
  28          0.078
  29          0.092
  30          0.125
  31          0.074
  32          0.084
  33          0.105
  34          0.122
  35          0.057
  36          0.070
  37          0.058
  38          0.063
  39          0.069
  40          0.021
  41          0.052
  42          0.065
  43          0.087
  44          0.118
  45          0.155
  46          0.218
  47          0.259
  48          0.293
  49          0.315
  50          0.352
  51          0.152
  52          0.165
  53          0.145
  54          0.115
  55          0.097
  56          0.078
  57          0.046
  58          0.051
  59          0.075
  60          0.128
  61          0.066
  62          0.068
  63          0.038
  64          0.008
  65          0.014
  66          0.058
  67          0.044
  68          0.061
  69          0.038
  70          0.050
  71          0.052
  72          0.071
  73          0.079
  74          0.074
  75          0.099
  76          0.091
  77          0.087
  78          0.079
  79          0.087
  80          0.078
  81          0.068
  82          0.073
  83          0.074
  84          0.135
  85          0.100
  86          0.141
  87          0.134
  88          0.186
  89          0.129
  90          0.136
  91          0.121
  92          0.119
  93          0.120
  94          0.135
  95          0.120
  96          0.101
  97          0.056
  98          0.093
  99          0.105
 100          0.129
 101          0.098
 102          0.087
 103          0.088
 104          0.090
 105          0.110
 106          0.052
 107          0.088
 108          0.081
 109          0.079
 110          0.074
 111          0.114
 112          0.087
 113          0.063
 114          0.082
 115          0.048
 116          0.080
 117          0.136
 118          0.111
 119          0.071
 120          0.080
 121          0.112
 122          0.103
 123          0.124
 124          0.115
 125          0.113
 126          0.082
 127          0.072
 128          0.118
 129          0.072
 130          0.095
 131          0.156
 132          0.036
 133          0.030
 134          0.030
 135          0.050
 136          0.071
 137          0.072
 138          0.069
 139          0.064
 140          0.055
 141          0.088
 142          0.107
 143          0.053
 144          0.059
 145          0.060
 146          0.062
 147          0.052
 148          0.066
 149          0.089
 150          0.100
 151          0.134
 152          0.154
 153          0.118
 154          0.110
 155          0.090
 156          0.079
 157          0.059
 158          0.023
 159          0.029
 160          0.059
 161          0.088
 162          0.115
 163          0.107
 164          0.097
 165          0.087
 166          0.087
 167          0.113
 168          0.095
 169          0.087
 170          0.078
 171          0.091
 172          0.064
 173          0.070
 174          0.208
 175          0.206
 176          0.177
 177          0.109
 178          0.125
 179          0.078
 180          0.054
 181          0.057
 182          0.060
 183          0.037
 184          0.042
 185          0.063
 186          0.079
 187          0.117
 188          0.101
 189          0.087
 190          0.059
 191          0.059
 192          0.074
 193          0.047
 194          0.047
 195          0.082
 196          0.061
 197          0.063
 198          0.113
 199          0.134
 200          0.143
 201          0.121
 202          0.157
 203          0.110
 204          0.092
 205          0.104
 206          0.070
 207          0.072
 208          0.083
 209          0.087
 210          0.052
 211          0.056
 212          0.014
 213          0.025
 214          0.057
 215          0.049
 216          0.034
 217          0.037
 218          0.071
 219          0.074
 220          0.067
 221          0.091
 222          0.094
 223          0.038
 224          0.044
 225          0.030
 226          0.029
 227          0.076
 228          0.124
 229          0.116
 230          0.112
 231          0.049
 232          0.056
 233          0.036
 234          0.034
 235          0.078
 236          0.057
 237          0.081
 238          0.085
 239          0.087
 240          0.073
 241          0.063
 242          0.054
 243          0.062
 244          0.079
 245          0.008
 246          0.011
 247          0.012
 248          0.039
 249          0.045
 250          0.092
 251          0.121
 252          0.059
 253          0.087
 254          0.089
 255          0.080
 256          0.076
 257          0.089
 258          0.058
 259          0.066
 260          0.097
 261          0.098
 262          0.077
 263          0.154
 264          0.170
 265          0.147
 266          0.089
 267          0.026
 268          0.059
 269          0.071
 270          0.054
 271          0.168
 272          0.189
 273          0.099
 274          0.097
 275          0.034
 276          0.072
 277          0.078
 278          0.087
 279          0.065
 280          0.180
 281          0.202
 282          0.187
 283          0.152
 284          0.146
 285          0.097
 286          0.071
 287          0.057
 288          0.062
 289          0.068
 290          0.059
 291          0.083
 292          0.089
 293          0.086
 294          0.122
 295          0.132
 296          0.131
 297          0.091
 298          0.051
 299          0.062
 300          0.077
 301          0.058
 302          0.065
 303          0.058
 304          0.062
 305          0.088
 306          0.112
 307          0.079
 308          0.112
 309          0.104
 310          0.107
 311          0.115
 312          0.140
 313          0.250
 314          0.265
 315          0.169
 316          0.133
 317          0.075
 318          0.089
 319          0.085
 320          0.111
 321          0.109
 322          0.067
 323          0.104
 324          0.072
 325          0.108
 326          0.125
 327          0.095
 328          0.074
 329          0.101
 330          0.044
 331          0.065
 332          0.054
 333          0.023
 334          0.036
 335          0.086
 336          0.082
 337          0.077
 338          0.106
 339          0.067
 340          0.064
 341          0.037
 342          0.058
 343          0.059
 344          0.149
 345          0.183
 346          0.121
 347          0.095
 348          0.090
 349          0.041
 350          0.125
 351          0.103
 352          0.124
 353          0.141
 354          0.154
 355          0.070
 356          0.104
 357          0.093
 358          0.094
 359          0.087
 360          0.090
 361          0.102
 362          0.102
 363          0.125
 364          0.074
 365          0.156
 366          0.175
 367          0.153
 368          0.118
 369          0.103
 370          0.060
 371          0.073
 372          0.115
 373          0.096
 374          0.067
 375          0.039
 376          0.051
 377          0.081
 378          0.088
 379          0.058
 380          0.046
 381          0.040
 382          0.056
 383          0.061
 384          0.077
 385          0.041
 386          0.058
 387          0.086
 388          0.081
 389          0.084
 390          0.119
 391          0.115
 392          0.178
 393          0.221
 394          0.173
 395          0.193
 396          0.150
 397          0.121
 398          0.114
 399          0.109
 400          0.141
 401          0.107
 402          0.102
 403          0.139
 404          0.287
 405          0.198
 406          0.179
 407          0.099
 408          0.086
 409          0.073
 410          0.062
 411          0.078
 412          0.069
 413          0.093
 414          0.086
 415          0.096
 416          0.082
 417          0.060
 418          0.058
 419          0.052
 420          0.076
 421          0.093
 422          0.124
 423          0.085
 424          0.167
 425          0.138
 426          0.061
 427          0.050
 428          0.084
 429          0.097
 430          0.161
 431          0.179
 432          0.166
 433          0.143
 434          0.122
 435          0.097
 436          0.107
 437          0.143
 438          0.220
 439          0.124
 440          0.075
 441          0.070
 442          0.082
 443          0.037
 444          0.048
 445          0.090
 446          0.057
 447          0.009
 448          0.030
 449          0.068
 450          0.071
 451          0.109
 452          0.120
 453          0.126
 454          0.088
 455          0.057
 456          0.050
 457          0.034
 458          0.056
 459          0.106
 460          0.188
 461          0.134
 462          0.110
 463          0.077
 464          0.066
 465          0.048
 466          0.099
 467          0.140
 468          0.213
 469          0.162
 470          0.134
 471          0.109
 472          0.112
 473          0.113
 474          0.117
 475          0.113
 476          0.089
 477          0.121
 478          0.107
 479          0.100
 480          0.076
 481          0.086
 482          0.099
 483          0.052
 484          0.033
 485          0.062
 486          0.080
 487          0.100

# Average distance: 0.092 nm
