# Atom index    Distance (nm)
   1          0.176
   2          0.136
   3          0.061
   4          0.076
   5          0.062
   6          0.064
   7          0.063
   8          0.045
   9          0.030
  10          0.058
  11          0.070
  12          0.067
  13          0.037
  14          0.030
  15          0.028
  16          0.039
  17          0.056
  18          0.034
  19          0.078
  20          0.060
  21          0.086
  22          0.056
  23          0.058
  24          0.096
  25          0.031
  26          0.046
  27          0.097
  28          0.090
  29          0.034
  30          0.052
  31          0.037
  32          0.126
  33          0.202
  34          0.124
  35          0.089
  36          0.058
  37          0.091
  38          0.053
  39          0.036
  40          0.034
  41          0.064
  42          0.066
  43          0.039
  44          0.044
  45          0.129
  46          0.245
  47          0.130
  48          0.284
  49          0.518
  50          0.751
  51          0.566
  52          0.426
  53          0.206
  54          0.098
  55          0.071
  56          0.063
  57          0.082
  58          0.051
  59          0.059
  60          0.085
  61          0.089
  62          0.069
  63          0.071
  64          0.116
  65          0.175
  66          0.130
  67          0.096
  68          0.053
  69          0.077
  70          0.150
  71          0.165
  72          0.186
  73          0.177
  74          0.136
  75          0.092
  76          0.084
  77          0.111
  78          0.182
  79          0.118
  80          0.185
  81          0.190
  82          0.192
  83          0.103
  84          0.117
  85          0.134
  86          0.136
  87          0.089
  88          0.207
  89          0.153
  90          0.157
  91          0.173
  92          0.175
  93          0.161
  94          0.121
  95          0.104
  96          0.126
  97          0.121
  98          0.126
  99          0.124
 100          0.083
 101          0.065
 102          0.045
 103          0.038
 104          0.091
 105          0.122
 106          0.113
 107          0.081
 108          0.059
 109          0.086
 110          0.094
 111          0.110
 112          0.097
 113          0.088
 114          0.092
 115          0.155
 116          0.179
 117          0.186
 118          0.173
 119          0.169
 120          0.152
 121          0.223
 122          0.183
 123          0.100
 124          0.100
 125          0.106
 126          0.089
 127          0.063
 128          0.075
 129          0.044
 130          0.092
 131          0.081
 132          0.027
 133          0.041
 134          0.048
 135          0.020
 136          0.028
 137          0.039
 138          0.063
 139          0.043
 140          0.091
 141          0.152
 142          0.083
 143          0.075
 144          0.121
 145          0.062
 146          0.050
 147          0.063
 148          0.014
 149          0.028
 150          0.040
 151          0.117
 152          0.160
 153          0.189
 154          0.086
 155          0.082
 156          0.055
 157          0.030
 158          0.040
 159          0.046
 160          0.073
 161          0.064
 162          0.085
 163          0.101
 164          0.117
 165          0.080
 166          0.069
 167          0.075
 168          0.036
 169          0.013
 170          0.027
 171          0.033
 172          0.027
 173          0.021
 174          0.025
 175          0.171
 176          0.254
 177          0.494
 178          0.405
 179          0.210
 180          0.081
 181          0.047
 182          0.048
 183          0.041
 184          0.019
 185          0.013
 186          0.048
 187          0.067
 188          0.048
 189          0.044
 190          0.039
 191          0.023
 192          0.036
 193          0.066
 194          0.051
 195          0.062
 196          0.074
 197          0.122
 198          0.186
 199          0.234
 200          0.256
 201          0.333
 202          0.297
 203          0.060
 204          0.070
 205          0.098
 206          0.146
 207          0.101
 208          0.083
 209          0.068
 210          0.090
 211          0.095
 212          0.080
 213          0.055
 214          0.057
 215          0.042
 216          0.039
 217          0.045
 218          0.103
 219          0.111
 220          0.129
 221          0.210
 222          0.155
 223          0.092
 224          0.031
 225          0.008
 226          0.049
 227          0.070
 228          0.068
 229          0.156
 230          0.090
 231          0.071
 232          0.109
 233          0.101
 234          0.037
 235          0.053
 236          0.092
 237          0.163
 238          0.307
 239          0.509
 240          0.639
 241          0.331
 242          0.184
 243          0.083
 244          0.122
 245          0.117
 246          0.042
 247          0.068
 248          0.042
 249          0.049
 250          0.072
 251          0.111
 252          0.041
 253          0.045
 254          0.031
 255          0.040
 256          0.053
 257          0.033
 258          0.067
 259          0.046
 260          0.049
 261          0.046
 262          0.105
 263          0.088
 264          0.102
 265          0.100
 266          0.084
 267          0.057
 268          0.082
 269          0.092
 270          0.085
 271          0.070
 272          0.073
 273          0.094
 274          0.075
 275          0.021
 276          0.025
 277          0.083
 278          0.089
 279          0.105
 280          0.113
 281          0.120
 282          0.118
 283          0.130
 284          0.123
 285          0.078
 286          0.070
 287          0.064
 288          0.052
 289          0.100
 290          0.082
 291          0.143
 292          0.154
 293          0.220
 294          0.252
 295          0.291
 296          0.173
 297          0.243
 298          0.132
 299          0.147
 300          0.140
 301          0.110
 302          0.099
 303          0.085
 304          0.116
 305          0.166
 306          0.175
 307          0.115
 308          0.112
 309          0.097
 310          0.098
 311          0.097
 312          0.109
 313          0.178
 314          0.159
 315          0.089
 316          0.071
 317          0.034
 318          0.040
 319          0.079
 320          0.098
 321          0.127
 322          0.183
 323          0.174
 324          0.201
 325          0.149
 326          0.128
 327          0.143
 328          0.132
 329          0.131
 330          0.111
 331          0.113
 332          0.143
 333          0.150
 334          0.069
 335          0.109
 336          0.102
 337          0.091
 338          0.074
 339          0.074
 340          0.139
 341          0.136
 342          0.132
 343          0.135
 344          0.157
 345          0.203
 346          0.189
 347          0.167
 348          0.147
 349          0.112
 350          0.084
 351          0.075
 352          0.127
 353          0.141
 354          0.125
 355          0.091
 356          0.069
 357          0.047
 358          0.055
 359          0.124
 360          0.110
 361          0.134
 362          0.112
 363          0.126
 364          0.123
 365          0.127
 366          0.154
 367          0.137
 368          0.133
 369          0.099
 370          0.075
 371          0.027
 372          0.047
 373          0.080
 374          0.042
 375          0.030
 376          0.048
 377          0.050
 378          0.030
 379          0.051
 380          0.031
 381          0.035
 382          0.081
 383          0.099
 384          0.169
 385          0.130
 386          0.132
 387          0.147
 388          0.133
 389          0.102
 390          0.091
 391          0.093
 392          0.116
 393          0.203
 394          0.153
 395          0.047
 396          0.044
 397          0.062
 398          0.087
 399          0.117
 400          0.118
 401          0.179
 402          0.190
 403          0.215
 404          0.226
 405          0.096
 406          0.073
 407          0.048
 408          0.051
 409          0.047
 410          0.028
 411          0.104
 412          0.096
 413          0.097
 414          0.061
 415          0.062
 416          0.076
 417          0.075
 418          0.074
 419          0.070
 420          0.073
 421          0.176
 422          0.250
 423          0.369
 424          0.349
 425          0.113
 426          0.047
 427          0.062
 428          0.057
 429          0.050
 430          0.144
 431          0.201
 432          0.100
 433          0.076
 434          0.047
 435          0.051
 436          0.079
 437          0.125
 438          0.117
 439          0.045
 440          0.062
 441          0.055
 442          0.050
 443          0.062
 444          0.079
 445          0.070
 446          0.100
 447          0.067
 448          0.021
 449          0.048
 450          0.023
 451          0.100
 452          0.158
 453          0.066
 454          0.071
 455          0.036
 456          0.026
 457          0.090
 458          0.114
 459          0.086
 460          0.131
 461          0.102
 462          0.090
 463          0.082
 464          0.108
 465          0.085
 466          0.105
 467          0.114
 468          0.170
 469          0.184
 470          0.143
 471          0.122
 472          0.079
 473          0.061
 474          0.146
 475          0.161
 476          0.177
 477          0.066
 478          0.099
 479          0.073
 480          0.138
 481          0.209
 482          0.194
 483          0.147
 484          0.039
 485          0.061
 486          0.091
 487          0.064

# Average distance: 0.107 nm
