# Atom index    Distance (nm)
   1          0.122
   2          0.130
   3          0.078
   4          0.104
   5          0.145
   6          0.129
   7          0.095
   8          0.055
   9          0.084
  10          0.044
  11          0.092
  12          0.212
  13          0.251
  14          0.297
  15          0.235
  16          0.162
  17          0.124
  18          0.091
  19          0.083
  20          0.133
  21          0.115
  22          0.134
  23          0.145
  24          0.141
  25          0.130
  26          0.123
  27          0.103
  28          0.118
  29          0.135
  30          0.121
  31          0.111
  32          0.183
  33          0.196
  34          0.123
  35          0.129
  36          0.101
  37          0.060
  38          0.045
  39          0.061
  40          0.083
  41          0.082
  42          0.076
  43          0.125
  44          0.145
  45          0.112
  46          0.059
  47          0.181
  48          0.094
  49          0.115
  50          0.129
  51          0.094
  52          0.197
  53          0.145
  54          0.172
  55          0.073
  56          0.073
  57          0.080
  58          0.064
  59          0.069
  60          0.069
  61          0.104
  62          0.131
  63          0.092
  64          0.068
  65          0.042
  66          0.064
  67          0.012
  68          0.095
  69          0.119
  70          0.112
  71          0.072
  72          0.092
  73          0.124
  74          0.119
  75          0.146
  76          0.125
  77          0.178
  78          0.170
  79          0.147
  80          0.116
  81          0.209
  82          0.125
  83          0.077
  84          0.104
  85          0.091
  86          0.092
  87          0.091
  88          0.066
  89          0.082
  90          0.042
  91          0.120
  92          0.107
  93          0.085
  94          0.092
  95          0.035
  96          0.055
  97          0.070
  98          0.057
  99          0.046
 100          0.035
 101          0.062
 102          0.025
 103          0.022
 104          0.009
 105          0.047
 106          0.035
 107          0.025
 108          0.059
 109          0.099
 110          0.081
 111          0.068
 112          0.096
 113          0.094
 114          0.031
 115          0.011
 116          0.044
 117          0.066
 118          0.069
 119          0.078
 120          0.039
 121          0.102
 122          0.088
 123          0.069
 124          0.042
 125          0.030
 126          0.048
 127          0.073
 128          0.106
 129          0.116
 130          0.076
 131          0.062
 132          0.066
 133          0.025
 134          0.045
 135          0.040
 136          0.032
 137          0.047
 138          0.046
 139          0.106
 140          0.090
 141          0.087
 142          0.107
 143          0.097
 144          0.076
 145          0.052
 146          0.075
 147          0.062
 148          0.060
 149          0.048
 150          0.017
 151          0.067
 152          0.096
 153          0.301
 154          0.098
 155          0.042
 156          0.046
 157          0.028
 158          0.070
 159          0.079
 160          0.081
 161          0.083
 162          0.061
 163          0.081
 164          0.058
 165          0.064
 166          0.043
 167          0.055
 168          0.068
 169          0.067
 170          0.049
 171          0.071
 172          0.077
 173          0.042
 174          0.040
 175          0.051
 176          0.156
 177          0.151
 178          0.160
 179          0.090
 180          0.048
 181          0.022
 182          0.039
 183          0.075
 184          0.041
 185          0.105
 186          0.082
 187          0.041
 188          0.044
 189          0.056
 190          0.056
 191          0.017
 192          0.025
 193          0.042
 194          0.043
 195          0.026
 196          0.048
 197          0.046
 198          0.067
 199          0.098
 200          0.076
 201          0.072
 202          0.076
 203          0.041
 204          0.025
 205          0.074
 206          0.027
 207          0.037
 208          0.054
 209          0.073
 210          0.034
 211          0.134
 212          0.269
 213          0.121
 214          0.080
 215          0.092
 216          0.060
 217          0.075
 218          0.080
 219          0.028
 220          0.081
 221          0.084
 222          0.090
 223          0.086
 224          0.078
 225          0.060
 226          0.047
 227          0.045
 228          0.037
 229          0.086
 230          0.046
 231          0.079
 232          0.030
 233          0.049
 234          0.048
 235          0.035
 236          0.086
 237          0.168
 238          0.213
 239          0.303
 240          0.160
 241          0.350
 242          0.251
 243          0.113
 244          0.147
 245          0.135
 246          0.087
 247          0.126
 248          0.124
 249          0.098
 250          0.067
 251          0.044
 252          0.035
 253          0.030
 254          0.038
 255          0.067
 256          0.070
 257          0.071
 258          0.062
 259          0.061
 260          0.070
 261          0.081
 262          0.126
 263          0.120
 264          0.098
 265          0.068
 266          0.052
 267          0.062
 268          0.047
 269          0.090
 270          0.131
 271          0.323
 272          0.281
 273          0.213
 274          0.191
 275          0.062
 276          0.056
 277          0.103
 278          0.092
 279          0.061
 280          0.069
 281          0.115
 282          0.092
 283          0.039
 284          0.048
 285          0.089
 286          0.049
 287          0.058
 288          0.037
 289          0.031
 290          0.018
 291          0.033
 292          0.103
 293          0.149
 294          0.102
 295          0.113
 296          0.117
 297          0.114
 298          0.078
 299          0.030
 300          0.032
 301          0.040
 302          0.061
 303          0.057
 304          0.110
 305          0.136
 306          0.125
 307          0.093
 308          0.024
 309          0.055
 310          0.068
 311          0.031
 312          0.097
 313          0.155
 314          0.152
 315          0.078
 316          0.088
 317          0.026
 318          0.037
 319          0.053
 320          0.070
 321          0.063
 322          0.061
 323          0.132
 324          0.147
 325          0.114
 326          0.084
 327          0.075
 328          0.078
 329          0.094
 330          0.097
 331          0.066
 332          0.083
 333          0.078
 334          0.079
 335          0.080
 336          0.060
 337          0.101
 338          0.070
 339          0.040
 340          0.019
 341          0.009
 342          0.059
 343          0.078
 344          0.053
 345          0.050
 346          0.024
 347          0.046
 348          0.061
 349          0.050
 350          0.021
 351          0.063
 352          0.087
 353          0.103
 354          0.100
 355          0.114
 356          0.040
 357          0.025
 358          0.064
 359          0.054
 360          0.053
 361          0.021
 362          0.056
 363          0.135
 364          0.078
 365          0.012
 366          0.041
 367          0.070
 368          0.039
 369          0.035
 370          0.039
 371          0.051
 372          0.057
 373          0.034
 374          0.064
 375          0.069
 376          0.013
 377          0.038
 378          0.033
 379          0.026
 380          0.043
 381          0.052
 382          0.050
 383          0.050
 384          0.064
 385          0.117
 386          0.101
 387          0.066
 388          0.051
 389          0.042
 390          0.020
 391          0.077
 392          0.143
 393          0.170
 394          0.201
 395          0.257
 396          0.178
 397          0.071
 398          0.065
 399          0.075
 400          0.114
 401          0.125
 402          0.149
 403          0.167
 404          0.114
 405          0.062
 406          0.036
 407          0.049
 408          0.035
 409          0.025
 410          0.039
 411          0.052
 412          0.044
 413          0.216
 414          0.173
 415          0.139
 416          0.021
 417          0.047
 418          0.066
 419          0.057
 420          0.077
 421          0.147
 422          0.226
 423          0.208
 424          0.202
 425          0.160
 426          0.075
 427          0.047
 428          0.029
 429          0.031
 430          0.193
 431          0.175
 432          0.088
 433          0.122
 434          0.101
 435          0.098
 436          0.079
 437          0.054
 438          0.037
 439          0.111
 440          0.114
 441          0.122
 442          0.120
 443          0.134
 444          0.035
 445          0.062
 446          0.043
 447          0.050
 448          0.054
 449          0.027
 450          0.056
 451          0.067
 452          0.034
 453          0.023
 454          0.051
 455          0.050
 456          0.036
 457          0.082
 458          0.073
 459          0.058
 460          0.258
 461          0.115
 462          0.068
 463          0.049
 464          0.048
 465          0.059
 466          0.063
 467          0.085
 468          0.059
 469          0.048
 470          0.076
 471          0.080
 472          0.073
 473          0.052
 474          0.063
 475          0.050
 476          0.060
 477          0.051
 478          0.147
 479          0.118
 480          0.064
 481          0.090
 482          0.081
 483          0.070
 484          0.047
 485          0.107
 486          0.092
 487          0.017

# Average distance: 0.085 nm
