# Atom index    Distance (nm)
   1          0.139
   2          0.075
   3          0.163
   4          0.127
   5          0.104
   6          0.131
   7          0.121
   8          0.117
   9          0.119
  10          0.125
  11          0.166
  12          0.220
  13          0.308
  14          0.353
  15          0.259
  16          0.288
  17          0.230
  18          0.147
  19          0.187
  20          0.160
  21          0.194
  22          0.291
  23          0.260
  24          0.222
  25          0.181
  26          0.085
  27          0.039
  28          0.182
  29          0.207
  30          0.285
  31          0.283
  32          0.382
  33          0.389
  34          0.280
  35          0.366
  36          0.378
  37          0.241
  38          0.218
  39          0.203
  40          0.104
  41          0.145
  42          0.191
  43          0.246
  44          0.296
  45          0.341
  46          0.401
  47          0.423
  48          0.549
  49          0.504
  50          0.244
  51          0.350
  52          0.250
  53          0.188
  54          0.188
  55          0.170
  56          0.136
  57          0.162
  58          0.166
  59          0.201
  60          0.236
  61          0.267
  62          0.242
  63          0.188
  64          0.120
  65          0.191
  66          0.208
  67          0.267
  68          0.301
  69          0.371
  70          0.294
  71          0.169
  72          0.085
  73          0.094
  74          0.140
  75          0.203
  76          0.247
  77          0.364
  78          0.446
  79          0.343
  80          0.332
  81          0.315
  82          0.284
  83          0.198
  84          0.228
  85          0.148
  86          0.194
  87          0.155
  88          0.222
  89          0.243
  90          0.316
  91          0.371
  92          0.362
  93          0.365
  94          0.260
  95          0.230
  96          0.195
  97          0.156
  98          0.252
  99          0.269
 100          0.303
 101          0.339
 102          0.431
 103          0.378
 104          0.290
 105          0.210
 106          0.120
 107          0.122
 108          0.193
 109          0.224
 110          0.206
 111          0.181
 112          0.078
 113          0.098
 114          0.107
 115          0.192
 116          0.251
 117          0.291
 118          0.337
 119          0.375
 120          0.298
 121          0.281
 122          0.268
 123          0.201
 124          0.178
 125          0.185
 126          0.131
 127          0.173
 128          0.122
 129          0.106
 130          0.174
 131          0.198
 132          0.130
 133          0.119
 134          0.130
 135          0.065
 136          0.094
 137          0.108
 138          0.119
 139          0.109
 140          0.050
 141          0.051
 142          0.053
 143          0.098
 144          0.078
 145          0.108
 146          0.101
 147          0.090
 148          0.072
 149          0.042
 150          0.075
 151          0.081
 152          0.155
 153          0.220
 154          0.132
 155          0.049
 156          0.052
 157          0.052
 158          0.035
 159          0.065
 160          0.039
 161          0.109
 162          0.155
 163          0.109
 164          0.079
 165          0.056
 166          0.052
 167          0.055
 168          0.088
 169          0.086
 170          0.106
 171          0.115
 172          0.114
 173          0.119
 174          0.120
 175          0.110
 176          0.118
 177          0.179
 178          0.136
 179          0.102
 180          0.067
 181          0.069
 182          0.057
 183          0.079
 184          0.083
 185          0.067
 186          0.051
 187          0.074
 188          0.070
 189          0.054
 190          0.050
 191          0.081
 192          0.057
 193          0.059
 194          0.086
 195          0.083
 196          0.048
 197          0.060
 198          0.086
 199          0.073
 200          0.072
 201          0.086
 202          0.095
 203          0.026
 204          0.064
 205          0.071
 206          0.107
 207          0.133
 208          0.141
 209          0.137
 210          0.177
 211          0.254
 212          0.357
 213          0.329
 214          0.224
 215          0.106
 216          0.101
 217          0.091
 218          0.107
 219          0.135
 220          0.204
 221          0.173
 222          0.163
 223          0.142
 224          0.067
 225          0.028
 226          0.066
 227          0.057
 228          0.045
 229          0.217
 230          0.273
 231          0.068
 232          0.141
 233          0.079
 234          0.052
 235          0.064
 236          0.068
 237          0.091
 238          0.198
 239          0.223
 240          0.207
 241          0.218
 242          0.159
 243          0.191
 244          0.129
 245          0.050
 246          0.133
 247          0.153
 248          0.145
 249          0.171
 250          0.127
 251          0.126
 252          0.089
 253          0.105
 254          0.106
 255          0.037
 256          0.044
 257          0.051
 258          0.060
 259          0.050
 260          0.044
 261          0.132
 262          0.210
 263          0.200
 264          0.142
 265          0.088
 266          0.034
 267          0.040
 268          0.102
 269          0.143
 270          0.127
 271          0.107
 272          0.130
 273          0.151
 274          0.131
 275          0.108
 276          0.113
 277          0.108
 278          0.119
 279          0.102
 280          0.110
 281          0.080
 282          0.048
 283          0.065
 284          0.083
 285          0.094
 286          0.077
 287          0.089
 288          0.045
 289          0.056
 290          0.058
 291          0.115
 292          0.112
 293          0.147
 294          0.147
 295          0.059
 296          0.106
 297          0.094
 298          0.103
 299          0.118
 300          0.127
 301          0.096
 302          0.088
 303          0.111
 304          0.162
 305          0.191
 306          0.198
 307          0.116
 308          0.095
 309          0.071
 310          0.090
 311          0.158
 312          0.195
 313          0.222
 314          0.176
 315          0.219
 316          0.192
 317          0.077
 318          0.090
 319          0.074
 320          0.106
 321          0.123
 322          0.121
 323          0.114
 324          0.100
 325          0.154
 326          0.216
 327          0.153
 328          0.087
 329          0.062
 330          0.075
 331          0.079
 332          0.085
 333          0.141
 334          0.071
 335          0.050
 336          0.038
 337          0.076
 338          0.076
 339          0.114
 340          0.095
 341          0.063
 342          0.084
 343          0.066
 344          0.114
 345          0.163
 346          0.175
 347          0.133
 348          0.105
 349          0.089
 350          0.114
 351          0.078
 352          0.074
 353          0.036
 354          0.081
 355          0.065
 356          0.081
 357          0.105
 358          0.135
 359          0.150
 360          0.211
 361          0.171
 362          0.162
 363          0.170
 364          0.122
 365          0.198
 366          0.132
 367          0.143
 368          0.116
 369          0.116
 370          0.042
 371          0.047
 372          0.048
 373          0.086
 374          0.057
 375          0.016
 376          0.034
 377          0.021
 378          0.034
 379          0.034
 380          0.014
 381          0.052
 382          0.070
 383          0.098
 384          0.109
 385          0.133
 386          0.177
 387          0.146
 388          0.109
 389          0.085
 390          0.104
 391          0.103
 392          0.087
 393          0.075
 394          0.106
 395          0.109
 396          0.075
 397          0.082
 398          0.124
 399          0.119
 400          0.124
 401          0.152
 402          0.154
 403          0.122
 404          0.102
 405          0.070
 406          0.073
 407          0.067
 408          0.065
 409          0.086
 410          0.073
 411          0.154
 412          0.124
 413          0.091
 414          0.082
 415          0.112
 416          0.069
 417          0.052
 418          0.079
 419          0.077
 420          0.060
 421          0.112
 422          0.186
 423          0.129
 424          0.139
 425          0.070
 426          0.070
 427          0.076
 428          0.080
 429          0.109
 430          0.157
 431          0.185
 432          0.193
 433          0.146
 434          0.134
 435          0.119
 436          0.095
 437          0.086
 438          0.061
 439          0.074
 440          0.080
 441          0.069
 442          0.072
 443          0.099
 444          0.145
 445          0.123
 446          0.117
 447          0.116
 448          0.112
 449          0.085
 450          0.110
 451          0.032
 452          0.071
 453          0.040
 454          0.111
 455          0.119
 456          0.115
 457          0.064
 458          0.069
 459          0.113
 460          0.156
 461          0.096
 462          0.094
 463          0.097
 464          0.101
 465          0.143
 466          0.153
 467          0.199
 468          0.261
 469          0.123
 470          0.135
 471          0.137
 472          0.114
 473          0.120
 474          0.098
 475          0.125
 476          0.102
 477          0.132
 478          0.177
 479          0.127
 480          0.098
 481          0.066
 482          0.129
 483          0.085
 484          0.101
 485          0.134
 486          0.070
 487          0.011

# Average distance: 0.140 nm
