# Atom index    Distance (nm)
   1          0.134
   2          0.112
   3          0.089
   4          0.060
   5          0.067
   6          0.072
   7          0.102
   8          0.072
   9          0.027
  10          0.032
  11          0.030
  12          0.045
  13          0.086
  14          0.108
  15          0.043
  16          0.034
  17          0.037
  18          0.009
  19          0.067
  20          0.031
  21          0.108
  22          0.204
  23          0.168
  24          0.225
  25          0.154
  26          0.113
  27          0.079
  28          0.043
  29          0.013
  30          0.021
  31          0.040
  32          0.083
  33          0.034
  34          0.064
  35          0.056
  36          0.041
  37          0.063
  38          0.058
  39          0.078
  40          0.098
  41          0.103
  42          0.102
  43          0.128
  44          0.183
  45          0.243
  46          0.285
  47          0.262
  48          0.305
  49          0.289
  50          0.292
  51          0.274
  52          0.205
  53          0.152
  54          0.146
  55          0.137
  56          0.131
  57          0.156
  58          0.137
  59          0.122
  60          0.159
  61          0.125
  62          0.128
  63          0.137
  64          0.125
  65          0.161
  66          0.149
  67          0.100
  68          0.198
  69          0.167
  70          0.088
  71          0.069
  72          0.083
  73          0.098
  74          0.092
  75          0.158
  76          0.180
  77          0.197
  78          0.203
  79          0.230
  80          0.236
  81          0.230
  82          0.202
  83          0.183
  84          0.164
  85          0.115
  86          0.086
  87          0.125
  88          0.101
  89          0.053
  90          0.060
  91          0.068
  92          0.048
  93          0.042
  94          0.066
  95          0.096
  96          0.105
  97          0.112
  98          0.110
  99          0.130
 100          0.197
 101          0.144
 102          0.132
 103          0.152
 104          0.148
 105          0.124
 106          0.082
 107          0.042
 108          0.100
 109          0.161
 110          0.093
 111          0.135
 112          0.132
 113          0.082
 114          0.097
 115          0.086
 116          0.097
 117          0.099
 118          0.109
 119          0.123
 120          0.141
 121          0.121
 122          0.121
 123          0.064
 124          0.061
 125          0.062
 126          0.082
 127          0.042
 128          0.072
 129          0.072
 130          0.068
 131          0.072
 132          0.071
 133          0.073
 134          0.056
 135          0.049
 136          0.062
 137          0.026
 138          0.043
 139          0.041
 140          0.085
 141          0.099
 142          0.075
 143          0.085
 144          0.073
 145          0.068
 146          0.046
 147          0.042
 148          0.045
 149          0.063
 150          0.100
 151          0.066
 152          0.197
 153          0.253
 154          0.189
 155          0.130
 156          0.099
 157          0.067
 158          0.048
 159          0.041
 160          0.097
 161          0.106
 162          0.050
 163          0.043
 164          0.079
 165          0.094
 166          0.147
 167          0.063
 168          0.054
 169          0.051
 170          0.050
 171          0.044
 172          0.060
 173          0.054
 174          0.062
 175          0.066
 176          0.054
 177          0.112
 178          0.078
 179          0.059
 180          0.073
 181          0.070
 182          0.063
 183          0.055
 184          0.053
 185          0.068
 186          0.073
 187          0.075
 188          0.080
 189          0.063
 190          0.074
 191          0.075
 192          0.023
 193          0.097
 194          0.035
 195          0.095
 196          0.088
 197          0.112
 198          0.143
 199          0.166
 200          0.097
 201          0.132
 202          0.103
 203          0.087
 204          0.104
 205          0.090
 206          0.085
 207          0.115
 208          0.147
 209          0.154
 210          0.144
 211          0.125
 212          0.196
 213          0.191
 214          0.176
 215          0.161
 216          0.091
 217          0.101
 218          0.045
 219          0.047
 220          0.031
 221          0.148
 222          0.125
 223          0.070
 224          0.053
 225          0.046
 226          0.074
 227          0.075
 228          0.047
 229          0.059
 230          0.079
 231          0.081
 232          0.059
 233          0.085
 234          0.078
 235          0.094
 236          0.084
 237          0.073
 238          0.064
 239          0.093
 240          0.082
 241          0.060
 242          0.041
 243          0.038
 244          0.059
 245          0.065
 246          0.057
 247          0.106
 248          0.085
 249          0.044
 250          0.050
 251          0.080
 252          0.046
 253          0.031
 254          0.024
 255          0.063
 256          0.060
 257          0.021
 258          0.025
 259          0.023
 260          0.018
 261          0.022
 262          0.023
 263          0.065
 264          0.072
 265          0.082
 266          0.044
 267          0.061
 268          0.050
 269          0.088
 270          0.090
 271          0.079
 272          0.099
 273          0.100
 274          0.103
 275          0.094
 276          0.091
 277          0.068
 278          0.125
 279          0.071
 280          0.123
 281          0.119
 282          0.057
 283          0.060
 284          0.056
 285          0.056
 286          0.022
 287          0.030
 288          0.023
 289          0.026
 290          0.031
 291          0.054
 292          0.098
 293          0.116
 294          0.221
 295          0.286
 296          0.254
 297          0.225
 298          0.177
 299          0.121
 300          0.075
 301          0.043
 302          0.044
 303          0.034
 304          0.065
 305          0.096
 306          0.116
 307          0.128
 308          0.079
 309          0.061
 310          0.075
 311          0.100
 312          0.085
 313          0.141
 314          0.193
 315          0.158
 316          0.103
 317          0.110
 318          0.066
 319          0.051
 320          0.033
 321          0.069
 322          0.122
 323          0.100
 324          0.157
 325          0.185
 326          0.182
 327          0.140
 328          0.095
 329          0.161
 330          0.099
 331          0.147
 332          0.111
 333          0.110
 334          0.115
 335          0.126
 336          0.078
 337          0.072
 338          0.088
 339          0.093
 340          0.122
 341          0.111
 342          0.159
 343          0.143
 344          0.145
 345          0.161
 346          0.179
 347          0.174
 348          0.139
 349          0.090
 350          0.085
 351          0.081
 352          0.058
 353          0.149
 354          0.127
 355          0.100
 356          0.070
 357          0.068
 358          0.063
 359          0.109
 360          0.173
 361          0.142
 362          0.213
 363          0.169
 364          0.145
 365          0.142
 366          0.156
 367          0.121
 368          0.107
 369          0.117
 370          0.117
 371          0.083
 372          0.031
 373          0.013
 374          0.038
 375          0.038
 376          0.029
 377          0.030
 378          0.030
 379          0.084
 380          0.079
 381          0.053
 382          0.048
 383          0.063
 384          0.096
 385          0.063
 386          0.049
 387          0.120
 388          0.064
 389          0.066
 390          0.072
 391          0.046
 392          0.078
 393          0.161
 394          0.135
 395          0.127
 396          0.048
 397          0.074
 398          0.060
 399          0.088
 400          0.096
 401          0.052
 402          0.033
 403          0.029
 404          0.030
 405          0.056
 406          0.043
 407          0.040
 408          0.031
 409          0.019
 410          0.012
 411          0.055
 412          0.079
 413          0.236
 414          0.201
 415          0.147
 416          0.158
 417          0.065
 418          0.012
 419          0.040
 420          0.030
 421          0.038
 422          0.065
 423          0.048
 424          0.071
 425          0.049
 426          0.046
 427          0.080
 428          0.118
 429          0.092
 430          0.383
 431          0.377
 432          0.240
 433          0.131
 434          0.087
 435          0.043
 436          0.079
 437          0.043
 438          0.097
 439          0.088
 440          0.106
 441          0.140
 442          0.224
 443          0.178
 444          0.097
 445          0.073
 446          0.056
 447          0.068
 448          0.078
 449          0.055
 450          0.051
 451          0.055
 452          0.039
 453          0.039
 454          0.050
 455          0.050
 456          0.078
 457          0.051
 458          0.029
 459          0.151
 460          0.214
 461          0.153
 462          0.120
 463          0.053
 464          0.044
 465          0.054
 466          0.073
 467          0.102
 468          0.132
 469          0.114
 470          0.095
 471          0.112
 472          0.108
 473          0.022
 474          0.053
 475          0.101
 476          0.071
 477          0.129
 478          0.083
 479          0.013
 480          0.052
 481          0.082
 482          0.086
 483          0.055
 484          0.070
 485          0.056
 486          0.078
 487          0.077

# Average distance: 0.096 nm
