# Atom index    Distance (nm)
   1          0.101
   2          0.120
   3          0.104
   4          0.089
   5          0.117
   6          0.033
   7          0.042
   8          0.038
   9          0.031
  10          0.061
  11          0.097
  12          0.059
  13          0.047
  14          0.142
  15          0.184
  16          0.166
  17          0.082
  18          0.095
  19          0.086
  20          0.065
  21          0.061
  22          0.062
  23          0.202
  24          0.241
  25          0.174
  26          0.061
  27          0.068
  28          0.065
  29          0.043
  30          0.092
  31          0.095
  32          0.086
  33          0.107
  34          0.045
  35          0.090
  36          0.088
  37          0.101
  38          0.112
  39          0.091
  40          0.087
  41          0.067
  42          0.059
  43          0.089
  44          0.097
  45          0.090
  46          0.184
  47          0.092
  48          0.173
  49          0.174
  50          0.200
  51          0.259
  52          0.174
  53          0.074
  54          0.074
  55          0.073
  56          0.081
  57          0.090
  58          0.087
  59          0.126
  60          0.098
  61          0.101
  62          0.061
  63          0.048
  64          0.061
  65          0.111
  66          0.061
  67          0.117
  68          0.099
  69          0.115
  70          0.087
  71          0.100
  72          0.115
  73          0.117
  74          0.067
  75          0.100
  76          0.090
  77          0.107
  78          0.111
  79          0.110
  80          0.125
  81          0.080
  82          0.039
  83          0.060
  84          0.062
  85          0.042
  86          0.066
  87          0.066
  88          0.055
  89          0.066
  90          0.094
  91          0.122
  92          0.054
  93          0.120
  94          0.079
  95          0.061
  96          0.054
  97          0.054
  98          0.050
  99          0.044
 100          0.084
 101          0.060
 102          0.051
 103          0.061
 104          0.078
 105          0.092
 106          0.081
 107          0.120
 108          0.106
 109          0.102
 110          0.091
 111          0.125
 112          0.098
 113          0.105
 114          0.112
 115          0.105
 116          0.096
 117          0.088
 118          0.087
 119          0.071
 120          0.030
 121          0.044
 122          0.067
 123          0.058
 124          0.067
 125          0.024
 126          0.046
 127          0.059
 128          0.095
 129          0.080
 130          0.045
 131          0.018
 132          0.031
 133          0.029
 134          0.053
 135          0.029
 136          0.094
 137          0.091
 138          0.076
 139          0.048
 140          0.071
 141          0.065
 142          0.119
 143          0.119
 144          0.075
 145          0.052
 146          0.096
 147          0.053
 148          0.054
 149          0.059
 150          0.104
 151          0.168
 152          0.080
 153          0.079
 154          0.081
 155          0.078
 156          0.073
 157          0.023
 158          0.048
 159          0.046
 160          0.027
 161          0.052
 162          0.075
 163          0.106
 164          0.020
 165          0.016
 166          0.018
 167          0.017
 168          0.025
 169          0.072
 170          0.076
 171          0.044
 172          0.031
 173          0.055
 174          0.079
 175          0.091
 176          0.134
 177          0.109
 178          0.093
 179          0.073
 180          0.086
 181          0.075
 182          0.032
 183          0.026
 184          0.026
 185          0.087
 186          0.071
 187          0.050
 188          0.034
 189          0.065
 190          0.033
 191          0.069
 192          0.138
 193          0.107
 194          0.048
 195          0.064
 196          0.031
 197          0.050
 198          0.082
 199          0.118
 200          0.088
 201          0.093
 202          0.102
 203          0.104
 204          0.080
 205          0.124
 206          0.085
 207          0.073
 208          0.079
 209          0.097
 210          0.043
 211          0.083
 212          0.330
 213          0.136
 214          0.041
 215          0.074
 216          0.093
 217          0.077
 218          0.105
 219          0.088
 220          0.061
 221          0.060
 222          0.058
 223          0.076
 224          0.082
 225          0.098
 226          0.052
 227          0.045
 228          0.036
 229          0.058
 230          0.056
 231          0.098
 232          0.021
 233          0.048
 234          0.092
 235          0.099
 236          0.077
 237          0.096
 238          0.089
 239          0.078
 240          0.084
 241          0.048
 242          0.080
 243          0.134
 244          0.151
 245          0.075
 246          0.131
 247          0.147
 248          0.040
 249          0.072
 250          0.083
 251          0.109
 252          0.059
 253          0.056
 254          0.053
 255          0.049
 256          0.034
 257          0.040
 258          0.048
 259          0.054
 260          0.087
 261          0.104
 262          0.183
 263          0.205
 264          0.221
 265          0.173
 266          0.105
 267          0.057
 268          0.069
 269          0.074
 270          0.046
 271          0.049
 272          0.059
 273          0.039
 274          0.030
 275          0.021
 276          0.068
 277          0.114
 278          0.100
 279          0.149
 280          0.155
 281          0.154
 282          0.084
 283          0.098
 284          0.080
 285          0.061
 286          0.068
 287          0.054
 288          0.030
 289          0.022
 290          0.051
 291          0.029
 292          0.097
 293          0.131
 294          0.104
 295          0.066
 296          0.108
 297          0.087
 298          0.067
 299          0.064
 300          0.053
 301          0.047
 302          0.056
 303          0.072
 304          0.060
 305          0.183
 306          0.175
 307          0.113
 308          0.049
 309          0.052
 310          0.036
 311          0.039
 312          0.052
 313          0.055
 314          0.085
 315          0.068
 316          0.076
 317          0.054
 318          0.041
 319          0.054
 320          0.033
 321          0.039
 322          0.038
 323          0.063
 324          0.057
 325          0.162
 326          0.073
 327          0.032
 328          0.031
 329          0.032
 330          0.028
 331          0.047
 332          0.093
 333          0.046
 334          0.041
 335          0.043
 336          0.028
 337          0.027
 338          0.041
 339          0.067
 340          0.015
 341          0.026
 342          0.019
 343          0.039
 344          0.009
 345          0.025
 346          0.035
 347          0.039
 348          0.054
 349          0.053
 350          0.014
 351          0.085
 352          0.084
 353          0.076
 354          0.076
 355          0.060
 356          0.059
 357          0.047
 358          0.066
 359          0.049
 360          0.060
 361          0.074
 362          0.123
 363          0.180
 364          0.088
 365          0.150
 366          0.182
 367          0.127
 368          0.026
 369          0.039
 370          0.077
 371          0.058
 372          0.125
 373          0.087
 374          0.079
 375          0.089
 376          0.085
 377          0.068
 378          0.050
 379          0.053
 380          0.034
 381          0.028
 382          0.038
 383          0.060
 384          0.079
 385          0.099
 386          0.108
 387          0.084
 388          0.061
 389          0.039
 390          0.023
 391          0.048
 392          0.036
 393          0.062
 394          0.067
 395          0.092
 396          0.056
 397          0.008
 398          0.026
 399          0.046
 400          0.031
 401          0.094
 402          0.063
 403          0.074
 404          0.076
 405          0.041
 406          0.038
 407          0.038
 408          0.045
 409          0.029
 410          0.039
 411          0.064
 412          0.068
 413          0.064
 414          0.043
 415          0.107
 416          0.067
 417          0.054
 418          0.049
 419          0.031
 420          0.024
 421          0.096
 422          0.130
 423          0.058
 424          0.133
 425          0.056
 426          0.053
 427          0.049
 428          0.051
 429          0.028
 430          0.079
 431          0.147
 432          0.097
 433          0.082
 434          0.038
 435          0.011
 436          0.037
 437          0.044
 438          0.092
 439          0.078
 440          0.090
 441          0.087
 442          0.134
 443          0.088
 444          0.048
 445          0.039
 446          0.035
 447          0.079
 448          0.074
 449          0.085
 450          0.077
 451          0.079
 452          0.090
 453          0.061
 454          0.060
 455          0.063
 456          0.069
 457          0.055
 458          0.049
 459          0.069
 460          0.031
 461          0.033
 462          0.053
 463          0.051
 464          0.018
 465          0.008
 466          0.056
 467          0.114
 468          0.107
 469          0.108
 470          0.026
 471          0.075
 472          0.052
 473          0.034
 474          0.031
 475          0.066
 476          0.071
 477          0.125
 478          0.120
 479          0.104
 480          0.082
 481          0.123
 482          0.097
 483          0.037
 484          0.095
 485          0.086
 486          0.080
 487          0.049

# Average distance: 0.076 nm
