# Atom index    Distance (nm)
   1          0.140
   2          0.125
   3          0.188
   4          0.161
   5          0.166
   6          0.168
   7          0.067
   8          0.050
   9          0.056
  10          0.115
  11          0.191
  12          0.244
  13          0.307
  14          0.360
  15          0.307
  16          0.240
  17          0.190
  18          0.135
  19          0.110
  20          0.189
  21          0.220
  22          0.282
  23          0.315
  24          0.275
  25          0.242
  26          0.227
  27          0.190
  28          0.190
  29          0.186
  30          0.244
  31          0.219
  32          0.245
  33          0.163
  34          0.163
  35          0.198
  36          0.237
  37          0.161
  38          0.113
  39          0.111
  40          0.008
  41          0.097
  42          0.207
  43          0.171
  44          0.267
  45          0.344
  46          0.464
  47          0.520
  48          0.542
  49          0.436
  50          0.345
  51          0.394
  52          0.370
  53          0.354
  54          0.260
  55          0.166
  56          0.121
  57          0.156
  58          0.151
  59          0.106
  60          0.182
  61          0.194
  62          0.184
  63          0.150
  64          0.136
  65          0.134
  66          0.160
  67          0.172
  68          0.305
  69          0.296
  70          0.225
  71          0.172
  72          0.137
  73          0.153
  74          0.193
  75          0.236
  76          0.232
  77          0.233
  78          0.255
  79          0.204
  80          0.196
  81          0.293
  82          0.260
  83          0.162
  84          0.202
  85          0.151
  86          0.126
  87          0.095
  88          0.228
  89          0.284
  90          0.259
  91          0.245
  92          0.230
  93          0.254
  94          0.194
  95          0.170
  96          0.062
  97          0.065
  98          0.078
  99          0.145
 100          0.165
 101          0.185
 102          0.185
 103          0.127
 104          0.114
 105          0.084
 106          0.044
 107          0.087
 108          0.172
 109          0.287
 110          0.257
 111          0.334
 112          0.278
 113          0.184
 114          0.161
 115          0.160
 116          0.179
 117          0.112
 118          0.110
 119          0.055
 120          0.043
 121          0.071
 122          0.125
 123          0.127
 124          0.084
 125          0.105
 126          0.179
 127          0.305
 128          0.242
 129          0.046
 130          0.030
 131          0.059
 132          0.124
 133          0.132
 134          0.144
 135          0.092
 136          0.100
 137          0.118
 138          0.129
 139          0.105
 140          0.144
 141          0.203
 142          0.275
 143          0.233
 144          0.131
 145          0.120
 146          0.078
 147          0.092
 148          0.063
 149          0.044
 150          0.126
 151          0.195
 152          0.195
 153          0.257
 154          0.116
 155          0.091
 156          0.096
 157          0.052
 158          0.052
 159          0.077
 160          0.092
 161          0.081
 162          0.139
 163          0.108
 164          0.078
 165          0.041
 166          0.051
 167          0.012
 168          0.016
 169          0.028
 170          0.026
 171          0.038
 172          0.071
 173          0.048
 174          0.162
 175          0.153
 176          0.167
 177          0.205
 178          0.285
 179          0.150
 180          0.134
 181          0.085
 182          0.102
 183          0.029
 184          0.063
 185          0.082
 186          0.087
 187          0.059
 188          0.057
 189          0.069
 190          0.115
 191          0.137
 192          0.191
 193          0.179
 194          0.182
 195          0.126
 196          0.081
 197          0.062
 198          0.076
 199          0.148
 200          0.138
 201          0.191
 202          0.243
 203          0.169
 204          0.124
 205          0.116
 206          0.084
 207          0.140
 208          0.132
 209          0.184
 210          0.124
 211          0.103
 212          0.109
 213          0.137
 214          0.160
 215          0.132
 216          0.158
 217          0.161
 218          0.140
 219          0.067
 220          0.094
 221          0.123
 222          0.118
 223          0.094
 224          0.161
 225          0.182
 226          0.176
 227          0.211
 228          0.258
 229          0.264
 230          0.253
 231          0.280
 232          0.257
 233          0.183
 234          0.161
 235          0.186
 236          0.197
 237          0.213
 238          0.471
 239          0.535
 240          0.677
 241          0.539
 242          0.221
 243          0.387
 244          0.166
 245          0.150
 246          0.174
 247          0.178
 248          0.184
 249          0.142
 250          0.116
 251          0.149
 252          0.111
 253          0.097
 254          0.107
 255          0.068
 256          0.023
 257          0.020
 258          0.045
 259          0.047
 260          0.054
 261          0.036
 262          0.051
 263          0.097
 264          0.125
 265          0.064
 266          0.079
 267          0.045
 268          0.016
 269          0.069
 270          0.124
 271          0.319
 272          0.182
 273          0.138
 274          0.079
 275          0.056
 276          0.046
 277          0.057
 278          0.038
 279          0.055
 280          0.109
 281          0.104
 282          0.096
 283          0.048
 284          0.101
 285          0.079
 286          0.040
 287          0.039
 288          0.045
 289          0.056
 290          0.072
 291          0.056
 292          0.072
 293          0.159
 294          0.280
 295          0.157
 296          0.093
 297          0.148
 298          0.129
 299          0.113
 300          0.033
 301          0.009
 302          0.038
 303          0.059
 304          0.055
 305          0.097
 306          0.097
 307          0.101
 308          0.116
 309          0.088
 310          0.094
 311          0.122
 312          0.148
 313          0.207
 314          0.264
 315          0.264
 316          0.128
 317          0.098
 318          0.092
 319          0.094
 320          0.166
 321          0.158
 322          0.191
 323          0.171
 324          0.137
 325          0.106
 326          0.144
 327          0.145
 328          0.126
 329          0.102
 330          0.079
 331          0.080
 332          0.064
 333          0.045
 334          0.033
 335          0.028
 336          0.088
 337          0.103
 338          0.073
 339          0.079
 340          0.069
 341          0.048
 342          0.081
 343          0.077
 344          0.095
 345          0.139
 346          0.132
 347          0.124
 348          0.067
 349          0.065
 350          0.081
 351          0.099
 352          0.064
 353          0.149
 354          0.095
 355          0.132
 356          0.101
 357          0.094
 358          0.107
 359          0.115
 360          0.147
 361          0.125
 362          0.102
 363          0.176
 364          0.115
 365          0.157
 366          0.170
 367          0.152
 368          0.093
 369          0.058
 370          0.048
 371          0.087
 372          0.101
 373          0.120
 374          0.070
 375          0.057
 376          0.050
 377          0.109
 378          0.096
 379          0.086
 380          0.127
 381          0.158
 382          0.090
 383          0.110
 384          0.202
 385          0.174
 386          0.187
 387          0.173
 388          0.152
 389          0.137
 390          0.209
 391          0.187
 392          0.152
 393          0.237
 394          0.174
 395          0.214
 396          0.293
 397          0.168
 398          0.171
 399          0.149
 400          0.092
 401          0.227
 402          0.165
 403          0.158
 404          0.239
 405          0.179
 406          0.194
 407          0.171
 408          0.143
 409          0.124
 410          0.134
 411          0.170
 412          0.122
 413          0.109
 414          0.177
 415          0.176
 416          0.111
 417          0.078
 418          0.113
 419          0.095
 420          0.112
 421          0.172
 422          0.203
 423          0.167
 424          0.127
 425          0.125
 426          0.113
 427          0.120
 428          0.124
 429          0.171
 430          0.275
 431          0.251
 432          0.253
 433          0.205
 434          0.172
 435          0.139
 436          0.148
 437          0.118
 438          0.135
 439          0.119
 440          0.145
 441          0.123
 442          0.135
 443          0.106
 444          0.059
 445          0.046
 446          0.085
 447          0.068
 448          0.053
 449          0.039
 450          0.078
 451          0.114
 452          0.133
 453          0.069
 454          0.079
 455          0.057
 456          0.041
 457          0.033
 458          0.053
 459          0.090
 460          0.154
 461          0.128
 462          0.117
 463          0.084
 464          0.105
 465          0.135
 466          0.129
 467          0.139
 468          0.430
 469          0.077
 470          0.271
 471          0.111
 472          0.107
 473          0.109
 474          0.125
 475          0.234
 476          0.163
 477          0.097
 478          0.107
 479          0.156
 480          0.161
 481          0.279
 482          0.270
 483          0.145
 484          0.103
 485          0.082
 486          0.080
 487          0.095

# Average distance: 0.146 nm
