# Atom index    Distance (nm)
   1          0.153
   2          0.218
   3          0.220
   4          0.153
   5          0.246
   6          0.139
   7          0.111
   8          0.054
   9          0.021
  10          0.021
  11          0.030
  12          0.062
  13          0.070
  14          0.149
  15          0.089
  16          0.098
  17          0.067
  18          0.064
  19          0.087
  20          0.128
  21          0.077
  22          0.047
  23          0.044
  24          0.084
  25          0.089
  26          0.096
  27          0.061
  28          0.078
  29          0.080
  30          0.156
  31          0.088
  32          0.069
  33          0.065
  34          0.047
  35          0.078
  36          0.147
  37          0.146
  38          0.103
  39          0.091
  40          0.063
  41          0.073
  42          0.072
  43          0.051
  44          0.066
  45          0.102
  46          0.093
  47          0.144
  48          0.100
  49          0.099
  50          0.038
  51          0.031
  52          0.048
  53          0.045
  54          0.045
  55          0.023
  56          0.041
  57          0.034
  58          0.049
  59          0.057
  60          0.049
  61          0.054
  62          0.070
  63          0.033
  64          0.036
  65          0.015
  66          0.072
  67          0.129
  68          0.175
  69          0.112
  70          0.081
  71          0.065
  72          0.073
  73          0.066
  74          0.039
  75          0.054
  76          0.095
  77          0.062
  78          0.166
  79          0.111
  80          0.041
  81          0.048
  82          0.025
  83          0.062
  84          0.058
  85          0.072
  86          0.094
  87          0.106
  88          0.112
  89          0.108
  90          0.086
  91          0.067
  92          0.082
  93          0.062
  94          0.069
  95          0.100
  96          0.107
  97          0.089
  98          0.097
  99          0.081
 100          0.062
 101          0.086
 102          0.086
 103          0.077
 104          0.093
 105          0.079
 106          0.084
 107          0.108
 108          0.132
 109          0.132
 110          0.143
 111          0.181
 112          0.144
 113          0.140
 114          0.135
 115          0.122
 116          0.122
 117          0.126
 118          0.146
 119          0.098
 120          0.148
 121          0.093
 122          0.087
 123          0.110
 124          0.122
 125          0.095
 126          0.119
 127          0.066
 128          0.060
 129          0.046
 130          0.069
 131          0.036
 132          0.046
 133          0.044
 134          0.052
 135          0.053
 136          0.023
 137          0.060
 138          0.065
 139          0.113
 140          0.128
 141          0.137
 142          0.140
 143          0.133
 144          0.120
 145          0.085
 146          0.067
 147          0.079
 148          0.056
 149          0.056
 150          0.103
 151          0.107
 152          0.065
 153          0.100
 154          0.085
 155          0.128
 156          0.086
 157          0.048
 158          0.071
 159          0.072
 160          0.059
 161          0.054
 162          0.096
 163          0.052
 164          0.065
 165          0.102
 166          0.099
 167          0.072
 168          0.048
 169          0.043
 170          0.054
 171          0.031
 172          0.041
 173          0.053
 174          0.055
 175          0.069
 176          0.146
 177          0.075
 178          0.045
 179          0.074
 180          0.047
 181          0.055
 182          0.042
 183          0.038
 184          0.052
 185          0.085
 186          0.075
 187          0.100
 188          0.045
 189          0.030
 190          0.053
 191          0.030
 192          0.057
 193          0.049
 194          0.072
 195          0.056
 196          0.048
 197          0.049
 198          0.039
 199          0.022
 200          0.077
 201          0.056
 202          0.062
 203          0.043
 204          0.045
 205          0.052
 206          0.034
 207          0.086
 208          0.110
 209          0.129
 210          0.145
 211          0.177
 212          0.222
 213          0.120
 214          0.124
 215          0.093
 216          0.096
 217          0.070
 218          0.064
 219          0.087
 220          0.198
 221          0.183
 222          0.158
 223          0.113
 224          0.104
 225          0.064
 226          0.090
 227          0.100
 228          0.111
 229          0.164
 230          0.186
 231          0.140
 232          0.116
 233          0.099
 234          0.025
 235          0.076
 236          0.092
 237          0.178
 238          0.156
 239          0.092
 240          0.102
 241          0.086
 242          0.099
 243          0.158
 244          0.200
 245          0.172
 246          0.107
 247          0.133
 248          0.116
 249          0.164
 250          0.068
 251          0.016
 252          0.042
 253          0.038
 254          0.053
 255          0.085
 256          0.074
 257          0.054
 258          0.060
 259          0.054
 260          0.047
 261          0.116
 262          0.113
 263          0.088
 264          0.139
 265          0.095
 266          0.083
 267          0.101
 268          0.117
 269          0.128
 270          0.113
 271          0.163
 272          0.161
 273          0.156
 274          0.157
 275          0.118
 276          0.117
 277          0.106
 278          0.187
 279          0.119
 280          0.131
 281          0.124
 282          0.101
 283          0.084
 284          0.065
 285          0.090
 286          0.059
 287          0.036
 288          0.059
 289          0.100
 290          0.119
 291          0.122
 292          0.085
 293          0.149
 294          0.139
 295          0.118
 296          0.151
 297          0.157
 298          0.183
 299          0.125
 300          0.136
 301          0.077
 302          0.137
 303          0.132
 304          0.134
 305          0.163
 306          0.166
 307          0.135
 308          0.106
 309          0.085
 310          0.116
 311          0.100
 312          0.136
 313          0.118
 314          0.178
 315          0.116
 316          0.097
 317          0.124
 318          0.149
 319          0.123
 320          0.115
 321          0.110
 322          0.144
 323          0.298
 324          0.206
 325          0.197
 326          0.160
 327          0.121
 328          0.141
 329          0.148
 330          0.119
 331          0.112
 332          0.058
 333          0.071
 334          0.087
 335          0.092
 336          0.112
 337          0.121
 338          0.098
 339          0.081
 340          0.078
 341          0.088
 342          0.125
 343          0.122
 344          0.080
 345          0.110
 346          0.109
 347          0.090
 348          0.043
 349          0.071
 350          0.096
 351          0.125
 352          0.247
 353          0.382
 354          0.373
 355          0.215
 356          0.182
 357          0.105
 358          0.106
 359          0.081
 360          0.039
 361          0.105
 362          0.106
 363          0.088
 364          0.097
 365          0.127
 366          0.142
 367          0.144
 368          0.076
 369          0.106
 370          0.050
 371          0.063
 372          0.063
 373          0.087
 374          0.104
 375          0.048
 376          0.066
 377          0.085
 378          0.102
 379          0.088
 380          0.080
 381          0.051
 382          0.062
 383          0.065
 384          0.046
 385          0.058
 386          0.120
 387          0.030
 388          0.006
 389          0.008
 390          0.047
 391          0.106
 392          0.128
 393          0.164
 394          0.201
 395          0.213
 396          0.160
 397          0.091
 398          0.053
 399          0.050
 400          0.054
 401          0.085
 402          0.065
 403          0.069
 404          0.084
 405          0.032
 406          0.072
 407          0.051
 408          0.026
 409          0.025
 410          0.053
 411          0.062
 412          0.079
 413          0.131
 414          0.166
 415          0.155
 416          0.125
 417          0.114
 418          0.089
 419          0.039
 420          0.090
 421          0.094
 422          0.096
 423          0.105
 424          0.061
 425          0.116
 426          0.052
 427          0.070
 428          0.071
 429          0.057
 430          0.181
 431          0.165
 432          0.121
 433          0.042
 434          0.038
 435          0.045
 436          0.067
 437          0.081
 438          0.088
 439          0.076
 440          0.111
 441          0.121
 442          0.129
 443          0.062
 444          0.083
 445          0.090
 446          0.089
 447          0.109
 448          0.120
 449          0.127
 450          0.101
 451          0.062
 452          0.085
 453          0.029
 454          0.062
 455          0.067
 456          0.053
 457          0.021
 458          0.042
 459          0.096
 460          0.134
 461          0.112
 462          0.053
 463          0.046
 464          0.068
 465          0.038
 466          0.054
 467          0.055
 468          0.059
 469          0.082
 470          0.059
 471          0.032
 472          0.027
 473          0.016
 474          0.044
 475          0.119
 476          0.068
 477          0.079
 478          0.071
 479          0.080
 480          0.073
 481          0.062
 482          0.080
 483          0.085
 484          0.097
 485          0.070
 486          0.042
 487          0.045

# Average distance: 0.093 nm
