# Atom index    Distance (nm)
   1          0.085
   2          0.106
   3          0.162
   4          0.105
   5          0.096
   6          0.066
   7          0.084
   8          0.047
   9          0.069
  10          0.082
  11          0.070
  12          0.109
  13          0.092
  14          0.033
  15          0.042
  16          0.056
  17          0.054
  18          0.070
  19          0.060
  20          0.080
  21          0.064
  22          0.055
  23          0.053
  24          0.029
  25          0.031
  26          0.011
  27          0.036
  28          0.049
  29          0.058
  30          0.066
  31          0.067
  32          0.076
  33          0.045
  34          0.066
  35          0.054
  36          0.131
  37          0.110
  38          0.106
  39          0.083
  40          0.027
  41          0.014
  42          0.054
  43          0.034
  44          0.040
  45          0.024
  46          0.104
  47          0.078
  48          0.164
  49          0.139
  50          0.075
  51          0.155
  52          0.076
  53          0.066
  54          0.028
  55          0.023
  56          0.015
  57          0.008
  58          0.025
  59          0.015
  60          0.037
  61          0.037
  62          0.031
  63          0.038
  64          0.062
  65          0.083
  66          0.102
  67          0.158
  68          0.205
  69          0.171
  70          0.111
  71          0.050
  72          0.070
  73          0.070
  74          0.076
  75          0.084
  76          0.103
  77          0.130
  78          0.138
  79          0.076
  80          0.119
  81          0.112
  82          0.108
  83          0.055
  84          0.034
  85          0.047
  86          0.038
  87          0.084
  88          0.081
  89          0.043
  90          0.060
  91          0.038
  92          0.093
  93          0.098
  94          0.079
  95          0.063
  96          0.036
  97          0.080
  98          0.082
  99          0.099
 100          0.097
 101          0.082
 102          0.087
 103          0.074
 104          0.095
 105          0.090
 106          0.081
 107          0.099
 108          0.092
 109          0.063
 110          0.087
 111          0.042
 112          0.054
 113          0.052
 114          0.122
 115          0.084
 116          0.070
 117          0.078
 118          0.101
 119          0.108
 120          0.083
 121          0.091
 122          0.082
 123          0.068
 124          0.051
 125          0.033
 126          0.037
 127          0.034
 128          0.046
 129          0.027
 130          0.063
 131          0.059
 132          0.011
 133          0.034
 134          0.051
 135          0.032
 136          0.018
 137          0.043
 138          0.050
 139          0.049
 140          0.076
 141          0.056
 142          0.060
 143          0.099
 144          0.079
 145          0.062
 146          0.056
 147          0.042
 148          0.035
 149          0.020
 150          0.076
 151          0.120
 152          0.173
 153          0.173
 154          0.004
 155          0.036
 156          0.029
 157          0.025
 158          0.032
 159          0.094
 160          0.098
 161          0.052
 162          0.053
 163          0.034
 164          0.045
 165          0.026
 166          0.081
 167          0.055
 168          0.019
 169          0.041
 170          0.039
 171          0.046
 172          0.054
 173          0.051
 174          0.042
 175          0.039
 176          0.052
 177          0.105
 178          0.092
 179          0.099
 180          0.075
 181          0.035
 182          0.025
 183          0.043
 184          0.044
 185          0.066
 186          0.054
 187          0.052
 188          0.039
 189          0.028
 190          0.035
 191          0.052
 192          0.083
 193          0.058
 194          0.034
 195          0.040
 196          0.040
 197          0.047
 198          0.051
 199          0.052
 200          0.072
 201          0.208
 202          0.152
 203          0.100
 204          0.087
 205          0.109
 206          0.112
 207          0.105
 208          0.109
 209          0.118
 210          0.169
 211          0.172
 212          0.168
 213          0.150
 214          0.093
 215          0.091
 216          0.099
 217          0.103
 218          0.105
 219          0.113
 220          0.209
 221          0.193
 222          0.164
 223          0.066
 224          0.069
 225          0.047
 226          0.077
 227          0.097
 228          0.085
 229          0.108
 230          0.172
 231          0.171
 232          0.166
 233          0.136
 234          0.051
 235          0.035
 236          0.076
 237          0.060
 238          0.033
 239          0.065
 240          0.194
 241          0.254
 242          0.241
 243          0.168
 244          0.102
 245          0.072
 246          0.065
 247          0.094
 248          0.064
 249          0.092
 250          0.091
 251          0.089
 252          0.088
 253          0.086
 254          0.007
 255          0.067
 256          0.063
 257          0.034
 258          0.042
 259          0.051
 260          0.026
 261          0.059
 262          0.139
 263          0.170
 264          0.145
 265          0.100
 266          0.072
 267          0.039
 268          0.037
 269          0.090
 270          0.093
 271          0.063
 272          0.076
 273          0.030
 274          0.077
 275          0.042
 276          0.053
 277          0.076
 278          0.094
 279          0.100
 280          0.105
 281          0.069
 282          0.045
 283          0.050
 284          0.042
 285          0.044
 286          0.045
 287          0.057
 288          0.045
 289          0.040
 290          0.064
 291          0.085
 292          0.011
 293          0.090
 294          0.157
 295          0.196
 296          0.114
 297          0.083
 298          0.035
 299          0.030
 300          0.020
 301          0.057
 302          0.070
 303          0.040
 304          0.057
 305          0.070
 306          0.070
 307          0.035
 308          0.032
 309          0.013
 310          0.017
 311          0.022
 312          0.076
 313          0.142
 314          0.211
 315          0.093
 316          0.040
 317          0.057
 318          0.041
 319          0.026
 320          0.071
 321          0.063
 322          0.042
 323          0.077
 324          0.060
 325          0.088
 326          0.054
 327          0.067
 328          0.063
 329          0.059
 330          0.057
 331          0.034
 332          0.075
 333          0.082
 334          0.047
 335          0.033
 336          0.040
 337          0.056
 338          0.063
 339          0.047
 340          0.064
 341          0.065
 342          0.032
 343          0.026
 344          0.061
 345          0.072
 346          0.065
 347          0.055
 348          0.033
 349          0.037
 350          0.054
 351          0.109
 352          0.067
 353          0.080
 354          0.098
 355          0.067
 356          0.056
 357          0.059
 358          0.045
 359          0.061
 360          0.062
 361          0.032
 362          0.069
 363          0.199
 364          0.148
 365          0.137
 366          0.171
 367          0.113
 368          0.093
 369          0.100
 370          0.067
 371          0.072
 372          0.021
 373          0.031
 374          0.045
 375          0.043
 376          0.039
 377          0.036
 378          0.038
 379          0.041
 380          0.027
 381          0.024
 382          0.044
 383          0.053
 384          0.063
 385          0.098
 386          0.086
 387          0.055
 388          0.042
 389          0.015
 390          0.007
 391          0.026
 392          0.059
 393          0.114
 394          0.182
 395          0.147
 396          0.123
 397          0.032
 398          0.014
 399          0.022
 400          0.061
 401          0.082
 402          0.040
 403          0.037
 404          0.072
 405          0.070
 406          0.071
 407          0.015
 408          0.060
 409          0.015
 410          0.017
 411          0.031
 412          0.055
 413          0.023
 414          0.058
 415          0.070
 416          0.092
 417          0.021
 418          0.028
 419          0.024
 420          0.046
 421          0.105
 422          0.169
 423          0.173
 424          0.153
 425          0.036
 426          0.026
 427          0.065
 428          0.057
 429          0.048
 430          0.078
 431          0.087
 432          0.091
 433          0.062
 434          0.081
 435          0.054
 436          0.074
 437          0.076
 438          0.046
 439          0.044
 440          0.065
 441          0.084
 442          0.108
 443          0.041
 444          0.045
 445          0.075
 446          0.069
 447          0.057
 448          0.048
 449          0.023
 450          0.036
 451          0.057
 452          0.049
 453          0.041
 454          0.037
 455          0.037
 456          0.038
 457          0.034
 458          0.047
 459          0.083
 460          0.161
 461          0.137
 462          0.047
 463          0.081
 464          0.046
 465          0.039
 466          0.086
 467          0.034
 468          0.054
 469          0.030
 470          0.025
 471          0.025
 472          0.031
 473          0.055
 474          0.059
 475          0.144
 476          0.077
 477          0.105
 478          0.071
 479          0.084
 480          0.075
 481          0.072
 482          0.081
 483          0.042
 484          0.062
 485          0.050
 486          0.041
 487          0.056

# Average distance: 0.071 nm
