# Atom index    Distance (nm)
   1          0.048
   2          0.102
   3          0.100
   4          0.027
   5          0.061
   6          0.086
   7          0.049
   8          0.060
   9          0.133
  10          0.169
  11          0.143
  12          0.189
  13          0.248
  14          0.192
  15          0.185
  16          0.192
  17          0.158
  18          0.187
  19          0.180
  20          0.174
  21          0.108
  22          0.159
  23          0.124
  24          0.144
  25          0.140
  26          0.140
  27          0.111
  28          0.109
  29          0.150
  30          0.195
  31          0.142
  32          0.101
  33          0.094
  34          0.043
  35          0.141
  36          0.104
  37          0.097
  38          0.069
  39          0.092
  40          0.066
  41          0.119
  42          0.173
  43          0.163
  44          0.121
  45          0.362
  46          0.528
  47          0.541
  48          0.454
  49          0.366
  50          0.175
  51          0.122
  52          0.139
  53          0.153
  54          0.126
  55          0.106
  56          0.049
  57          0.059
  58          0.134
  59          0.160
  60          0.136
  61          0.087
  62          0.027
  63          0.072
  64          0.105
  65          0.100
  66          0.078
  67          0.127
  68          0.149
  69          0.187
  70          0.125
  71          0.143
  72          0.119
  73          0.177
  74          0.072
  75          0.115
  76          0.064
  77          0.044
  78          0.100
  79          0.097
  80          0.080
  81          0.089
  82          0.112
  83          0.110
  84          0.027
  85          0.082
  86          0.116
  87          0.186
  88          0.158
  89          0.063
  90          0.117
  91          0.196
  92          0.196
  93          0.200
  94          0.160
  95          0.115
  96          0.092
  97          0.128
  98          0.101
  99          0.048
 100          0.121
 101          0.115
 102          0.127
 103          0.112
 104          0.093
 105          0.083
 106          0.089
 107          0.103
 108          0.110
 109          0.100
 110          0.056
 111          0.080
 112          0.094
 113          0.077
 114          0.061
 115          0.046
 116          0.058
 117          0.055
 118          0.056
 119          0.088
 120          0.143
 121          0.165
 122          0.098
 123          0.137
 124          0.097
 125          0.091
 126          0.128
 127          0.141
 128          0.143
 129          0.120
 130          0.018
 131          0.031
 132          0.072
 133          0.087
 134          0.098
 135          0.065
 136          0.054
 137          0.094
 138          0.075
 139          0.038
 140          0.055
 141          0.196
 142          0.080
 143          0.086
 144          0.097
 145          0.067
 146          0.053
 147          0.072
 148          0.054
 149          0.059
 150          0.067
 151          0.078
 152          0.157
 153          0.214
 154          0.137
 155          0.090
 156          0.066
 157          0.069
 158          0.051
 159          0.050
 160          0.083
 161          0.110
 162          0.163
 163          0.130
 164          0.129
 165          0.086
 166          0.108
 167          0.078
 168          0.075
 169          0.056
 170          0.049
 171          0.090
 172          0.095
 173          0.093
 174          0.101
 175          0.118
 176          0.104
 177          0.038
 178          0.165
 179          0.177
 180          0.095
 181          0.111
 182          0.108
 183          0.075
 184          0.062
 185          0.066
 186          0.067
 187          0.067
 188          0.057
 189          0.095
 190          0.108
 191          0.100
 192          0.083
 193          0.083
 194          0.035
 195          0.087
 196          0.077
 197          0.083
 198          0.088
 199          0.055
 200          0.016
 201          0.014
 202          0.073
 203          0.074
 204          0.089
 205          0.090
 206          0.048
 207          0.060
 208          0.062
 209          0.104
 210          0.098
 211          0.055
 212          0.153
 213          0.147
 214          0.076
 215          0.090
 216          0.093
 217          0.091
 218          0.083
 219          0.089
 220          0.143
 221          0.117
 222          0.160
 223          0.087
 224          0.055
 225          0.044
 226          0.032
 227          0.043
 228          0.057
 229          0.100
 230          0.127
 231          0.143
 232          0.043
 233          0.046
 234          0.069
 235          0.085
 236          0.042
 237          0.033
 238          0.192
 239          0.192
 240          0.204
 241          0.232
 242          0.186
 243          0.125
 244          0.051
 245          0.119
 246          0.070
 247          0.136
 248          0.071
 249          0.044
 250          0.063
 251          0.089
 252          0.041
 253          0.044
 254          0.064
 255          0.042
 256          0.024
 257          0.058
 258          0.066
 259          0.059
 260          0.108
 261          0.132
 262          0.153
 263          0.145
 264          0.176
 265          0.121
 266          0.074
 267          0.037
 268          0.005
 269          0.026
 270          0.022
 271          0.053
 272          0.062
 273          0.110
 274          0.043
 275          0.023
 276          0.053
 277          0.087
 278          0.094
 279          0.107
 280          0.137
 281          0.133
 282          0.142
 283          0.157
 284          0.129
 285          0.096
 286          0.061
 287          0.069
 288          0.042
 289          0.052
 290          0.060
 291          0.054
 292          0.056
 293          0.101
 294          0.089
 295          0.103
 296          0.047
 297          0.052
 298          0.030
 299          0.024
 300          0.032
 301          0.038
 302          0.043
 303          0.058
 304          0.099
 305          0.074
 306          0.104
 307          0.061
 308          0.078
 309          0.069
 310          0.067
 311          0.081
 312          0.062
 313          0.058
 314          0.156
 315          0.041
 316          0.063
 317          0.064
 318          0.050
 319          0.037
 320          0.070
 321          0.073
 322          0.071
 323          0.083
 324          0.058
 325          0.097
 326          0.067
 327          0.054
 328          0.044
 329          0.021
 330          0.047
 331          0.064
 332          0.073
 333          0.133
 334          0.207
 335          0.188
 336          0.138
 337          0.081
 338          0.069
 339          0.074
 340          0.101
 341          0.101
 342          0.087
 343          0.091
 344          0.110
 345          0.139
 346          0.095
 347          0.083
 348          0.106
 349          0.132
 350          0.111
 351          0.109
 352          0.112
 353          0.149
 354          0.134
 355          0.066
 356          0.069
 357          0.052
 358          0.071
 359          0.070
 360          0.153
 361          0.087
 362          0.073
 363          0.116
 364          0.108
 365          0.139
 366          0.119
 367          0.097
 368          0.106
 369          0.119
 370          0.096
 371          0.072
 372          0.060
 373          0.085
 374          0.064
 375          0.088
 376          0.080
 377          0.091
 378          0.063
 379          0.075
 380          0.057
 381          0.034
 382          0.028
 383          0.035
 384          0.050
 385          0.063
 386          0.066
 387          0.041
 388          0.089
 389          0.099
 390          0.128
 391          0.111
 392          0.116
 393          0.160
 394          0.214
 395          0.189
 396          0.054
 397          0.047
 398          0.085
 399          0.109
 400          0.117
 401          0.094
 402          0.133
 403          0.140
 404          0.172
 405          0.102
 406          0.093
 407          0.081
 408          0.066
 409          0.051
 410          0.058
 411          0.095
 412          0.068
 413          0.071
 414          0.069
 415          0.078
 416          0.014
 417          0.046
 418          0.049
 419          0.092
 420          0.124
 421          0.133
 422          0.201
 423          0.119
 424          0.089
 425          0.141
 426          0.116
 427          0.060
 428          0.103
 429          0.030
 430          0.168
 431          0.140
 432          0.023
 433          0.028
 434          0.040
 435          0.020
 436          0.050
 437          0.145
 438          0.247
 439          0.194
 440          0.181
 441          0.207
 442          0.270
 443          0.137
 444          0.098
 445          0.070
 446          0.026
 447          0.042
 448          0.036
 449          0.069
 450          0.056
 451          0.090
 452          0.065
 453          0.051
 454          0.044
 455          0.087
 456          0.090
 457          0.087
 458          0.070
 459          0.078
 460          0.072
 461          0.144
 462          0.050
 463          0.032
 464          0.059
 465          0.070
 466          0.110
 467          0.138
 468          0.209
 469          0.181
 470          0.200
 471          0.095
 472          0.102
 473          0.064
 474          0.052
 475          0.082
 476          0.102
 477          0.152
 478          0.146
 479          0.186
 480          0.094
 481          0.086
 482          0.082
 483          0.128
 484          0.010
 485          0.019
 486          0.026
 487          0.034

# Average distance: 0.099 nm
