# Atom index    Distance (nm)
   1          0.086
   2          0.287
   3          0.226
   4          0.347
   5          0.276
   6          0.169
   7          0.123
   8          0.120
   9          0.129
  10          0.111
  11          0.103
  12          0.101
  13          0.135
  14          0.150
  15          0.093
  16          0.113
  17          0.110
  18          0.084
  19          0.130
  20          0.151
  21          0.172
  22          0.177
  23          0.258
  24          0.250
  25          0.185
  26          0.190
  27          0.166
  28          0.146
  29          0.138
  30          0.195
  31          0.172
  32          0.233
  33          0.157
  34          0.121
  35          0.070
  36          0.145
  37          0.110
  38          0.096
  39          0.101
  40          0.082
  41          0.083
  42          0.039
  43          0.032
  44          0.246
  45          0.348
  46          0.524
  47          0.538
  48          0.628
  49          0.695
  50          0.678
  51          0.739
  52          0.608
  53          0.213
  54          0.168
  55          0.076
  56          0.057
  57          0.033
  58          0.085
  59          0.083
  60          0.052
  61          0.042
  62          0.068
  63          0.109
  64          0.109
  65          0.133
  66          0.125
  67          0.277
  68          0.253
  69          0.281
  70          0.297
  71          0.259
  72          0.155
  73          0.171
  74          0.140
  75          0.185
  76          0.168
  77          0.156
  78          0.164
  79          0.133
  80          0.122
  81          0.097
  82          0.056
  83          0.117
  84          0.152
  85          0.128
  86          0.141
  87          0.065
  88          0.065
  89          0.067
  90          0.119
  91          0.215
  92          0.311
  93          0.221
  94          0.097
  95          0.078
  96          0.055
  97          0.072
  98          0.082
  99          0.203
 100          0.255
 101          0.391
 102          0.363
 103          0.302
 104          0.203
 105          0.094
 106          0.105
 107          0.075
 108          0.144
 109          0.225
 110          0.198
 111          0.244
 112          0.236
 113          0.194
 114          0.184
 115          0.177
 116          0.149
 117          0.111
 118          0.159
 119          0.133
 120          0.092
 121          0.081
 122          0.104
 123          0.083
 124          0.039
 125          0.038
 126          0.053
 127          0.085
 128          0.167
 129          0.188
 130          0.135
 131          0.139
 132          0.078
 133          0.056
 134          0.057
 135          0.060
 136          0.063
 137          0.023
 138          0.067
 139          0.073
 140          0.067
 141          0.073
 142          0.047
 143          0.039
 144          0.064
 145          0.075
 146          0.072
 147          0.074
 148          0.066
 149          0.078
 150          0.084
 151          0.088
 152          0.124
 153          0.096
 154          0.089
 155          0.060
 156          0.081
 157          0.046
 158          0.043
 159          0.048
 160          0.045
 161          0.034
 162          0.065
 163          0.042
 164          0.038
 165          0.030
 166          0.031
 167          0.045
 168          0.039
 169          0.026
 170          0.060
 171          0.027
 172          0.058
 173          0.059
 174          0.041
 175          0.089
 176          0.196
 177          0.039
 178          0.098
 179          0.081
 180          0.105
 181          0.087
 182          0.084
 183          0.079
 184          0.072
 185          0.081
 186          0.103
 187          0.097
 188          0.077
 189          0.061
 190          0.035
 191          0.048
 192          0.058
 193          0.035
 194          0.070
 195          0.034
 196          0.051
 197          0.054
 198          0.167
 199          0.278
 200          0.257
 201          0.179
 202          0.159
 203          0.062
 204          0.052
 205          0.044
 206          0.046
 207          0.054
 208          0.060
 209          0.087
 210          0.115
 211          0.113
 212          0.151
 213          0.140
 214          0.071
 215          0.043
 216          0.047
 217          0.054
 218          0.030
 219          0.076
 220          0.144
 221          0.055
 222          0.082
 223          0.032
 224          0.032
 225          0.032
 226          0.052
 227          0.047
 228          0.208
 229          0.378
 230          0.433
 231          0.286
 232          0.209
 233          0.066
 234          0.035
 235          0.026
 236          0.069
 237          0.209
 238          0.053
 239          0.358
 240          0.305
 241          0.297
 242          0.162
 243          0.127
 244          0.083
 245          0.045
 246          0.069
 247          0.054
 248          0.026
 249          0.062
 250          0.033
 251          0.031
 252          0.050
 253          0.048
 254          0.059
 255          0.064
 256          0.073
 257          0.081
 258          0.074
 259          0.086
 260          0.097
 261          0.051
 262          0.069
 263          0.065
 264          0.063
 265          0.069
 266          0.073
 267          0.053
 268          0.025
 269          0.057
 270          0.068
 271          0.257
 272          0.194
 273          0.128
 274          0.074
 275          0.052
 276          0.034
 277          0.015
 278          0.062
 279          0.048
 280          0.081
 281          0.082
 282          0.059
 283          0.040
 284          0.040
 285          0.024
 286          0.041
 287          0.051
 288          0.052
 289          0.036
 290          0.050
 291          0.035
 292          0.062
 293          0.138
 294          0.184
 295          0.209
 296          0.217
 297          0.159
 298          0.107
 299          0.053
 300          0.038
 301          0.046
 302          0.032
 303          0.025
 304          0.081
 305          0.118
 306          0.073
 307          0.062
 308          0.097
 309          0.066
 310          0.038
 311          0.053
 312          0.056
 313          0.088
 314          0.084
 315          0.086
 316          0.089
 317          0.070
 318          0.069
 319          0.059
 320          0.121
 321          0.070
 322          0.145
 323          0.264
 324          0.122
 325          0.108
 326          0.080
 327          0.053
 328          0.054
 329          0.074
 330          0.054
 331          0.096
 332          0.108
 333          0.057
 334          0.081
 335          0.058
 336          0.085
 337          0.123
 338          0.077
 339          0.063
 340          0.093
 341          0.087
 342          0.078
 343          0.062
 344          0.074
 345          0.080
 346          0.083
 347          0.064
 348          0.086
 349          0.085
 350          0.079
 351          0.148
 352          0.173
 353          0.160
 354          0.150
 355          0.118
 356          0.096
 357          0.091
 358          0.072
 359          0.079
 360          0.105
 361          0.040
 362          0.092
 363          0.086
 364          0.121
 365          0.194
 366          0.131
 367          0.152
 368          0.133
 369          0.109
 370          0.078
 371          0.091
 372          0.070
 373          0.067
 374          0.056
 375          0.054
 376          0.045
 377          0.068
 378          0.043
 379          0.051
 380          0.067
 381          0.042
 382          0.087
 383          0.072
 384          0.025
 385          0.022
 386          0.031
 387          0.104
 388          0.097
 389          0.105
 390          0.099
 391          0.158
 392          0.183
 393          0.259
 394          0.296
 395          0.188
 396          0.197
 397          0.189
 398          0.152
 399          0.147
 400          0.167
 401          0.124
 402          0.212
 403          0.242
 404          0.150
 405          0.081
 406          0.062
 407          0.035
 408          0.027
 409          0.044
 410          0.095
 411          0.087
 412          0.087
 413          0.164
 414          0.225
 415          0.174
 416          0.139
 417          0.055
 418          0.072
 419          0.015
 420          0.009
 421          0.027
 422          0.048
 423          0.028
 424          0.034
 425          0.043
 426          0.066
 427          0.114
 428          0.142
 429          0.204
 430          0.430
 431          0.429
 432          0.326
 433          0.164
 434          0.161
 435          0.132
 436          0.172
 437          0.158
 438          0.118
 439          0.134
 440          0.154
 441          0.247
 442          0.203
 443          0.164
 444          0.129
 445          0.094
 446          0.064
 447          0.045
 448          0.047
 449          0.041
 450          0.050
 451          0.022
 452          0.109
 453          0.085
 454          0.087
 455          0.061
 456          0.054
 457          0.033
 458          0.045
 459          0.084
 460          0.128
 461          0.217
 462          0.124
 463          0.068
 464          0.081
 465          0.155
 466          0.250
 467          0.221
 468          0.266
 469          0.209
 470          0.186
 471          0.216
 472          0.195
 473          0.194
 474          0.158
 475          0.122
 476          0.103
 477          0.139
 478          0.226
 479          0.132
 480          0.131
 481          0.085
 482          0.114
 483          0.103
 484          0.050
 485          0.055
 486          0.063
 487          0.073

# Average distance: 0.119 nm
