# Atom index    Distance (nm)
   1          0.631
   2          0.438
   3          0.417
   4          0.400
   5          0.222
   6          0.112
   7          0.123
   8          0.127
   9          0.111
  10          0.052
  11          0.153
  12          0.242
  13          0.260
  14          0.295
  15          0.216
  16          0.288
  17          0.226
  18          0.179
  19          0.230
  20          0.288
  21          0.238
  22          0.357
  23          0.285
  24          0.321
  25          0.259
  26          0.244
  27          0.213
  28          0.251
  29          0.259
  30          0.341
  31          0.342
  32          0.371
  33          0.361
  34          0.242
  35          0.381
  36          0.235
  37          0.261
  38          0.212
  39          0.202
  40          0.145
  41          0.167
  42          0.198
  43          0.202
  44          0.176
  45          0.277
  46          0.423
  47          0.287
  48          0.408
  49          0.327
  50          0.224
  51          0.238
  52          0.215
  53          0.188
  54          0.232
  55          0.159
  56          0.067
  57          0.145
  58          0.211
  59          0.339
  60          0.387
  61          0.316
  62          0.218
  63          0.127
  64          0.082
  65          0.059
  66          0.150
  67          0.235
  68          0.415
  69          0.415
  70          0.389
  71          0.279
  72          0.198
  73          0.187
  74          0.175
  75          0.151
  76          0.099
  77          0.216
  78          0.188
  79          0.249
  80          0.288
  81          0.279
  82          0.233
  83          0.130
  84          0.178
  85          0.160
  86          0.219
  87          0.232
  88          0.261
  89          0.287
  90          0.309
  91          0.298
  92          0.286
  93          0.178
  94          0.257
  95          0.257
  96          0.247
  97          0.231
  98          0.256
  99          0.229
 100          0.275
 101          0.243
 102          0.247
 103          0.307
 104          0.298
 105          0.273
 106          0.231
 107          0.251
 108          0.294
 109          0.353
 110          0.331
 111          0.325
 112          0.266
 113          0.243
 114          0.238
 115          0.218
 116          0.334
 117          0.310
 118          0.338
 119          0.302
 120          0.333
 121          0.336
 122          0.293
 123          0.313
 124          0.295
 125          0.284
 126          0.168
 127          0.087
 128          0.113
 129          0.147
 130          0.134
 131          0.142
 132          0.172
 133          0.121
 134          0.097
 135          0.132
 136          0.127
 137          0.112
 138          0.070
 139          0.093
 140          0.085
 141          0.031
 142          0.034
 143          0.071
 144          0.099
 145          0.060
 146          0.071
 147          0.064
 148          0.086
 149          0.110
 150          0.196
 151          0.160
 152          0.156
 153          0.188
 154          0.119
 155          0.091
 156          0.089
 157          0.056
 158          0.031
 159          0.070
 160          0.088
 161          0.142
 162          0.163
 163          0.181
 164          0.146
 165          0.102
 166          0.122
 167          0.111
 168          0.150
 169          0.129
 170          0.137
 171          0.143
 172          0.137
 173          0.091
 174          0.163
 175          0.194
 176          0.312
 177          0.208
 178          0.137
 179          0.127
 180          0.123
 181          0.086
 182          0.099
 183          0.056
 184          0.048
 185          0.109
 186          0.079
 187          0.103
 188          0.084
 189          0.058
 190          0.011
 191          0.054
 192          0.094
 193          0.161
 194          0.103
 195          0.045
 196          0.041
 197          0.032
 198          0.090
 199          0.211
 200          0.178
 201          0.212
 202          0.220
 203          0.157
 204          0.068
 205          0.102
 206          0.059
 207          0.061
 208          0.077
 209          0.079
 210          0.099
 211          0.115
 212          0.121
 213          0.161
 214          0.118
 215          0.090
 216          0.084
 217          0.081
 218          0.070
 219          0.090
 220          0.072
 221          0.109
 222          0.086
 223          0.072
 224          0.060
 225          0.080
 226          0.104
 227          0.091
 228          0.034
 229          0.218
 230          0.350
 231          0.223
 232          0.191
 233          0.154
 234          0.117
 235          0.059
 236          0.104
 237          0.168
 238          0.248
 239          0.077
 240          0.128
 241          0.165
 242          0.174
 243          0.131
 244          0.150
 245          0.121
 246          0.107
 247          0.105
 248          0.100
 249          0.140
 250          0.176
 251          0.209
 252          0.219
 253          0.141
 254          0.147
 255          0.113
 256          0.112
 257          0.099
 258          0.068
 259          0.039
 260          0.116
 261          0.072
 262          0.201
 263          0.166
 264          0.076
 265          0.053
 266          0.062
 267          0.037
 268          0.053
 269          0.073
 270          0.061
 271          0.067
 272          0.120
 273          0.115
 274          0.049
 275          0.079
 276          0.058
 277          0.058
 278          0.060
 279          0.102
 280          0.218
 281          0.207
 282          0.149
 283          0.120
 284          0.128
 285          0.092
 286          0.048
 287          0.063
 288          0.083
 289          0.071
 290          0.037
 291          0.084
 292          0.050
 293          0.018
 294          0.096
 295          0.155
 296          0.159
 297          0.098
 298          0.039
 299          0.085
 300          0.111
 301          0.122
 302          0.128
 303          0.114
 304          0.170
 305          0.263
 306          0.197
 307          0.145
 308          0.103
 309          0.125
 310          0.143
 311          0.149
 312          0.182
 313          0.210
 314          0.205
 315          0.166
 316          0.148
 317          0.116
 318          0.109
 319          0.104
 320          0.134
 321          0.163
 322          0.179
 323          0.168
 324          0.161
 325          0.182
 326          0.179
 327          0.145
 328          0.125
 329          0.096
 330          0.065
 331          0.062
 332          0.032
 333          0.065
 334          0.059
 335          0.076
 336          0.078
 337          0.108
 338          0.094
 339          0.085
 340          0.093
 341          0.076
 342          0.057
 343          0.120
 344          0.142
 345          0.177
 346          0.139
 347          0.127
 348          0.063
 349          0.097
 350          0.126
 351          0.135
 352          0.146
 353          0.159
 354          0.172
 355          0.122
 356          0.111
 357          0.066
 358          0.158
 359          0.116
 360          0.160
 361          0.194
 362          0.249
 363          0.239
 364          0.181
 365          0.202
 366          0.228
 367          0.165
 368          0.130
 369          0.123
 370          0.087
 371          0.113
 372          0.103
 373          0.055
 374          0.039
 375          0.127
 376          0.099
 377          0.080
 378          0.104
 379          0.101
 380          0.182
 381          0.125
 382          0.086
 383          0.099
 384          0.075
 385          0.188
 386          0.251
 387          0.121
 388          0.105
 389          0.099
 390          0.217
 391          0.196
 392          0.296
 393          0.280
 394          0.419
 395          0.399
 396          0.234
 397          0.187
 398          0.193
 399          0.160
 400          0.105
 401          0.214
 402          0.194
 403          0.200
 404          0.271
 405          0.145
 406          0.163
 407          0.115
 408          0.113
 409          0.128
 410          0.102
 411          0.149
 412          0.094
 413          0.144
 414          0.104
 415          0.071
 416          0.099
 417          0.034
 418          0.099
 419          0.107
 420          0.122
 421          0.196
 422          0.186
 423          0.157
 424          0.131
 425          0.127
 426          0.130
 427          0.152
 428          0.175
 429          0.212
 430          0.292
 431          0.307
 432          0.295
 433          0.197
 434          0.190
 435          0.174
 436          0.211
 437          0.169
 438          0.101
 439          0.117
 440          0.168
 441          0.152
 442          0.128
 443          0.121
 444          0.086
 445          0.070
 446          0.070
 447          0.045
 448          0.079
 449          0.069
 450          0.033
 451          0.079
 452          0.304
 453          0.136
 454          0.083
 455          0.076
 456          0.074
 457          0.085
 458          0.120
 459          0.175
 460          0.180
 461          0.184
 462          0.186
 463          0.128
 464          0.133
 465          0.125
 466          0.151
 467          0.162
 468          0.177
 469          0.155
 470          0.152
 471          0.155
 472          0.129
 473          0.122
 474          0.127
 475          0.083
 476          0.147
 477          0.160
 478          0.127
 479          0.145
 480          0.139
 481          0.154
 482          0.135
 483          0.118
 484          0.087
 485          0.119
 486          0.069
 487          0.042

# Average distance: 0.160 nm
