# Atom index    Distance (nm)
   1          0.068
   2          0.080
   3          0.056
   4          0.083
   5          0.125
   6          0.125
   7          0.097
   8          0.090
   9          0.087
  10          0.065
  11          0.075
  12          0.072
  13          0.107
  14          0.092
  15          0.109
  16          0.094
  17          0.062
  18          0.061
  19          0.083
  20          0.045
  21          0.138
  22          0.131
  23          0.063
  24          0.077
  25          0.091
  26          0.089
  27          0.088
  28          0.055
  29          0.072
  30          0.060
  31          0.072
  32          0.172
  33          0.107
  34          0.085
  35          0.092
  36          0.078
  37          0.033
  38          0.011
  39          0.032
  40          0.054
  41          0.073
  42          0.077
  43          0.077
  44          0.101
  45          0.136
  46          0.179
  47          0.082
  48          0.134
  49          0.360
  50          0.110
  51          0.225
  52          0.118
  53          0.074
  54          0.072
  55          0.059
  56          0.055
  57          0.039
  58          0.064
  59          0.082
  60          0.115
  61          0.086
  62          0.083
  63          0.067
  64          0.064
  65          0.026
  66          0.018
  67          0.120
  68          0.193
  69          0.103
  70          0.101
  71          0.068
  72          0.073
  73          0.086
  74          0.089
  75          0.109
  76          0.089
  77          0.114
  78          0.118
  79          0.099
  80          0.069
  81          0.107
  82          0.076
  83          0.070
  84          0.063
  85          0.069
  86          0.060
  87          0.067
  88          0.015
  89          0.058
  90          0.057
  91          0.052
  92          0.057
  93          0.052
  94          0.061
  95          0.068
  96          0.054
  97          0.047
  98          0.063
  99          0.060
 100          0.094
 101          0.127
 102          0.123
 103          0.115
 104          0.063
 105          0.066
 106          0.085
 107          0.067
 108          0.067
 109          0.062
 110          0.094
 111          0.121
 112          0.102
 113          0.045
 114          0.066
 115          0.042
 116          0.062
 117          0.074
 118          0.077
 119          0.044
 120          0.051
 121          0.072
 122          0.094
 123          0.057
 124          0.048
 125          0.049
 126          0.052
 127          0.056
 128          0.138
 129          0.112
 130          0.054
 131          0.054
 132          0.057
 133          0.087
 134          0.123
 135          0.082
 136          0.073
 137          0.050
 138          0.053
 139          0.041
 140          0.033
 141          0.020
 142          0.054
 143          0.064
 144          0.077
 145          0.089
 146          0.081
 147          0.109
 148          0.087
 149          0.095
 150          0.113
 151          0.131
 152          0.109
 153          0.126
 154          0.123
 155          0.090
 156          0.062
 157          0.043
 158          0.036
 159          0.042
 160          0.051
 161          0.065
 162          0.068
 163          0.085
 164          0.094
 165          0.105
 166          0.139
 167          0.140
 168          0.123
 169          0.100
 170          0.131
 171          0.083
 172          0.091
 173          0.094
 174          0.090
 175          0.064
 176          0.088
 177          0.105
 178          0.075
 179          0.038
 180          0.053
 181          0.068
 182          0.062
 183          0.092
 184          0.118
 185          0.151
 186          0.161
 187          0.104
 188          0.121
 189          0.119
 190          0.121
 191          0.120
 192          0.066
 193          0.099
 194          0.096
 195          0.118
 196          0.124
 197          0.163
 198          0.190
 199          0.164
 200          0.132
 201          0.115
 202          0.102
 203          0.072
 204          0.069
 205          0.071
 206          0.069
 207          0.108
 208          0.104
 209          0.035
 210          0.070
 211          0.072
 212          0.090
 213          0.113
 214          0.101
 215          0.119
 216          0.064
 217          0.057
 218          0.073
 219          0.100
 220          0.102
 221          0.151
 222          0.122
 223          0.087
 224          0.079
 225          0.047
 226          0.048
 227          0.051
 228          0.077
 229          0.182
 230          0.200
 231          0.145
 232          0.116
 233          0.079
 234          0.078
 235          0.030
 236          0.029
 237          0.077
 238          0.126
 239          0.114
 240          0.075
 241          0.106
 242          0.120
 243          0.120
 244          0.138
 245          0.091
 246          0.089
 247          0.054
 248          0.056
 249          0.035
 250          0.029
 251          0.028
 252          0.075
 253          0.083
 254          0.094
 255          0.061
 256          0.094
 257          0.057
 258          0.070
 259          0.012
 260          0.059
 261          0.024
 262          0.103
 263          0.141
 264          0.111
 265          0.081
 266          0.069
 267          0.060
 268          0.031
 269          0.022
 270          0.075
 271          0.112
 272          0.132
 273          0.105
 274          0.077
 275          0.056
 276          0.081
 277          0.107
 278          0.112
 279          0.115
 280          0.138
 281          0.118
 282          0.106
 283          0.104
 284          0.098
 285          0.040
 286          0.018
 287          0.094
 288          0.094
 289          0.080
 290          0.082
 291          0.076
 292          0.066
 293          0.072
 294          0.099
 295          0.077
 296          0.085
 297          0.109
 298          0.092
 299          0.059
 300          0.108
 301          0.053
 302          0.058
 303          0.055
 304          0.048
 305          0.093
 306          0.080
 307          0.022
 308          0.046
 309          0.058
 310          0.067
 311          0.065
 312          0.119
 313          0.176
 314          0.200
 315          0.145
 316          0.060
 317          0.043
 318          0.040
 319          0.088
 320          0.083
 321          0.091
 322          0.089
 323          0.103
 324          0.107
 325          0.120
 326          0.151
 327          0.115
 328          0.087
 329          0.088
 330          0.075
 331          0.082
 332          0.067
 333          0.049
 334          0.067
 335          0.100
 336          0.086
 337          0.072
 338          0.089
 339          0.056
 340          0.053
 341          0.040
 342          0.011
 343          0.102
 344          0.136
 345          0.130
 346          0.163
 347          0.058
 348          0.051
 349          0.104
 350          0.119
 351          0.097
 352          0.129
 353          0.206
 354          0.186
 355          0.138
 356          0.112
 357          0.105
 358          0.101
 359          0.097
 360          0.132
 361          0.129
 362          0.115
 363          0.116
 364          0.089
 365          0.139
 366          0.127
 367          0.128
 368          0.087
 369          0.083
 370          0.050
 371          0.065
 372          0.040
 373          0.028
 374          0.023
 375          0.067
 376          0.085
 377          0.140
 378          0.124
 379          0.149
 380          0.117
 381          0.074
 382          0.120
 383          0.125
 384          0.106
 385          0.127
 386          0.120
 387          0.126
 388          0.105
 389          0.092
 390          0.125
 391          0.151
 392          0.152
 393          0.158
 394          0.172
 395          0.171
 396          0.143
 397          0.113
 398          0.102
 399          0.092
 400          0.063
 401          0.072
 402          0.113
 403          0.106
 404          0.097
 405          0.083
 406          0.093
 407          0.082
 408          0.075
 409          0.077
 410          0.052
 411          0.023
 412          0.040
 413          0.098
 414          0.079
 415          0.074
 416          0.073
 417          0.029
 418          0.035
 419          0.063
 420          0.079
 421          0.104
 422          0.125
 423          0.092
 424          0.055
 425          0.080
 426          0.101
 427          0.092
 428          0.104
 429          0.129
 430          0.213
 431          0.210
 432          0.206
 433          0.127
 434          0.088
 435          0.092
 436          0.140
 437          0.129
 438          0.145
 439          0.132
 440          0.135
 441          0.072
 442          0.060
 443          0.061
 444          0.032
 445          0.051
 446          0.080
 447          0.055
 448          0.062
 449          0.103
 450          0.071
 451          0.062
 452          0.078
 453          0.100
 454          0.075
 455          0.080
 456          0.061
 457          0.047
 458          0.066
 459          0.046
 460          0.016
 461          0.016
 462          0.037
 463          0.039
 464          0.032
 465          0.032
 466          0.058
 467          0.063
 468          0.110
 469          0.104
 470          0.096
 471          0.061
 472          0.067
 473          0.041
 474          0.056
 475          0.046
 476          0.081
 477          0.069
 478          0.055
 479          0.037
 480          0.045
 481          0.121
 482          0.062
 483          0.080
 484          0.068
 485          0.091
 486          0.120
 487          0.094

# Average distance: 0.088 nm
