# Atom index    Distance (nm)
   1          0.304
   2          0.289
   3          0.524
   4          0.429
   5          0.311
   6          0.165
   7          0.151
   8          0.099
   9          0.116
  10          0.112
  11          0.110
  12          0.104
  13          0.159
  14          0.145
  15          0.169
  16          0.164
  17          0.139
  18          0.125
  19          0.138
  20          0.137
  21          0.282
  22          0.287
  23          0.314
  24          0.263
  25          0.241
  26          0.218
  27          0.204
  28          0.190
  29          0.142
  30          0.197
  31          0.186
  32          0.159
  33          0.209
  34          0.134
  35          0.134
  36          0.143
  37          0.145
  38          0.143
  39          0.138
  40          0.127
  41          0.139
  42          0.121
  43          0.102
  44          0.076
  45          0.079
  46          0.063
  47          0.136
  48          0.076
  49          0.075
  50          0.065
  51          0.281
  52          0.242
  53          0.187
  54          0.182
  55          0.126
  56          0.082
  57          0.130
  58          0.149
  59          0.172
  60          0.161
  61          0.169
  62          0.170
  63          0.116
  64          0.123
  65          0.178
  66          0.120
  67          0.108
  68          0.109
  69          0.212
  70          0.250
  71          0.277
  72          0.257
  73          0.226
  74          0.173
  75          0.236
  76          0.180
  77          0.160
  78          0.202
  79          0.170
  80          0.130
  81          0.150
  82          0.200
  83          0.121
  84          0.122
  85          0.145
  86          0.176
  87          0.115
  88          0.252
  89          0.293
  90          0.333
  91          0.453
  92          0.331
  93          0.275
  94          0.179
  95          0.218
  96          0.220
  97          0.183
  98          0.221
  99          0.188
 100          0.182
 101          0.158
 102          0.227
 103          0.275
 104          0.280
 105          0.240
 106          0.208
 107          0.284
 108          0.362
 109          0.312
 110          0.255
 111          0.397
 112          0.487
 113          0.336
 114          0.357
 115          0.259
 116          0.375
 117          0.372
 118          0.396
 119          0.392
 120          0.359
 121          0.354
 122          0.297
 123          0.300
 124          0.299
 125          0.233
 126          0.107
 127          0.138
 128          0.057
 129          0.080
 130          0.147
 131          0.092
 132          0.069
 133          0.103
 134          0.122
 135          0.085
 136          0.077
 137          0.094
 138          0.101
 139          0.092
 140          0.080
 141          0.075
 142          0.113
 143          0.128
 144          0.122
 145          0.108
 146          0.105
 147          0.101
 148          0.096
 149          0.087
 150          0.100
 151          0.112
 152          0.109
 153          0.124
 154          0.139
 155          0.084
 156          0.132
 157          0.116
 158          0.113
 159          0.159
 160          0.173
 161          0.099
 162          0.101
 163          0.127
 164          0.091
 165          0.103
 166          0.099
 167          0.118
 168          0.119
 169          0.122
 170          0.097
 171          0.074
 172          0.084
 173          0.065
 174          0.081
 175          0.122
 176          0.118
 177          0.167
 178          0.158
 179          0.148
 180          0.069
 181          0.063
 182          0.108
 183          0.082
 184          0.092
 185          0.154
 186          0.135
 187          0.046
 188          0.093
 189          0.096
 190          0.103
 191          0.051
 192          0.092
 193          0.072
 194          0.151
 195          0.122
 196          0.065
 197          0.122
 198          0.191
 199          0.192
 200          0.197
 201          0.073
 202          0.078
 203          0.065
 204          0.054
 205          0.040
 206          0.106
 207          0.123
 208          0.127
 209          0.090
 210          0.075
 211          0.101
 212          0.091
 213          0.159
 214          0.097
 215          0.131
 216          0.111
 217          0.133
 218          0.076
 219          0.181
 220          0.268
 221          0.201
 222          0.222
 223          0.204
 224          0.136
 225          0.129
 226          0.162
 227          0.161
 228          0.147
 229          0.177
 230          0.198
 231          0.181
 232          0.228
 233          0.194
 234          0.177
 235          0.190
 236          0.193
 237          0.171
 238          0.152
 239          0.644
 240          0.639
 241          0.390
 242          0.318
 243          0.336
 244          0.132
 245          0.148
 246          0.157
 247          0.113
 248          0.112
 249          0.076
 250          0.072
 251          0.054
 252          0.071
 253          0.085
 254          0.110
 255          0.091
 256          0.088
 257          0.052
 258          0.087
 259          0.112
 260          0.116
 261          0.218
 262          0.354
 263          0.385
 264          0.287
 265          0.168
 266          0.125
 267          0.093
 268          0.034
 269          0.038
 270          0.032
 271          0.046
 272          0.125
 273          0.114
 274          0.073
 275          0.073
 276          0.083
 277          0.097
 278          0.074
 279          0.168
 280          0.192
 281          0.120
 282          0.092
 283          0.070
 284          0.071
 285          0.085
 286          0.054
 287          0.054
 288          0.031
 289          0.083
 290          0.113
 291          0.137
 292          0.130
 293          0.198
 294          0.276
 295          0.278
 296          0.251
 297          0.210
 298          0.173
 299          0.167
 300          0.225
 301          0.047
 302          0.066
 303          0.106
 304          0.178
 305          0.164
 306          0.169
 307          0.104
 308          0.114
 309          0.101
 310          0.118
 311          0.139
 312          0.150
 313          0.177
 314          0.152
 315          0.183
 316          0.125
 317          0.096
 318          0.086
 319          0.087
 320          0.148
 321          0.182
 322          0.310
 323          0.312
 324          0.265
 325          0.227
 326          0.113
 327          0.119
 328          0.107
 329          0.159
 330          0.158
 331          0.232
 332          0.209
 333          0.141
 334          0.095
 335          0.119
 336          0.078
 337          0.103
 338          0.118
 339          0.132
 340          0.122
 341          0.137
 342          0.180
 343          0.146
 344          0.205
 345          0.258
 346          0.244
 347          0.218
 348          0.175
 349          0.134
 350          0.128
 351          0.167
 352          0.231
 353          0.293
 354          0.409
 355          0.160
 356          0.160
 357          0.113
 358          0.145
 359          0.154
 360          0.224
 361          0.210
 362          0.256
 363          0.190
 364          0.213
 365          0.285
 366          0.322
 367          0.247
 368          0.146
 369          0.118
 370          0.107
 371          0.050
 372          0.095
 373          0.063
 374          0.069
 375          0.068
 376          0.074
 377          0.076
 378          0.089
 379          0.094
 380          0.075
 381          0.073
 382          0.109
 383          0.126
 384          0.211
 385          0.158
 386          0.198
 387          0.185
 388          0.172
 389          0.128
 390          0.141
 391          0.160
 392          0.084
 393          0.135
 394          0.297
 395          0.359
 396          0.260
 397          0.200
 398          0.121
 399          0.155
 400          0.177
 401          0.168
 402          0.189
 403          0.229
 404          0.194
 405          0.112
 406          0.114
 407          0.125
 408          0.129
 409          0.141
 410          0.081
 411          0.082
 412          0.123
 413          0.178
 414          0.088
 415          0.061
 416          0.041
 417          0.024
 418          0.037
 419          0.067
 420          0.110
 421          0.102
 422          0.221
 423          0.237
 424          0.137
 425          0.182
 426          0.099
 427          0.058
 428          0.069
 429          0.115
 430          0.128
 431          0.141
 432          0.226
 433          0.155
 434          0.128
 435          0.121
 436          0.121
 437          0.121
 438          0.153
 439          0.068
 440          0.104
 441          0.083
 442          0.095
 443          0.092
 444          0.059
 445          0.025
 446          0.017
 447          0.029
 448          0.070
 449          0.097
 450          0.116
 451          0.157
 452          0.220
 453          0.172
 454          0.121
 455          0.084
 456          0.035
 457          0.056
 458          0.093
 459          0.048
 460          0.127
 461          0.076
 462          0.120
 463          0.076
 464          0.086
 465          0.100
 466          0.159
 467          0.123
 468          0.133
 469          0.083
 470          0.093
 471          0.091
 472          0.154
 473          0.121
 474          0.115
 475          0.187
 476          0.118
 477          0.103
 478          0.142
 479          0.095
 480          0.126
 481          0.178
 482          0.181
 483          0.124
 484          0.144
 485          0.132
 486          0.148
 487          0.097

# Average distance: 0.155 nm
