# Atom index    Distance (nm)
   1          0.402
   2          0.461
   3          0.584
   4          0.346
   5          0.195
   6          0.123
   7          0.148
   8          0.127
   9          0.140
  10          0.136
  11          0.165
  12          0.215
  13          0.286
  14          0.284
  15          0.185
  16          0.202
  17          0.166
  18          0.207
  19          0.260
  20          0.346
  21          0.370
  22          0.411
  23          0.429
  24          0.472
  25          0.428
  26          0.400
  27          0.357
  28          0.319
  29          0.236
  30          0.247
  31          0.269
  32          0.252
  33          0.125
  34          0.113
  35          0.187
  36          0.258
  37          0.291
  38          0.257
  39          0.253
  40          0.175
  41          0.160
  42          0.130
  43          0.122
  44          0.095
  45          0.126
  46          0.240
  47          0.180
  48          0.146
  49          0.146
  50          0.423
  51          0.072
  52          0.103
  53          0.078
  54          0.104
  55          0.084
  56          0.047
  57          0.294
  58          0.260
  59          0.313
  60          0.305
  61          0.299
  62          0.299
  63          0.206
  64          0.189
  65          0.162
  66          0.223
  67          0.373
  68          0.391
  69          0.210
  70          0.359
  71          0.345
  72          0.305
  73          0.307
  74          0.307
  75          0.364
  76          0.324
  77          0.339
  78          0.260
  79          0.166
  80          0.115
  81          0.159
  82          0.136
  83          0.120
  84          0.088
  85          0.067
  86          0.051
  87          0.065
  88          0.098
  89          0.265
  90          0.349
  91          0.582
  92          0.509
  93          0.341
  94          0.201
  95          0.160
  96          0.120
  97          0.083
  98          0.083
  99          0.070
 100          0.134
 101          0.274
 102          0.303
 103          0.244
 104          0.204
 105          0.200
 106          0.195
 107          0.233
 108          0.350
 109          0.272
 110          0.306
 111          0.392
 112          0.240
 113          0.236
 114          0.274
 115          0.216
 116          0.270
 117          0.279
 118          0.245
 119          0.249
 120          0.275
 121          0.293
 122          0.282
 123          0.284
 124          0.264
 125          0.196
 126          0.147
 127          0.139
 128          0.111
 129          0.091
 130          0.099
 131          0.085
 132          0.094
 133          0.074
 134          0.042
 135          0.055
 136          0.067
 137          0.071
 138          0.063
 139          0.048
 140          0.034
 141          0.084
 142          0.075
 143          0.068
 144          0.036
 145          0.039
 146          0.041
 147          0.044
 148          0.030
 149          0.091
 150          0.172
 151          0.168
 152          0.214
 153          0.223
 154          0.177
 155          0.125
 156          0.115
 157          0.097
 158          0.031
 159          0.045
 160          0.047
 161          0.063
 162          0.157
 163          0.040
 164          0.060
 165          0.075
 166          0.025
 167          0.091
 168          0.049
 169          0.079
 170          0.062
 171          0.065
 172          0.068
 173          0.026
 174          0.045
 175          0.031
 176          0.110
 177          0.104
 178          0.123
 179          0.157
 180          0.058
 181          0.086
 182          0.066
 183          0.058
 184          0.046
 185          0.065
 186          0.115
 187          0.079
 188          0.055
 189          0.055
 190          0.068
 191          0.061
 192          0.096
 193          0.112
 194          0.057
 195          0.104
 196          0.061
 197          0.055
 198          0.021
 199          0.144
 200          0.104
 201          0.057
 202          0.096
 203          0.033
 204          0.071
 205          0.072
 206          0.051
 207          0.090
 208          0.104
 209          0.152
 210          0.161
 211          0.143
 212          0.158
 213          0.151
 214          0.157
 215          0.167
 216          0.137
 217          0.095
 218          0.090
 219          0.093
 220          0.121
 221          0.124
 222          0.135
 223          0.119
 224          0.115
 225          0.093
 226          0.089
 227          0.053
 228          0.061
 229          0.049
 230          0.025
 231          0.039
 232          0.057
 233          0.106
 234          0.056
 235          0.099
 236          0.111
 237          0.146
 238          0.297
 239          0.291
 240          0.387
 241          0.330
 242          0.286
 243          0.123
 244          0.060
 245          0.040
 246          0.071
 247          0.052
 248          0.050
 249          0.081
 250          0.079
 251          0.054
 252          0.083
 253          0.091
 254          0.080
 255          0.107
 256          0.103
 257          0.100
 258          0.104
 259          0.120
 260          0.124
 261          0.229
 262          0.334
 263          0.260
 264          0.225
 265          0.185
 266          0.146
 267          0.159
 268          0.121
 269          0.177
 270          0.177
 271          0.267
 272          0.283
 273          0.262
 274          0.289
 275          0.210
 276          0.192
 277          0.181
 278          0.163
 279          0.108
 280          0.164
 281          0.163
 282          0.169
 283          0.119
 284          0.114
 285          0.068
 286          0.098
 287          0.088
 288          0.119
 289          0.127
 290          0.094
 291          0.084
 292          0.182
 293          0.230
 294          0.070
 295          0.376
 296          0.281
 297          0.231
 298          0.217
 299          0.200
 300          0.161
 301          0.171
 302          0.128
 303          0.158
 304          0.199
 305          0.209
 306          0.187
 307          0.221
 308          0.189
 309          0.171
 310          0.212
 311          0.191
 312          0.245
 313          0.310
 314          0.325
 315          0.211
 316          0.181
 317          0.202
 318          0.242
 319          0.240
 320          0.239
 321          0.227
 322          0.221
 323          0.208
 324          0.200
 325          0.187
 326          0.193
 327          0.201
 328          0.192
 329          0.158
 330          0.160
 331          0.166
 332          0.152
 333          0.117
 334          0.100
 335          0.067
 336          0.082
 337          0.089
 338          0.084
 339          0.109
 340          0.086
 341          0.120
 342          0.171
 343          0.194
 344          0.212
 345          0.273
 346          0.223
 347          0.220
 348          0.140
 349          0.096
 350          0.115
 351          0.151
 352          0.154
 353          0.307
 354          0.430
 355          0.217
 356          0.256
 357          0.236
 358          0.155
 359          0.181
 360          0.176
 361          0.193
 362          0.208
 363          0.212
 364          0.168
 365          0.161
 366          0.147
 367          0.110
 368          0.139
 369          0.153
 370          0.101
 371          0.072
 372          0.053
 373          0.020
 374          0.065
 375          0.060
 376          0.041
 377          0.033
 378          0.071
 379          0.068
 380          0.064
 381          0.098
 382          0.131
 383          0.200
 384          0.159
 385          0.248
 386          0.223
 387          0.256
 388          0.185
 389          0.166
 390          0.180
 391          0.200
 392          0.178
 393          0.230
 394          0.206
 395          0.163
 396          0.214
 397          0.249
 398          0.170
 399          0.198
 400          0.191
 401          0.218
 402          0.270
 403          0.251
 404          0.166
 405          0.116
 406          0.109
 407          0.104
 408          0.091
 409          0.087
 410          0.129
 411          0.169
 412          0.118
 413          0.218
 414          0.178
 415          0.116
 416          0.138
 417          0.111
 418          0.139
 419          0.153
 420          0.144
 421          0.090
 422          0.118
 423          0.085
 424          0.113
 425          0.127
 426          0.134
 427          0.123
 428          0.158
 429          0.183
 430          0.325
 431          0.382
 432          0.391
 433          0.311
 434          0.298
 435          0.183
 436          0.210
 437          0.183
 438          0.190
 439          0.205
 440          0.202
 441          0.133
 442          0.183
 443          0.157
 444          0.162
 445          0.150
 446          0.141
 447          0.153
 448          0.146
 449          0.179
 450          0.205
 451          0.198
 452          0.170
 453          0.200
 454          0.172
 455          0.207
 456          0.214
 457          0.204
 458          0.212
 459          0.229
 460          0.212
 461          0.234
 462          0.252
 463          0.243
 464          0.219
 465          0.240
 466          0.256
 467          0.298
 468          0.355
 469          0.360
 470          0.193
 471          0.194
 472          0.175
 473          0.243
 474          0.236
 475          0.302
 476          0.305
 477          0.247
 478          0.255
 479          0.254
 480          0.272
 481          0.282
 482          0.291
 483          0.237
 484          0.184
 485          0.135
 486          0.142
 487          0.159

# Average distance: 0.174 nm
