# Atom index    Distance (nm)
   1          0.080
   2          0.073
   3          0.061
   4          0.026
   5          0.107
   6          0.122
   7          0.111
   8          0.132
   9          0.122
  10          0.103
  11          0.085
  12          0.148
  13          0.170
  14          0.187
  15          0.132
  16          0.086
  17          0.068
  18          0.154
  19          0.165
  20          0.111
  21          0.136
  22          0.152
  23          0.165
  24          0.103
  25          0.100
  26          0.122
  27          0.108
  28          0.087
  29          0.087
  30          0.017
  31          0.035
  32          0.049
  33          0.038
  34          0.005
  35          0.029
  36          0.081
  37          0.103
  38          0.093
  39          0.057
  40          0.055
  41          0.084
  42          0.086
  43          0.112
  44          0.061
  45          0.073
  46          0.068
  47          0.094
  48          0.084
  49          0.083
  50          0.099
  51          0.087
  52          0.071
  53          0.102
  54          0.124
  55          0.062
  56          0.094
  57          0.069
  58          0.071
  59          0.072
  60          0.048
  61          0.061
  62          0.085
  63          0.068
  64          0.050
  65          0.097
  66          0.124
  67          0.209
  68          0.274
  69          0.217
  70          0.264
  71          0.192
  72          0.074
  73          0.115
  74          0.091
  75          0.159
  76          0.121
  77          0.137
  78          0.107
  79          0.108
  80          0.080
  81          0.171
  82          0.130
  83          0.105
  84          0.102
  85          0.065
  86          0.058
  87          0.085
  88          0.120
  89          0.100
  90          0.143
  91          0.152
  92          0.138
  93          0.109
  94          0.103
  95          0.087
  96          0.076
  97          0.035
  98          0.028
  99          0.066
 100          0.097
 101          0.129
 102          0.109
 103          0.060
 104          0.095
 105          0.073
 106          0.024
 107          0.084
 108          0.117
 109          0.095
 110          0.117
 111          0.119
 112          0.123
 113          0.128
 114          0.188
 115          0.137
 116          0.194
 117          0.168
 118          0.127
 119          0.133
 120          0.129
 121          0.115
 122          0.093
 123          0.091
 124          0.092
 125          0.079
 126          0.091
 127          0.131
 128          0.079
 129          0.013
 130          0.036
 131          0.079
 132          0.071
 133          0.057
 134          0.106
 135          0.046
 136          0.065
 137          0.078
 138          0.036
 139          0.069
 140          0.084
 141          0.039
 142          0.030
 143          0.061
 144          0.069
 145          0.082
 146          0.095
 147          0.064
 148          0.069
 149          0.046
 150          0.107
 151          0.156
 152          0.180
 153          0.126
 154          0.107
 155          0.045
 156          0.052
 157          0.046
 158          0.058
 159          0.071
 160          0.085
 161          0.079
 162          0.087
 163          0.098
 164          0.075
 165          0.060
 166          0.096
 167          0.085
 168          0.062
 169          0.038
 170          0.081
 171          0.087
 172          0.046
 173          0.028
 174          0.031
 175          0.084
 176          0.074
 177          0.020
 178          0.019
 179          0.056
 180          0.016
 181          0.087
 182          0.079
 183          0.053
 184          0.058
 185          0.058
 186          0.055
 187          0.030
 188          0.066
 189          0.067
 190          0.048
 191          0.073
 192          0.086
 193          0.016
 194          0.047
 195          0.061
 196          0.039
 197          0.056
 198          0.033
 199          0.015
 200          0.036
 201          0.054
 202          0.032
 203          0.042
 204          0.019
 205          0.077
 206          0.044
 207          0.050
 208          0.053
 209          0.020
 210          0.075
 211          0.076
 212          0.089
 213          0.074
 214          0.022
 215          0.028
 216          0.025
 217          0.025
 218          0.042
 219          0.021
 220          0.044
 221          0.039
 222          0.032
 223          0.081
 224          0.062
 225          0.026
 226          0.032
 227          0.057
 228          0.075
 229          0.095
 230          0.029
 231          0.080
 232          0.090
 233          0.069
 234          0.051
 235          0.035
 236          0.058
 237          0.065
 238          0.078
 239          0.140
 240          0.171
 241          0.094
 242          0.158
 243          0.103
 244          0.066
 245          0.041
 246          0.019
 247          0.021
 248          0.036
 249          0.049
 250          0.048
 251          0.145
 252          0.076
 253          0.042
 254          0.061
 255          0.058
 256          0.030
 257          0.068
 258          0.089
 259          0.052
 260          0.056
 261          0.103
 262          0.145
 263          0.205
 264          0.171
 265          0.079
 266          0.047
 267          0.073
 268          0.080
 269          0.093
 270          0.066
 271          0.071
 272          0.069
 273          0.083
 274          0.138
 275          0.080
 276          0.119
 277          0.113
 278          0.122
 279          0.098
 280          0.084
 281          0.069
 282          0.068
 283          0.031
 284          0.069
 285          0.079
 286          0.083
 287          0.057
 288          0.048
 289          0.029
 290          0.091
 291          0.105
 292          0.108
 293          0.133
 294          0.187
 295          0.185
 296          0.138
 297          0.092
 298          0.073
 299          0.126
 300          0.134
 301          0.056
 302          0.103
 303          0.110
 304          0.208
 305          0.119
 306          0.145
 307          0.180
 308          0.148
 309          0.112
 310          0.150
 311          0.132
 312          0.181
 313          0.153
 314          0.151
 315          0.094
 316          0.117
 317          0.089
 318          0.126
 319          0.176
 320          0.195
 321          0.192
 322          0.146
 323          0.139
 324          0.140
 325          0.092
 326          0.114
 327          0.081
 328          0.107
 329          0.077
 330          0.119
 331          0.125
 332          0.162
 333          0.135
 334          0.095
 335          0.046
 336          0.012
 337          0.034
 338          0.061
 339          0.090
 340          0.094
 341          0.077
 342          0.127
 343          0.173
 344          0.163
 345          0.136
 346          0.167
 347          0.100
 348          0.064
 349          0.056
 350          0.062
 351          0.093
 352          0.113
 353          0.164
 354          0.074
 355          0.073
 356          0.091
 357          0.081
 358          0.085
 359          0.067
 360          0.019
 361          0.087
 362          0.114
 363          0.226
 364          0.188
 365          0.305
 366          0.331
 367          0.309
 368          0.092
 369          0.036
 370          0.076
 371          0.052
 372          0.076
 373          0.048
 374          0.042
 375          0.006
 376          0.055
 377          0.028
 378          0.072
 379          0.067
 380          0.062
 381          0.067
 382          0.059
 383          0.067
 384          0.060
 385          0.051
 386          0.082
 387          0.123
 388          0.083
 389          0.067
 390          0.097
 391          0.092
 392          0.093
 393          0.049
 394          0.086
 395          0.126
 396          0.083
 397          0.109
 398          0.114
 399          0.124
 400          0.079
 401          0.128
 402          0.152
 403          0.230
 404          0.072
 405          0.067
 406          0.057
 407          0.056
 408          0.073
 409          0.060
 410          0.085
 411          0.089
 412          0.097
 413          0.043
 414          0.067
 415          0.060
 416          0.074
 417          0.048
 418          0.052
 419          0.056
 420          0.042
 421          0.065
 422          0.080
 423          0.016
 424          0.096
 425          0.060
 426          0.100
 427          0.091
 428          0.079
 429          0.066
 430          0.103
 431          0.083
 432          0.107
 433          0.103
 434          0.124
 435          0.107
 436          0.095
 437          0.112
 438          0.096
 439          0.050
 440          0.066
 441          0.172
 442          0.132
 443          0.117
 444          0.035
 445          0.040
 446          0.053
 447          0.073
 448          0.041
 449          0.052
 450          0.066
 451          0.063
 452          0.069
 453          0.030
 454          0.036
 455          0.045
 456          0.039
 457          0.029
 458          0.061
 459          0.043
 460          0.018
 461          0.042
 462          0.097
 463          0.032
 464          0.052
 465          0.054
 466          0.081
 467          0.066
 468          0.054
 469          0.102
 470          0.082
 471          0.081
 472          0.095
 473          0.061
 474          0.043
 475          0.055
 476          0.066
 477          0.068
 478          0.023
 479          0.050
 480          0.064
 481          0.058
 482          0.044
 483          0.060
 484          0.041
 485          0.069
 486          0.059
 487          0.038

# Average distance: 0.087 nm
