# Atom index    Distance (nm)
   1          0.329
   2          0.357
   3          0.571
   4          0.545
   5          0.455
   6          0.310
   7          0.294
   8          0.223
   9          0.206
  10          0.187
  11          0.221
  12          0.235
  13          0.338
  14          0.360
  15          0.374
  16          0.319
  17          0.234
  18          0.131
  19          0.153
  20          0.153
  21          0.095
  22          0.096
  23          0.061
  24          0.083
  25          0.062
  26          0.051
  27          0.040
  28          0.188
  29          0.193
  30          0.270
  31          0.316
  32          0.440
  33          0.454
  34          0.339
  35          0.436
  36          0.414
  37          0.254
  38          0.221
  39          0.265
  40          0.238
  41          0.271
  42          0.264
  43          0.365
  44          0.607
  45          0.432
  46          0.478
  47          0.549
  48          0.629
  49          0.584
  50          0.475
  51          0.329
  52          0.432
  53          0.340
  54          0.337
  55          0.236
  56          0.190
  57          0.237
  58          0.113
  59          0.255
  60          0.255
  61          0.270
  62          0.205
  63          0.160
  64          0.099
  65          0.136
  66          0.160
  67          0.270
  68          0.322
  69          0.327
  70          0.306
  71          0.199
  72          0.153
  73          0.082
  74          0.046
  75          0.083
  76          0.155
  77          0.195
  78          0.320
  79          0.338
  80          0.382
  81          0.288
  82          0.233
  83          0.194
  84          0.222
  85          0.216
  86          0.192
  87          0.159
  88          0.211
  89          0.194
  90          0.239
  91          0.344
  92          0.311
  93          0.152
  94          0.076
  95          0.077
  96          0.137
  97          0.129
  98          0.188
  99          0.191
 100          0.268
 101          0.316
 102          0.339
 103          0.297
 104          0.286
 105          0.249
 106          0.196
 107          0.215
 108          0.301
 109          0.305
 110          0.250
 111          0.305
 112          0.285
 113          0.272
 114          0.302
 115          0.302
 116          0.419
 117          0.357
 118          0.384
 119          0.400
 120          0.320
 121          0.342
 122          0.311
 123          0.310
 124          0.252
 125          0.206
 126          0.148
 127          0.111
 128          0.096
 129          0.200
 130          0.226
 131          0.295
 132          0.191
 133          0.140
 134          0.106
 135          0.075
 136          0.066
 137          0.053
 138          0.061
 139          0.084
 140          0.081
 141          0.113
 142          0.132
 143          0.123
 144          0.109
 145          0.098
 146          0.065
 147          0.129
 148          0.125
 149          0.090
 150          0.175
 151          0.313
 152          0.328
 153          0.207
 154          0.184
 155          0.117
 156          0.121
 157          0.090
 158          0.096
 159          0.058
 160          0.094
 161          0.171
 162          0.315
 163          0.118
 164          0.133
 165          0.143
 166          0.119
 167          0.120
 168          0.086
 169          0.102
 170          0.068
 171          0.069
 172          0.082
 173          0.073
 174          0.080
 175          0.127
 176          0.065
 177          0.049
 178          0.083
 179          0.055
 180          0.039
 181          0.052
 182          0.096
 183          0.087
 184          0.072
 185          0.089
 186          0.078
 187          0.078
 188          0.051
 189          0.077
 190          0.082
 191          0.076
 192          0.076
 193          0.101
 194          0.068
 195          0.098
 196          0.101
 197          0.082
 198          0.098
 199          0.066
 200          0.110
 201          0.071
 202          0.080
 203          0.050
 204          0.114
 205          0.063
 206          0.076
 207          0.090
 208          0.138
 209          0.120
 210          0.098
 211          0.115
 212          0.120
 213          0.114
 214          0.132
 215          0.165
 216          0.101
 217          0.102
 218          0.109
 219          0.080
 220          0.188
 221          0.216
 222          0.166
 223          0.068
 224          0.086
 225          0.069
 226          0.078
 227          0.093
 228          0.137
 229          0.182
 230          0.223
 231          0.156
 232          0.113
 233          0.125
 234          0.084
 235          0.081
 236          0.074
 237          0.116
 238          0.054
 239          0.068
 240          0.034
 241          0.041
 242          0.070
 243          0.117
 244          0.133
 245          0.150
 246          0.178
 247          0.141
 248          0.119
 249          0.104
 250          0.068
 251          0.141
 252          0.128
 253          0.116
 254          0.150
 255          0.076
 256          0.055
 257          0.058
 258          0.067
 259          0.057
 260          0.047
 261          0.039
 262          0.060
 263          0.028
 264          0.058
 265          0.060
 266          0.047
 267          0.048
 268          0.078
 269          0.030
 270          0.131
 271          0.148
 272          0.098
 273          0.100
 274          0.057
 275          0.053
 276          0.064
 277          0.044
 278          0.077
 279          0.071
 280          0.154
 281          0.149
 282          0.110
 283          0.114
 284          0.105
 285          0.057
 286          0.092
 287          0.111
 288          0.072
 289          0.063
 290          0.074
 291          0.089
 292          0.070
 293          0.053
 294          0.112
 295          0.064
 296          0.071
 297          0.097
 298          0.045
 299          0.100
 300          0.091
 301          0.090
 302          0.086
 303          0.085
 304          0.084
 305          0.116
 306          0.123
 307          0.104
 308          0.103
 309          0.095
 310          0.090
 311          0.093
 312          0.179
 313          0.142
 314          0.146
 315          0.112
 316          0.129
 317          0.103
 318          0.102
 319          0.120
 320          0.114
 321          0.097
 322          0.161
 323          0.209
 324          0.204
 325          0.184
 326          0.128
 327          0.109
 328          0.105
 329          0.049
 330          0.073
 331          0.075
 332          0.086
 333          0.086
 334          0.103
 335          0.098
 336          0.168
 337          0.151
 338          0.117
 339          0.116
 340          0.128
 341          0.140
 342          0.098
 343          0.070
 344          0.107
 345          0.102
 346          0.096
 347          0.119
 348          0.111
 349          0.089
 350          0.099
 351          0.087
 352          0.069
 353          0.234
 354          0.290
 355          0.089
 356          0.103
 357          0.098
 358          0.119
 359          0.112
 360          0.056
 361          0.096
 362          0.141
 363          0.095
 364          0.114
 365          0.199
 366          0.098
 367          0.139
 368          0.123
 369          0.114
 370          0.091
 371          0.071
 372          0.051
 373          0.056
 374          0.057
 375          0.056
 376          0.066
 377          0.096
 378          0.105
 379          0.095
 380          0.070
 381          0.122
 382          0.101
 383          0.115
 384          0.157
 385          0.062
 386          0.051
 387          0.114
 388          0.137
 389          0.150
 390          0.155
 391          0.160
 392          0.193
 393          0.216
 394          0.198
 395          0.148
 396          0.223
 397          0.190
 398          0.193
 399          0.158
 400          0.145
 401          0.141
 402          0.146
 403          0.138
 404          0.195
 405          0.124
 406          0.129
 407          0.096
 408          0.099
 409          0.096
 410          0.078
 411          0.105
 412          0.101
 413          0.078
 414          0.058
 415          0.072
 416          0.045
 417          0.044
 418          0.057
 419          0.064
 420          0.067
 421          0.175
 422          0.370
 423          0.371
 424          0.139
 425          0.164
 426          0.174
 427          0.168
 428          0.185
 429          0.183
 430          0.056
 431          0.143
 432          0.162
 433          0.135
 434          0.126
 435          0.184
 436          0.205
 437          0.222
 438          0.271
 439          0.242
 440          0.269
 441          0.293
 442          0.205
 443          0.130
 444          0.082
 445          0.052
 446          0.071
 447          0.051
 448          0.068
 449          0.072
 450          0.087
 451          0.100
 452          0.163
 453          0.149
 454          0.086
 455          0.057
 456          0.036
 457          0.086
 458          0.170
 459          0.140
 460          0.300
 461          0.208
 462          0.205
 463          0.131
 464          0.164
 465          0.179
 466          0.153
 467          0.148
 468          0.170
 469          0.207
 470          0.191
 471          0.177
 472          0.152
 473          0.144
 474          0.154
 475          0.248
 476          0.173
 477          0.165
 478          0.109
 479          0.071
 480          0.081
 481          0.123
 482          0.159
 483          0.123
 484          0.075
 485          0.054
 486          0.086
 487          0.068

# Average distance: 0.155 nm
