# Atom index    Distance (nm)
   1          0.110
   2          0.400
   3          0.273
   4          0.081
   5          0.031
   6          0.080
   7          0.118
   8          0.076
   9          0.100
  10          0.104
  11          0.123
  12          0.143
  13          0.160
  14          0.128
  15          0.072
  16          0.058
  17          0.088
  18          0.124
  19          0.118
  20          0.069
  21          0.193
  22          0.163
  23          0.138
  24          0.052
  25          0.068
  26          0.067
  27          0.073
  28          0.103
  29          0.098
  30          0.111
  31          0.119
  32          0.150
  33          0.097
  34          0.078
  35          0.107
  36          0.128
  37          0.158
  38          0.133
  39          0.139
  40          0.103
  41          0.081
  42          0.072
  43          0.101
  44          0.101
  45          0.108
  46          0.162
  47          0.197
  48          0.154
  49          0.125
  50          0.045
  51          0.076
  52          0.100
  53          0.074
  54          0.085
  55          0.097
  56          0.105
  57          0.064
  58          0.056
  59          0.087
  60          0.086
  61          0.081
  62          0.073
  63          0.106
  64          0.095
  65          0.098
  66          0.136
  67          0.214
  68          0.284
  69          0.235
  70          0.209
  71          0.141
  72          0.135
  73          0.110
  74          0.100
  75          0.095
  76          0.100
  77          0.104
  78          0.149
  79          0.155
  80          0.044
  81          0.088
  82          0.085
  83          0.069
  84          0.053
  85          0.017
  86          0.041
  87          0.144
  88          0.143
  89          0.275
  90          0.304
  91          0.519
  92          0.464
  93          0.372
  94          0.222
  95          0.155
  96          0.113
  97          0.036
  98          0.061
  99          0.043
 100          0.106
 101          0.113
 102          0.065
 103          0.029
 104          0.074
 105          0.088
 106          0.076
 107          0.093
 108          0.122
 109          0.194
 110          0.154
 111          0.206
 112          0.135
 113          0.110
 114          0.130
 115          0.121
 116          0.134
 117          0.144
 118          0.147
 119          0.124
 120          0.133
 121          0.133
 122          0.151
 123          0.144
 124          0.125
 125          0.124
 126          0.093
 127          0.106
 128          0.114
 129          0.068
 130          0.095
 131          0.088
 132          0.040
 133          0.029
 134          0.036
 135          0.037
 136          0.039
 137          0.030
 138          0.045
 139          0.053
 140          0.097
 141          0.092
 142          0.093
 143          0.070
 144          0.054
 145          0.053
 146          0.056
 147          0.069
 148          0.044
 149          0.038
 150          0.078
 151          0.147
 152          0.154
 153          0.120
 154          0.064
 155          0.056
 156          0.043
 157          0.052
 158          0.019
 159          0.034
 160          0.021
 161          0.026
 162          0.060
 163          0.056
 164          0.089
 165          0.049
 166          0.019
 167          0.029
 168          0.059
 169          0.062
 170          0.035
 171          0.035
 172          0.041
 173          0.065
 174          0.068
 175          0.140
 176          0.138
 177          0.133
 178          0.061
 179          0.059
 180          0.048
 181          0.035
 182          0.028
 183          0.017
 184          0.043
 185          0.039
 186          0.029
 187          0.042
 188          0.038
 189          0.023
 190          0.012
 191          0.033
 192          0.058
 193          0.049
 194          0.045
 195          0.049
 196          0.028
 197          0.024
 198          0.076
 199          0.063
 200          0.065
 201          0.098
 202          0.122
 203          0.071
 204          0.076
 205          0.111
 206          0.109
 207          0.119
 208          0.136
 209          0.076
 210          0.080
 211          0.074
 212          0.116
 213          0.070
 214          0.099
 215          0.067
 216          0.081
 217          0.104
 218          0.115
 219          0.115
 220          0.175
 221          0.140
 222          0.097
 223          0.128
 224          0.070
 225          0.074
 226          0.076
 227          0.081
 228          0.111
 229          0.094
 230          0.117
 231          0.076
 232          0.041
 233          0.086
 234          0.100
 235          0.083
 236          0.061
 237          0.052
 238          0.196
 239          0.309
 240          0.168
 241          0.307
 242          0.223
 243          0.170
 244          0.107
 245          0.084
 246          0.101
 247          0.144
 248          0.093
 249          0.102
 250          0.030
 251          0.086
 252          0.080
 253          0.077
 254          0.037
 255          0.022
 256          0.057
 257          0.059
 258          0.097
 259          0.096
 260          0.042
 261          0.039
 262          0.043
 263          0.049
 264          0.088
 265          0.059
 266          0.042
 267          0.053
 268          0.063
 269          0.057
 270          0.035
 271          0.080
 272          0.086
 273          0.072
 274          0.084
 275          0.067
 276          0.060
 277          0.064
 278          0.048
 279          0.025
 280          0.063
 281          0.115
 282          0.059
 283          0.076
 284          0.091
 285          0.062
 286          0.066
 287          0.034
 288          0.052
 289          0.036
 290          0.044
 291          0.069
 292          0.055
 293          0.123
 294          0.167
 295          0.210
 296          0.160
 297          0.139
 298          0.117
 299          0.130
 300          0.115
 301          0.073
 302          0.064
 303          0.090
 304          0.127
 305          0.138
 306          0.097
 307          0.096
 308          0.047
 309          0.050
 310          0.056
 311          0.120
 312          0.150
 313          0.280
 314          0.274
 315          0.144
 316          0.128
 317          0.089
 318          0.072
 319          0.084
 320          0.051
 321          0.037
 322          0.091
 323          0.112
 324          0.079
 325          0.122
 326          0.191
 327          0.191
 328          0.161
 329          0.134
 330          0.095
 331          0.122
 332          0.091
 333          0.118
 334          0.146
 335          0.086
 336          0.065
 337          0.064
 338          0.078
 339          0.012
 340          0.032
 341          0.030
 342          0.039
 343          0.110
 344          0.104
 345          0.083
 346          0.102
 347          0.103
 348          0.096
 349          0.086
 350          0.079
 351          0.085
 352          0.160
 353          0.192
 354          0.125
 355          0.098
 356          0.115
 357          0.095
 358          0.092
 359          0.077
 360          0.068
 361          0.166
 362          0.161
 363          0.124
 364          0.117
 365          0.140
 366          0.136
 367          0.180
 368          0.107
 369          0.047
 370          0.046
 371          0.090
 372          0.055
 373          0.112
 374          0.073
 375          0.076
 376          0.049
 377          0.039
 378          0.079
 379          0.070
 380          0.063
 381          0.063
 382          0.052
 383          0.020
 384          0.035
 385          0.022
 386          0.069
 387          0.056
 388          0.059
 389          0.058
 390          0.017
 391          0.048
 392          0.090
 393          0.194
 394          0.108
 395          0.113
 396          0.115
 397          0.112
 398          0.037
 399          0.029
 400          0.048
 401          0.052
 402          0.074
 403          0.095
 404          0.080
 405          0.058
 406          0.027
 407          0.047
 408          0.043
 409          0.049
 410          0.059
 411          0.077
 412          0.117
 413          0.100
 414          0.143
 415          0.117
 416          0.117
 417          0.071
 418          0.108
 419          0.093
 420          0.091
 421          0.060
 422          0.045
 423          0.091
 424          0.130
 425          0.072
 426          0.075
 427          0.064
 428          0.073
 429          0.067
 430          0.162
 431          0.119
 432          0.114
 433          0.127
 434          0.031
 435          0.037
 436          0.020
 437          0.051
 438          0.070
 439          0.123
 440          0.118
 441          0.106
 442          0.063
 443          0.078
 444          0.113
 445          0.067
 446          0.101
 447          0.061
 448          0.065
 449          0.051
 450          0.037
 451          0.038
 452          0.068
 453          0.030
 454          0.043
 455          0.076
 456          0.137
 457          0.110
 458          0.079
 459          0.086
 460          0.082
 461          0.177
 462          0.072
 463          0.113
 464          0.091
 465          0.080
 466          0.093
 467          0.093
 468          0.103
 469          0.117
 470          0.028
 471          0.037
 472          0.045
 473          0.038
 474          0.043
 475          0.054
 476          0.089
 477          0.020
 478          0.070
 479          0.100
 480          0.165
 481          0.222
 482          0.219
 483          0.158
 484          0.099
 485          0.066
 486          0.047
 487          0.068

# Average distance: 0.095 nm
