# Atom index    Distance (nm)
   1          0.177
   2          0.131
   3          0.208
   4          0.158
   5          0.152
   6          0.105
   7          0.108
   8          0.090
   9          0.124
  10          0.138
  11          0.179
  12          0.187
  13          0.250
  14          0.248
  15          0.270
  16          0.248
  17          0.166
  18          0.203
  19          0.250
  20          0.299
  21          0.295
  22          0.346
  23          0.364
  24          0.376
  25          0.343
  26          0.333
  27          0.295
  28          0.292
  29          0.246
  30          0.304
  31          0.249
  32          0.219
  33          0.228
  34          0.156
  35          0.233
  36          0.253
  37          0.249
  38          0.180
  39          0.139
  40          0.115
  41          0.098
  42          0.076
  43          0.120
  44          0.076
  45          0.158
  46          0.158
  47          0.163
  48          0.175
  49          0.131
  50          0.082
  51          0.035
  52          0.117
  53          0.057
  54          0.069
  55          0.102
  56          0.189
  57          0.188
  58          0.179
  59          0.229
  60          0.221
  61          0.208
  62          0.200
  63          0.157
  64          0.171
  65          0.183
  66          0.204
  67          0.266
  68          0.300
  69          0.302
  70          0.257
  71          0.252
  72          0.242
  73          0.262
  74          0.241
  75          0.297
  76          0.216
  77          0.217
  78          0.161
  79          0.095
  80          0.121
  81          0.145
  82          0.112
  83          0.152
  84          0.113
  85          0.109
  86          0.104
  87          0.085
  88          0.262
  89          0.365
  90          0.402
  91          0.576
  92          0.414
  93          0.292
  94          0.213
  95          0.142
  96          0.193
  97          0.143
  98          0.148
  99          0.185
 100          0.156
 101          0.168
 102          0.255
 103          0.259
 104          0.264
 105          0.218
 106          0.187
 107          0.264
 108          0.284
 109          0.294
 110          0.297
 111          0.327
 112          0.332
 113          0.281
 114          0.296
 115          0.267
 116          0.274
 117          0.307
 118          0.327
 119          0.343
 120          0.298
 121          0.353
 122          0.375
 123          0.345
 124          0.286
 125          0.242
 126          0.192
 127          0.117
 128          0.085
 129          0.076
 130          0.099
 131          0.104
 132          0.090
 133          0.104
 134          0.095
 135          0.083
 136          0.103
 137          0.072
 138          0.074
 139          0.137
 140          0.132
 141          0.144
 142          0.146
 143          0.135
 144          0.136
 145          0.129
 146          0.104
 147          0.101
 148          0.048
 149          0.046
 150          0.164
 151          0.298
 152          0.546
 153          0.185
 154          0.114
 155          0.156
 156          0.127
 157          0.117
 158          0.112
 159          0.130
 160          0.141
 161          0.125
 162          0.107
 163          0.100
 164          0.052
 165          0.054
 166          0.083
 167          0.022
 168          0.043
 169          0.058
 170          0.060
 171          0.080
 172          0.121
 173          0.130
 174          0.075
 175          0.025
 176          0.125
 177          0.180
 178          0.155
 179          0.074
 180          0.051
 181          0.030
 182          0.088
 183          0.122
 184          0.071
 185          0.077
 186          0.116
 187          0.148
 188          0.138
 189          0.146
 190          0.132
 191          0.148
 192          0.185
 193          0.167
 194          0.163
 195          0.174
 196          0.137
 197          0.187
 198          0.143
 199          0.197
 200          0.194
 201          0.117
 202          0.161
 203          0.124
 204          0.097
 205          0.080
 206          0.104
 207          0.106
 208          0.144
 209          0.078
 210          0.085
 211          0.062
 212          0.060
 213          0.168
 214          0.171
 215          0.160
 216          0.157
 217          0.137
 218          0.161
 219          0.154
 220          0.195
 221          0.166
 222          0.147
 223          0.169
 224          0.142
 225          0.112
 226          0.140
 227          0.160
 228          0.149
 229          0.146
 230          0.170
 231          0.130
 232          0.136
 233          0.145
 234          0.137
 235          0.127
 236          0.141
 237          0.188
 238          0.352
 239          0.402
 240          0.382
 241          0.373
 242          0.300
 243          0.261
 244          0.233
 245          0.178
 246          0.196
 247          0.209
 248          0.122
 249          0.126
 250          0.125
 251          0.112
 252          0.094
 253          0.063
 254          0.068
 255          0.084
 256          0.053
 257          0.044
 258          0.052
 259          0.086
 260          0.088
 261          0.079
 262          0.139
 263          0.182
 264          0.167
 265          0.181
 266          0.139
 267          0.141
 268          0.170
 269          0.172
 270          0.230
 271          0.234
 272          0.233
 273          0.217
 274          0.212
 275          0.162
 276          0.177
 277          0.154
 278          0.209
 279          0.179
 280          0.202
 281          0.191
 282          0.156
 283          0.108
 284          0.088
 285          0.093
 286          0.132
 287          0.069
 288          0.038
 289          0.076
 290          0.070
 291          0.133
 292          0.165
 293          0.163
 294          0.258
 295          0.282
 296          0.259
 297          0.190
 298          0.129
 299          0.065
 300          0.123
 301          0.111
 302          0.162
 303          0.111
 304          0.061
 305          0.057
 306          0.166
 307          0.152
 308          0.154
 309          0.173
 310          0.183
 311          0.209
 312          0.261
 313          0.330
 314          0.331
 315          0.253
 316          0.247
 317          0.182
 318          0.181
 319          0.151
 320          0.207
 321          0.231
 322          0.264
 323          0.267
 324          0.306
 325          0.386
 326          0.212
 327          0.198
 328          0.202
 329          0.172
 330          0.134
 331          0.134
 332          0.126
 333          0.108
 334          0.146
 335          0.125
 336          0.094
 337          0.100
 338          0.085
 339          0.083
 340          0.151
 341          0.148
 342          0.126
 343          0.149
 344          0.142
 345          0.144
 346          0.148
 347          0.147
 348          0.150
 349          0.133
 350          0.128
 351          0.169
 352          0.115
 353          0.175
 354          0.196
 355          0.204
 356          0.201
 357          0.169
 358          0.178
 359          0.136
 360          0.132
 361          0.214
 362          0.231
 363          0.208
 364          0.143
 365          0.144
 366          0.149
 367          0.138
 368          0.136
 369          0.111
 370          0.096
 371          0.095
 372          0.054
 373          0.069
 374          0.026
 375          0.041
 376          0.067
 377          0.107
 378          0.091
 379          0.114
 380          0.118
 381          0.119
 382          0.125
 383          0.170
 384          0.160
 385          0.198
 386          0.164
 387          0.130
 388          0.162
 389          0.171
 390          0.177
 391          0.177
 392          0.148
 393          0.140
 394          0.170
 395          0.237
 396          0.167
 397          0.179
 398          0.200
 399          0.163
 400          0.160
 401          0.155
 402          0.185
 403          0.192
 404          0.194
 405          0.213
 406          0.205
 407          0.157
 408          0.164
 409          0.115
 410          0.061
 411          0.062
 412          0.109
 413          0.073
 414          0.086
 415          0.089
 416          0.054
 417          0.018
 418          0.016
 419          0.054
 420          0.082
 421          0.125
 422          0.229
 423          0.203
 424          0.097
 425          0.079
 426          0.078
 427          0.109
 428          0.092
 429          0.114
 430          0.285
 431          0.431
 432          0.235
 433          0.141
 434          0.172
 435          0.157
 436          0.151
 437          0.179
 438          0.172
 439          0.165
 440          0.158
 441          0.140
 442          0.098
 443          0.072
 444          0.023
 445          0.038
 446          0.087
 447          0.119
 448          0.132
 449          0.130
 450          0.097
 451          0.138
 452          0.149
 453          0.118
 454          0.101
 455          0.101
 456          0.114
 457          0.080
 458          0.120
 459          0.178
 460          0.239
 461          0.248
 462          0.225
 463          0.131
 464          0.117
 465          0.162
 466          0.166
 467          0.234
 468          0.240
 469          0.259
 470          0.199
 471          0.213
 472          0.211
 473          0.198
 474          0.152
 475          0.206
 476          0.137
 477          0.180
 478          0.175
 479          0.181
 480          0.136
 481          0.121
 482          0.128
 483          0.153
 484          0.148
 485          0.122
 486          0.120
 487          0.104

# Average distance: 0.165 nm
