# Atom index    Distance (nm)
   1          0.440
   2          0.564
   3          0.448
   4          0.399
   5          0.305
   6          0.171
   7          0.125
   8          0.106
   9          0.102
  10          0.085
  11          0.129
  12          0.113
  13          0.137
  14          0.096
  15          0.085
  16          0.172
  17          0.142
  18          0.138
  19          0.192
  20          0.186
  21          0.206
  22          0.383
  23          0.299
  24          0.282
  25          0.209
  26          0.223
  27          0.185
  28          0.184
  29          0.147
  30          0.143
  31          0.141
  32          0.152
  33          0.116
  34          0.151
  35          0.203
  36          0.188
  37          0.192
  38          0.179
  39          0.150
  40          0.113
  41          0.095
  42          0.100
  43          0.091
  44          0.062
  45          0.071
  46          0.052
  47          0.074
  48          0.166
  49          0.147
  50          0.054
  51          0.109
  52          0.178
  53          0.163
  54          0.130
  55          0.042
  56          0.033
  57          0.027
  58          0.098
  59          0.142
  60          0.150
  61          0.092
  62          0.092
  63          0.077
  64          0.111
  65          0.132
  66          0.121
  67          0.105
  68          0.172
  69          0.181
  70          0.191
  71          0.144
  72          0.151
  73          0.135
  74          0.152
  75          0.166
  76          0.106
  77          0.038
  78          0.047
  79          0.050
  80          0.131
  81          0.206
  82          0.240
  83          0.126
  84          0.065
  85          0.119
  86          0.167
  87          0.117
  88          0.112
  89          0.128
  90          0.122
  91          0.117
  92          0.201
  93          0.253
  94          0.177
  95          0.131
  96          0.069
  97          0.062
  98          0.113
  99          0.115
 100          0.157
 101          0.128
 102          0.140
 103          0.188
 104          0.193
 105          0.108
 106          0.080
 107          0.065
 108          0.124
 109          0.163
 110          0.205
 111          0.266
 112          0.224
 113          0.174
 114          0.158
 115          0.100
 116          0.262
 117          0.231
 118          0.245
 119          0.090
 120          0.045
 121          0.058
 122          0.098
 123          0.111
 124          0.032
 125          0.094
 126          0.115
 127          0.168
 128          0.158
 129          0.086
 130          0.053
 131          0.113
 132          0.062
 133          0.020
 134          0.025
 135          0.034
 136          0.042
 137          0.048
 138          0.062
 139          0.056
 140          0.070
 141          0.075
 142          0.068
 143          0.086
 144          0.063
 145          0.037
 146          0.032
 147          0.079
 148          0.073
 149          0.029
 150          0.037
 151          0.054
 152          0.126
 153          0.178
 154          0.099
 155          0.041
 156          0.048
 157          0.042
 158          0.066
 159          0.045
 160          0.075
 161          0.020
 162          0.041
 163          0.056
 164          0.065
 165          0.065
 166          0.029
 167          0.049
 168          0.059
 169          0.045
 170          0.075
 171          0.058
 172          0.052
 173          0.067
 174          0.090
 175          0.221
 176          0.254
 177          0.302
 178          0.167
 179          0.144
 180          0.144
 181          0.082
 182          0.060
 183          0.041
 184          0.059
 185          0.046
 186          0.053
 187          0.037
 188          0.025
 189          0.051
 190          0.052
 191          0.056
 192          0.077
 193          0.087
 194          0.040
 195          0.018
 196          0.045
 197          0.051
 198          0.061
 199          0.146
 200          0.165
 201          0.155
 202          0.211
 203          0.089
 204          0.085
 205          0.135
 206          0.104
 207          0.130
 208          0.136
 209          0.140
 210          0.070
 211          0.098
 212          0.084
 213          0.113
 214          0.058
 215          0.120
 216          0.119
 217          0.113
 218          0.118
 219          0.107
 220          0.146
 221          0.133
 222          0.093
 223          0.103
 224          0.113
 225          0.102
 226          0.118
 227          0.127
 228          0.136
 229          0.219
 230          0.283
 231          0.294
 232          0.170
 233          0.123
 234          0.068
 235          0.060
 236          0.052
 237          0.148
 238          0.256
 239          0.473
 240          0.630
 241          0.415
 242          0.196
 243          0.152
 244          0.133
 245          0.127
 246          0.115
 247          0.102
 248          0.071
 249          0.119
 250          0.110
 251          0.122
 252          0.114
 253          0.119
 254          0.087
 255          0.071
 256          0.090
 257          0.091
 258          0.069
 259          0.068
 260          0.051
 261          0.035
 262          0.090
 263          0.196
 264          0.184
 265          0.076
 266          0.058
 267          0.040
 268          0.065
 269          0.038
 270          0.027
 271          0.035
 272          0.153
 273          0.262
 274          0.064
 275          0.056
 276          0.071
 277          0.040
 278          0.024
 279          0.034
 280          0.131
 281          0.147
 282          0.157
 283          0.057
 284          0.038
 285          0.021
 286          0.048
 287          0.054
 288          0.068
 289          0.073
 290          0.078
 291          0.096
 292          0.066
 293          0.084
 294          0.123
 295          0.072
 296          0.044
 297          0.093
 298          0.086
 299          0.085
 300          0.091
 301          0.108
 302          0.087
 303          0.089
 304          0.042
 305          0.087
 306          0.095
 307          0.105
 308          0.111
 309          0.111
 310          0.089
 311          0.102
 312          0.124
 313          0.180
 314          0.171
 315          0.109
 316          0.105
 317          0.086
 318          0.081
 319          0.106
 320          0.073
 321          0.073
 322          0.031
 323          0.053
 324          0.053
 325          0.046
 326          0.047
 327          0.103
 328          0.103
 329          0.107
 330          0.136
 331          0.120
 332          0.148
 333          0.140
 334          0.087
 335          0.083
 336          0.143
 337          0.075
 338          0.039
 339          0.038
 340          0.039
 341          0.033
 342          0.084
 343          0.132
 344          0.170
 345          0.098
 346          0.065
 347          0.043
 348          0.055
 349          0.046
 350          0.106
 351          0.117
 352          0.175
 353          0.249
 354          0.246
 355          0.190
 356          0.113
 357          0.076
 358          0.091
 359          0.089
 360          0.045
 361          0.085
 362          0.079
 363          0.091
 364          0.069
 365          0.093
 366          0.097
 367          0.074
 368          0.051
 369          0.078
 370          0.048
 371          0.094
 372          0.091
 373          0.039
 374          0.059
 375          0.079
 376          0.076
 377          0.037
 378          0.045
 379          0.019
 380          0.023
 381          0.028
 382          0.094
 383          0.078
 384          0.070
 385          0.116
 386          0.226
 387          0.116
 388          0.011
 389          0.030
 390          0.051
 391          0.073
 392          0.036
 393          0.150
 394          0.126
 395          0.152
 396          0.133
 397          0.089
 398          0.051
 399          0.066
 400          0.072
 401          0.193
 402          0.046
 403          0.151
 404          0.113
 405          0.101
 406          0.039
 407          0.039
 408          0.049
 409          0.101
 410          0.083
 411          0.077
 412          0.104
 413          0.103
 414          0.278
 415          0.204
 416          0.095
 417          0.058
 418          0.072
 419          0.084
 420          0.100
 421          0.062
 422          0.094
 423          0.067
 424          0.080
 425          0.019
 426          0.052
 427          0.025
 428          0.022
 429          0.051
 430          0.206
 431          0.342
 432          0.182
 433          0.136
 434          0.055
 435          0.039
 436          0.059
 437          0.070
 438          0.076
 439          0.021
 440          0.112
 441          0.141
 442          0.129
 443          0.066
 444          0.149
 445          0.073
 446          0.063
 447          0.044
 448          0.040
 449          0.034
 450          0.092
 451          0.109
 452          0.115
 453          0.087
 454          0.077
 455          0.051
 456          0.068
 457          0.040
 458          0.080
 459          0.088
 460          0.117
 461          0.070
 462          0.070
 463          0.075
 464          0.033
 465          0.063
 466          0.160
 467          0.173
 468          0.252
 469          0.071
 470          0.169
 471          0.026
 472          0.024
 473          0.052
 474          0.068
 475          0.072
 476          0.077
 477          0.199
 478          0.235
 479          0.228
 480          0.225
 481          0.387
 482          0.351
 483          0.136
 484          0.060
 485          0.043
 486          0.061
 487          0.075

# Average distance: 0.111 nm
