# Atom index    Distance (nm)
   1          0.071
   2          0.272
   3          0.080
   4          0.120
   5          0.087
   6          0.093
   7          0.129
   8          0.038
   9          0.055
  10          0.056
  11          0.139
  12          0.224
  13          0.223
  14          0.325
  15          0.282
  16          0.256
  17          0.218
  18          0.189
  19          0.187
  20          0.150
  21          0.149
  22          0.153
  23          0.192
  24          0.056
  25          0.037
  26          0.187
  27          0.170
  28          0.272
  29          0.251
  30          0.220
  31          0.191
  32          0.201
  33          0.196
  34          0.136
  35          0.166
  36          0.145
  37          0.152
  38          0.134
  39          0.091
  40          0.068
  41          0.091
  42          0.095
  43          0.079
  44          0.121
  45          0.441
  46          0.445
  47          0.180
  48          0.250
  49          0.581
  50          0.327
  51          0.309
  52          0.252
  53          0.179
  54          0.133
  55          0.115
  56          0.099
  57          0.100
  58          0.079
  59          0.124
  60          0.166
  61          0.177
  62          0.122
  63          0.118
  64          0.064
  65          0.057
  66          0.089
  67          0.180
  68          0.194
  69          0.279
  70          0.230
  71          0.103
  72          0.103
  73          0.096
  74          0.060
  75          0.090
  76          0.120
  77          0.151
  78          0.316
  79          0.191
  80          0.184
  81          0.146
  82          0.144
  83          0.130
  84          0.188
  85          0.149
  86          0.172
  87          0.176
  88          0.236
  89          0.202
  90          0.181
  91          0.186
  92          0.212
  93          0.064
  94          0.131
  95          0.151
  96          0.165
  97          0.155
  98          0.183
  99          0.217
 100          0.249
 101          0.293
 102          0.290
 103          0.268
 104          0.257
 105          0.235
 106          0.160
 107          0.162
 108          0.224
 109          0.224
 110          0.184
 111          0.298
 112          0.222
 113          0.221
 114          0.223
 115          0.207
 116          0.334
 117          0.316
 118          0.319
 119          0.300
 120          0.268
 121          0.293
 122          0.263
 123          0.243
 124          0.179
 125          0.139
 126          0.070
 127          0.033
 128          0.035
 129          0.016
 130          0.030
 131          0.077
 132          0.043
 133          0.067
 134          0.080
 135          0.072
 136          0.061
 137          0.079
 138          0.080
 139          0.080
 140          0.138
 141          0.180
 142          0.152
 143          0.122
 144          0.148
 145          0.091
 146          0.127
 147          0.108
 148          0.063
 149          0.124
 150          0.124
 151          0.159
 152          0.228
 153          0.100
 154          0.135
 155          0.121
 156          0.136
 157          0.101
 158          0.103
 159          0.079
 160          0.072
 161          0.110
 162          0.141
 163          0.157
 164          0.146
 165          0.129
 166          0.079
 167          0.120
 168          0.099
 169          0.076
 170          0.070
 171          0.082
 172          0.109
 173          0.104
 174          0.112
 175          0.109
 176          0.091
 177          0.110
 178          0.126
 179          0.126
 180          0.125
 181          0.122
 182          0.112
 183          0.165
 184          0.138
 185          0.130
 186          0.127
 187          0.126
 188          0.131
 189          0.129
 190          0.137
 191          0.193
 192          0.244
 193          0.250
 194          0.250
 195          0.138
 196          0.122
 197          0.160
 198          0.150
 199          0.273
 200          0.156
 201          0.214
 202          0.206
 203          0.224
 204          0.164
 205          0.126
 206          0.078
 207          0.094
 208          0.051
 209          0.066
 210          0.063
 211          0.079
 212          0.050
 213          0.054
 214          0.040
 215          0.054
 216          0.043
 217          0.120
 218          0.119
 219          0.161
 220          0.185
 221          0.207
 222          0.161
 223          0.161
 224          0.165
 225          0.183
 226          0.201
 227          0.168
 228          0.186
 229          0.173
 230          0.184
 231          0.184
 232          0.174
 233          0.175
 234          0.154
 235          0.248
 236          0.259
 237          0.252
 238          0.130
 239          0.459
 240          0.567
 241          0.357
 242          0.186
 243          0.153
 244          0.124
 245          0.150
 246          0.130
 247          0.072
 248          0.100
 249          0.097
 250          0.063
 251          0.045
 252          0.073
 253          0.067
 254          0.083
 255          0.028
 256          0.037
 257          0.052
 258          0.069
 259          0.076
 260          0.068
 261          0.136
 262          0.219
 263          0.136
 264          0.153
 265          0.128
 266          0.097
 267          0.105
 268          0.124
 269          0.150
 270          0.195
 271          0.156
 272          0.155
 273          0.119
 274          0.121
 275          0.119
 276          0.122
 277          0.127
 278          0.184
 279          0.148
 280          0.161
 281          0.129
 282          0.090
 283          0.107
 284          0.132
 285          0.159
 286          0.108
 287          0.076
 288          0.068
 289          0.054
 290          0.062
 291          0.048
 292          0.055
 293          0.072
 294          0.035
 295          0.118
 296          0.123
 297          0.079
 298          0.118
 299          0.110
 300          0.090
 301          0.071
 302          0.064
 303          0.067
 304          0.166
 305          0.145
 306          0.144
 307          0.120
 308          0.124
 309          0.095
 310          0.097
 311          0.066
 312          0.086
 313          0.165
 314          0.189
 315          0.122
 316          0.061
 317          0.084
 318          0.090
 319          0.137
 320          0.195
 321          0.207
 322          0.097
 323          0.117
 324          0.081
 325          0.127
 326          0.126
 327          0.113
 328          0.135
 329          0.134
 330          0.086
 331          0.118
 332          0.127
 333          0.116
 334          0.095
 335          0.107
 336          0.150
 337          0.132
 338          0.086
 339          0.087
 340          0.103
 341          0.100
 342          0.070
 343          0.060
 344          0.037
 345          0.082
 346          0.051
 347          0.043
 348          0.051
 349          0.064
 350          0.076
 351          0.083
 352          0.242
 353          0.387
 354          0.315
 355          0.123
 356          0.097
 357          0.039
 358          0.054
 359          0.075
 360          0.063
 361          0.068
 362          0.088
 363          0.122
 364          0.070
 365          0.070
 366          0.116
 367          0.173
 368          0.107
 369          0.140
 370          0.073
 371          0.037
 372          0.065
 373          0.042
 374          0.057
 375          0.058
 376          0.085
 377          0.062
 378          0.047
 379          0.051
 380          0.055
 381          0.045
 382          0.050
 383          0.041
 384          0.059
 385          0.152
 386          0.241
 387          0.160
 388          0.112
 389          0.094
 390          0.071
 391          0.093
 392          0.132
 393          0.117
 394          0.173
 395          0.169
 396          0.170
 397          0.185
 398          0.119
 399          0.128
 400          0.161
 401          0.156
 402          0.137
 403          0.136
 404          0.099
 405          0.086
 406          0.041
 407          0.044
 408          0.025
 409          0.031
 410          0.054
 411          0.056
 412          0.110
 413          0.137
 414          0.184
 415          0.217
 416          0.164
 417          0.112
 418          0.109
 419          0.101
 420          0.076
 421          0.044
 422          0.057
 423          0.124
 424          0.114
 425          0.162
 426          0.109
 427          0.118
 428          0.151
 429          0.160
 430          0.236
 431          0.288
 432          0.070
 433          0.092
 434          0.176
 435          0.186
 436          0.170
 437          0.149
 438          0.176
 439          0.120
 440          0.171
 441          0.146
 442          0.165
 443          0.151
 444          0.157
 445          0.144
 446          0.119
 447          0.069
 448          0.087
 449          0.072
 450          0.058
 451          0.053
 452          0.053
 453          0.041
 454          0.035
 455          0.059
 456          0.094
 457          0.099
 458          0.159
 459          0.150
 460          0.088
 461          0.196
 462          0.144
 463          0.125
 464          0.124
 465          0.111
 466          0.164
 467          0.254
 468          0.330
 469          0.189
 470          0.218
 471          0.189
 472          0.123
 473          0.141
 474          0.175
 475          0.213
 476          0.199
 477          0.200
 478          0.216
 479          0.244
 480          0.303
 481          0.336
 482          0.264
 483          0.214
 484          0.114
 485          0.073
 486          0.062
 487          0.059

# Average distance: 0.140 nm
