# Atom index    Distance (nm)
   1          0.190
   2          0.097
   3          0.032
   4          0.245
   5          0.185
   6          0.126
   7          0.118
   8          0.068
   9          0.069
  10          0.047
  11          0.049
  12          0.044
  13          0.098
  14          0.112
  15          0.120
  16          0.116
  17          0.089
  18          0.067
  19          0.175
  20          0.151
  21          0.179
  22          0.351
  23          0.274
  24          0.222
  25          0.162
  26          0.178
  27          0.138
  28          0.113
  29          0.110
  30          0.136
  31          0.148
  32          0.182
  33          0.058
  34          0.096
  35          0.125
  36          0.112
  37          0.121
  38          0.113
  39          0.146
  40          0.120
  41          0.130
  42          0.106
  43          0.100
  44          0.069
  45          0.026
  46          0.132
  47          0.272
  48          0.215
  49          0.225
  50          0.250
  51          0.116
  52          0.080
  53          0.086
  54          0.120
  55          0.123
  56          0.109
  57          0.134
  58          0.127
  59          0.152
  60          0.154
  61          0.131
  62          0.124
  63          0.135
  64          0.133
  65          0.118
  66          0.060
  67          0.197
  68          0.252
  69          0.206
  70          0.215
  71          0.131
  72          0.108
  73          0.128
  74          0.136
  75          0.133
  76          0.106
  77          0.191
  78          0.212
  79          0.177
  80          0.174
  81          0.190
  82          0.118
  83          0.137
  84          0.120
  85          0.071
  86          0.042
  87          0.072
  88          0.118
  89          0.127
  90          0.122
  91          0.125
  92          0.090
  93          0.062
  94          0.057
  95          0.042
  96          0.038
  97          0.034
  98          0.064
  99          0.049
 100          0.103
 101          0.136
 102          0.152
 103          0.115
 104          0.118
 105          0.105
 106          0.059
 107          0.041
 108          0.067
 109          0.295
 110          0.406
 111          0.335
 112          0.206
 113          0.101
 114          0.098
 115          0.077
 116          0.098
 117          0.142
 118          0.124
 119          0.119
 120          0.110
 121          0.181
 122          0.143
 123          0.099
 124          0.095
 125          0.094
 126          0.061
 127          0.106
 128          0.102
 129          0.145
 130          0.111
 131          0.122
 132          0.107
 133          0.096
 134          0.089
 135          0.025
 136          0.017
 137          0.032
 138          0.064
 139          0.108
 140          0.090
 141          0.136
 142          0.071
 143          0.060
 144          0.091
 145          0.078
 146          0.051
 147          0.031
 148          0.028
 149          0.047
 150          0.081
 151          0.087
 152          0.124
 153          0.157
 154          0.115
 155          0.066
 156          0.053
 157          0.026
 158          0.069
 159          0.035
 160          0.059
 161          0.095
 162          0.053
 163          0.097
 164          0.093
 165          0.073
 166          0.086
 167          0.059
 168          0.056
 169          0.065
 170          0.044
 171          0.053
 172          0.051
 173          0.061
 174          0.019
 175          0.032
 176          0.042
 177          0.028
 178          0.022
 179          0.027
 180          0.036
 181          0.039
 182          0.033
 183          0.019
 184          0.049
 185          0.008
 186          0.040
 187          0.072
 188          0.051
 189          0.066
 190          0.099
 191          0.098
 192          0.050
 193          0.072
 194          0.082
 195          0.082
 196          0.100
 197          0.042
 198          0.058
 199          0.072
 200          0.119
 201          0.103
 202          0.064
 203          0.063
 204          0.055
 205          0.038
 206          0.038
 207          0.070
 208          0.114
 209          0.094
 210          0.126
 211          0.100
 212          0.133
 213          0.130
 214          0.100
 215          0.121
 216          0.146
 217          0.093
 218          0.065
 219          0.095
 220          0.145
 221          0.117
 222          0.128
 223          0.110
 224          0.101
 225          0.095
 226          0.112
 227          0.096
 228          0.127
 229          0.145
 230          0.152
 231          0.170
 232          0.103
 233          0.091
 234          0.096
 235          0.074
 236          0.112
 237          0.148
 238          0.117
 239          0.127
 240          0.144
 241          0.127
 242          0.127
 243          0.122
 244          0.094
 245          0.107
 246          0.117
 247          0.086
 248          0.091
 249          0.147
 250          0.071
 251          0.029
 252          0.022
 253          0.053
 254          0.081
 255          0.076
 256          0.048
 257          0.035
 258          0.054
 259          0.081
 260          0.072
 261          0.081
 262          0.123
 263          0.120
 264          0.155
 265          0.092
 266          0.066
 267          0.061
 268          0.093
 269          0.099
 270          0.082
 271          0.059
 272          0.106
 273          0.035
 274          0.047
 275          0.050
 276          0.026
 277          0.064
 278          0.088
 279          0.116
 280          0.099
 281          0.105
 282          0.077
 283          0.064
 284          0.079
 285          0.092
 286          0.045
 287          0.041
 288          0.038
 289          0.054
 290          0.079
 291          0.086
 292          0.160
 293          0.140
 294          0.188
 295          0.132
 296          0.118
 297          0.126
 298          0.132
 299          0.116
 300          0.090
 301          0.054
 302          0.042
 303          0.049
 304          0.090
 305          0.167
 306          0.181
 307          0.109
 308          0.085
 309          0.051
 310          0.057
 311          0.075
 312          0.058
 313          0.114
 314          0.109
 315          0.112
 316          0.053
 317          0.042
 318          0.027
 319          0.040
 320          0.100
 321          0.110
 322          0.251
 323          0.251
 324          0.227
 325          0.097
 326          0.087
 327          0.051
 328          0.072
 329          0.081
 330          0.092
 331          0.137
 332          0.104
 333          0.106
 334          0.066
 335          0.076
 336          0.048
 337          0.046
 338          0.054
 339          0.070
 340          0.109
 341          0.102
 342          0.108
 343          0.122
 344          0.107
 345          0.103
 346          0.124
 347          0.103
 348          0.085
 349          0.105
 350          0.096
 351          0.077
 352          0.107
 353          0.171
 354          0.163
 355          0.126
 356          0.071
 357          0.064
 358          0.075
 359          0.104
 360          0.145
 361          0.137
 362          0.163
 363          0.146
 364          0.165
 365          0.170
 366          0.218
 367          0.183
 368          0.151
 369          0.178
 370          0.079
 371          0.073
 372          0.084
 373          0.080
 374          0.011
 375          0.025
 376          0.053
 377          0.049
 378          0.052
 379          0.074
 380          0.055
 381          0.050
 382          0.034
 383          0.041
 384          0.073
 385          0.112
 386          0.136
 387          0.099
 388          0.074
 389          0.055
 390          0.089
 391          0.113
 392          0.092
 393          0.125
 394          0.088
 395          0.072
 396          0.093
 397          0.027
 398          0.035
 399          0.052
 400          0.062
 401          0.142
 402          0.112
 403          0.104
 404          0.103
 405          0.080
 406          0.094
 407          0.080
 408          0.030
 409          0.074
 410          0.056
 411          0.042
 412          0.067
 413          0.079
 414          0.061
 415          0.087
 416          0.086
 417          0.030
 418          0.037
 419          0.075
 420          0.070
 421          0.052
 422          0.190
 423          0.202
 424          0.149
 425          0.121
 426          0.063
 427          0.021
 428          0.045
 429          0.107
 430          0.130
 431          0.122
 432          0.073
 433          0.068
 434          0.080
 435          0.043
 436          0.033
 437          0.058
 438          0.066
 439          0.097
 440          0.096
 441          0.078
 442          0.050
 443          0.074
 444          0.061
 445          0.088
 446          0.090
 447          0.095
 448          0.058
 449          0.070
 450          0.097
 451          0.095
 452          0.034
 453          0.047
 454          0.052
 455          0.048
 456          0.049
 457          0.094
 458          0.132
 459          0.130
 460          0.176
 461          0.331
 462          0.128
 463          0.107
 464          0.075
 465          0.059
 466          0.070
 467          0.113
 468          0.142
 469          0.082
 470          0.069
 471          0.095
 472          0.046
 473          0.082
 474          0.125
 475          0.110
 476          0.080
 477          0.108
 478          0.068
 479          0.112
 480          0.083
 481          0.080
 482          0.067
 483          0.063
 484          0.041
 485          0.031
 486          0.031
 487          0.020

# Average distance: 0.098 nm
