# Atom index    Distance (nm)
   1          0.308
   2          0.184
   3          0.256
   4          0.108
   5          0.082
   6          0.049
   7          0.068
   8          0.034
   9          0.048
  10          0.058
  11          0.134
  12          0.161
  13          0.231
  14          0.279
  15          0.215
  16          0.142
  17          0.085
  18          0.083
  19          0.075
  20          0.069
  21          0.120
  22          0.144
  23          0.134
  24          0.129
  25          0.123
  26          0.123
  27          0.124
  28          0.099
  29          0.124
  30          0.183
  31          0.167
  32          0.181
  33          0.147
  34          0.104
  35          0.031
  36          0.105
  37          0.032
  38          0.030
  39          0.035
  40          0.039
  41          0.050
  42          0.059
  43          0.089
  44          0.106
  45          0.166
  46          0.244
  47          0.263
  48          0.546
  49          0.503
  50          0.456
  51          0.258
  52          0.299
  53          0.182
  54          0.127
  55          0.089
  56          0.062
  57          0.070
  58          0.035
  59          0.061
  60          0.088
  61          0.065
  62          0.071
  63          0.095
  64          0.092
  65          0.142
  66          0.215
  67          0.269
  68          0.293
  69          0.310
  70          0.307
  71          0.248
  72          0.191
  73          0.161
  74          0.115
  75          0.132
  76          0.133
  77          0.135
  78          0.130
  79          0.111
  80          0.207
  81          0.171
  82          0.172
  83          0.120
  84          0.111
  85          0.117
  86          0.158
  87          0.137
  88          0.124
  89          0.082
  90          0.162
  91          0.162
  92          0.147
  93          0.074
  94          0.072
  95          0.064
  96          0.080
  97          0.099
  98          0.127
  99          0.136
 100          0.164
 101          0.180
 102          0.191
 103          0.200
 104          0.194
 105          0.202
 106          0.186
 107          0.199
 108          0.229
 109          0.210
 110          0.177
 111          0.157
 112          0.239
 113          0.213
 114          0.247
 115          0.207
 116          0.209
 117          0.208
 118          0.181
 119          0.097
 120          0.093
 121          0.147
 122          0.195
 123          0.236
 124          0.154
 125          0.089
 126          0.051
 127          0.053
 128          0.039
 129          0.045
 130          0.075
 131          0.074
 132          0.062
 133          0.037
 134          0.078
 135          0.031
 136          0.068
 137          0.065
 138          0.064
 139          0.077
 140          0.084
 141          0.079
 142          0.102
 143          0.127
 144          0.135
 145          0.113
 146          0.083
 147          0.081
 148          0.104
 149          0.122
 150          0.110
 151          0.051
 152          0.100
 153          0.136
 154          0.093
 155          0.090
 156          0.116
 157          0.121
 158          0.119
 159          0.139
 160          0.169
 161          0.192
 162          0.191
 163          0.181
 164          0.090
 165          0.121
 166          0.087
 167          0.098
 168          0.088
 169          0.109
 170          0.031
 171          0.026
 172          0.035
 173          0.129
 174          0.126
 175          0.102
 176          0.114
 177          0.089
 178          0.104
 179          0.114
 180          0.105
 181          0.067
 182          0.054
 183          0.077
 184          0.072
 185          0.070
 186          0.090
 187          0.037
 188          0.099
 189          0.110
 190          0.108
 191          0.118
 192          0.121
 193          0.134
 194          0.123
 195          0.065
 196          0.088
 197          0.107
 198          0.110
 199          0.117
 200          0.098
 201          0.134
 202          0.154
 203          0.161
 204          0.110
 205          0.109
 206          0.076
 207          0.083
 208          0.059
 209          0.047
 210          0.050
 211          0.058
 212          0.046
 213          0.067
 214          0.062
 215          0.032
 216          0.062
 217          0.072
 218          0.066
 219          0.093
 220          0.111
 221          0.095
 222          0.084
 223          0.074
 224          0.081
 225          0.047
 226          0.057
 227          0.053
 228          0.051
 229          0.092
 230          0.152
 231          0.125
 232          0.089
 233          0.109
 234          0.074
 235          0.111
 236          0.155
 237          0.202
 238          0.292
 239          0.258
 240          0.250
 241          0.141
 242          0.255
 243          0.031
 244          0.050
 245          0.061
 246          0.055
 247          0.035
 248          0.044
 249          0.081
 250          0.094
 251          0.137
 252          0.067
 253          0.085
 254          0.076
 255          0.088
 256          0.043
 257          0.016
 258          0.041
 259          0.033
 260          0.141
 261          0.198
 262          0.206
 263          0.160
 264          0.176
 265          0.161
 266          0.101
 267          0.113
 268          0.062
 269          0.119
 270          0.208
 271          0.165
 272          0.152
 273          0.198
 274          0.198
 275          0.112
 276          0.123
 277          0.123
 278          0.142
 279          0.100
 280          0.060
 281          0.016
 282          0.072
 283          0.053
 284          0.052
 285          0.075
 286          0.081
 287          0.058
 288          0.103
 289          0.093
 290          0.089
 291          0.163
 292          0.142
 293          0.210
 294          0.313
 295          0.309
 296          0.255
 297          0.221
 298          0.167
 299          0.087
 300          0.097
 301          0.094
 302          0.077
 303          0.083
 304          0.125
 305          0.103
 306          0.116
 307          0.095
 308          0.100
 309          0.092
 310          0.118
 311          0.133
 312          0.165
 313          0.233
 314          0.237
 315          0.215
 316          0.154
 317          0.116
 318          0.146
 319          0.182
 320          0.219
 321          0.209
 322          0.218
 323          0.185
 324          0.098
 325          0.134
 326          0.189
 327          0.172
 328          0.108
 329          0.071
 330          0.098
 331          0.099
 332          0.088
 333          0.087
 334          0.102
 335          0.119
 336          0.171
 337          0.153
 338          0.137
 339          0.127
 340          0.062
 341          0.058
 342          0.077
 343          0.112
 344          0.235
 345          0.267
 346          0.165
 347          0.102
 348          0.049
 349          0.123
 350          0.157
 351          0.184
 352          0.506
 353          0.261
 354          0.086
 355          0.120
 356          0.138
 357          0.126
 358          0.164
 359          0.122
 360          0.172
 361          0.235
 362          0.186
 363          0.177
 364          0.198
 365          0.239
 366          0.171
 367          0.177
 368          0.080
 369          0.122
 370          0.064
 371          0.088
 372          0.044
 373          0.029
 374          0.065
 375          0.047
 376          0.046
 377          0.020
 378          0.057
 379          0.063
 380          0.020
 381          0.041
 382          0.097
 383          0.112
 384          0.162
 385          0.067
 386          0.197
 387          0.154
 388          0.153
 389          0.112
 390          0.074
 391          0.122
 392          0.183
 393          0.156
 394          0.237
 395          0.176
 396          0.169
 397          0.185
 398          0.133
 399          0.142
 400          0.152
 401          0.202
 402          0.190
 403          0.201
 404          0.148
 405          0.137
 406          0.050
 407          0.045
 408          0.036
 409          0.072
 410          0.082
 411          0.067
 412          0.116
 413          0.173
 414          0.190
 415          0.114
 416          0.175
 417          0.133
 418          0.114
 419          0.097
 420          0.114
 421          0.099
 422          0.159
 423          0.144
 424          0.135
 425          0.149
 426          0.139
 427          0.130
 428          0.156
 429          0.159
 430          0.155
 431          0.201
 432          0.167
 433          0.207
 434          0.195
 435          0.170
 436          0.165
 437          0.120
 438          0.138
 439          0.135
 440          0.150
 441          0.125
 442          0.176
 443          0.149
 444          0.173
 445          0.195
 446          0.138
 447          0.084
 448          0.112
 449          0.125
 450          0.152
 451          0.162
 452          0.141
 453          0.149
 454          0.137
 455          0.102
 456          0.102
 457          0.110
 458          0.129
 459          0.194
 460          0.230
 461          0.179
 462          0.176
 463          0.172
 464          0.196
 465          0.229
 466          0.134
 467          0.126
 468          0.188
 469          0.195
 470          0.136
 471          0.142
 472          0.149
 473          0.185
 474          0.189
 475          0.222
 476          0.221
 477          0.140
 478          0.211
 479          0.148
 480          0.230
 481          0.449
 482          0.442
 483          0.262
 484          0.240
 485          0.155
 486          0.160
 487          0.074

# Average distance: 0.133 nm
