# Atom index    Distance (nm)
   1          0.587
   2          0.448
   3          0.465
   4          0.255
   5          0.151
   6          0.161
   7          0.028
   8          0.045
   9          0.117
  10          0.103
  11          0.086
  12          0.117
  13          0.161
  14          0.098
  15          0.022
  16          0.120
  17          0.105
  18          0.105
  19          0.088
  20          0.094
  21          0.113
  22          0.076
  23          0.174
  24          0.236
  25          0.149
  26          0.148
  27          0.115
  28          0.120
  29          0.113
  30          0.191
  31          0.195
  32          0.160
  33          0.136
  34          0.103
  35          0.136
  36          0.163
  37          0.162
  38          0.121
  39          0.122
  40          0.081
  41          0.058
  42          0.111
  43          0.067
  44          0.081
  45          0.133
  46          0.296
  47          0.311
  48          0.141
  49          0.361
  50          0.628
  51          0.301
  52          0.191
  53          0.141
  54          0.094
  55          0.073
  56          0.066
  57          0.117
  58          0.114
  59          0.116
  60          0.109
  61          0.125
  62          0.116
  63          0.107
  64          0.071
  65          0.121
  66          0.121
  67          0.253
  68          0.307
  69          0.359
  70          0.353
  71          0.265
  72          0.164
  73          0.120
  74          0.096
  75          0.143
  76          0.153
  77          0.195
  78          0.241
  79          0.305
  80          0.170
  81          0.180
  82          0.144
  83          0.143
  84          0.177
  85          0.162
  86          0.160
  87          0.161
  88          0.151
  89          0.181
  90          0.141
  91          0.226
  92          0.114
  93          0.136
  94          0.085
  95          0.106
  96          0.064
  97          0.069
  98          0.130
  99          0.178
 100          0.194
 101          0.228
 102          0.254
 103          0.206
 104          0.151
 105          0.082
 106          0.073
 107          0.093
 108          0.077
 109          0.113
 110          0.122
 111          0.130
 112          0.237
 113          0.124
 114          0.117
 115          0.113
 116          0.165
 117          0.142
 118          0.154
 119          0.086
 120          0.043
 121          0.088
 122          0.091
 123          0.054
 124          0.023
 125          0.013
 126          0.056
 127          0.049
 128          0.037
 129          0.180
 130          0.169
 131          0.126
 132          0.113
 133          0.099
 134          0.067
 135          0.062
 136          0.068
 137          0.079
 138          0.054
 139          0.052
 140          0.066
 141          0.051
 142          0.100
 143          0.074
 144          0.024
 145          0.060
 146          0.079
 147          0.052
 148          0.036
 149          0.043
 150          0.047
 151          0.133
 152          0.223
 153          0.189
 154          0.151
 155          0.099
 156          0.134
 157          0.083
 158          0.064
 159          0.071
 160          0.097
 161          0.098
 162          0.096
 163          0.107
 164          0.089
 165          0.096
 166          0.090
 167          0.084
 168          0.100
 169          0.098
 170          0.051
 171          0.066
 172          0.059
 173          0.045
 174          0.051
 175          0.036
 176          0.028
 177          0.023
 178          0.082
 179          0.083
 180          0.110
 181          0.110
 182          0.106
 183          0.051
 184          0.061
 185          0.055
 186          0.037
 187          0.030
 188          0.063
 189          0.058
 190          0.064
 191          0.144
 192          0.149
 193          0.150
 194          0.105
 195          0.119
 196          0.105
 197          0.078
 198          0.087
 199          0.145
 200          0.111
 201          0.371
 202          0.460
 203          0.272
 204          0.180
 205          0.134
 206          0.139
 207          0.145
 208          0.156
 209          0.083
 210          0.099
 211          0.086
 212          0.113
 213          0.114
 214          0.037
 215          0.073
 216          0.087
 217          0.118
 218          0.160
 219          0.138
 220          0.180
 221          0.193
 222          0.131
 223          0.152
 224          0.117
 225          0.120
 226          0.122
 227          0.129
 228          0.078
 229          0.115
 230          0.227
 231          0.121
 232          0.162
 233          0.112
 234          0.127
 235          0.128
 236          0.151
 237          0.198
 238          0.239
 239          0.310
 240          0.632
 241          0.535
 242          0.456
 243          0.375
 244          0.152
 245          0.126
 246          0.114
 247          0.082
 248          0.068
 249          0.052
 250          0.040
 251          0.035
 252          0.105
 253          0.012
 254          0.021
 255          0.056
 256          0.068
 257          0.057
 258          0.020
 259          0.017
 260          0.046
 261          0.056
 262          0.061
 263          0.162
 264          0.147
 265          0.125
 266          0.077
 267          0.052
 268          0.051
 269          0.065
 270          0.068
 271          0.115
 272          0.082
 273          0.051
 274          0.082
 275          0.077
 276          0.094
 277          0.075
 278          0.103
 279          0.078
 280          0.092
 281          0.092
 282          0.069
 283          0.080
 284          0.078
 285          0.059
 286          0.058
 287          0.050
 288          0.051
 289          0.115
 290          0.174
 291          0.178
 292          0.168
 293          0.100
 294          0.169
 295          0.138
 296          0.124
 297          0.114
 298          0.105
 299          0.119
 300          0.039
 301          0.037
 302          0.059
 303          0.055
 304          0.043
 305          0.085
 306          0.075
 307          0.083
 308          0.100
 309          0.082
 310          0.029
 311          0.031
 312          0.036
 313          0.082
 314          0.106
 315          0.118
 316          0.055
 317          0.041
 318          0.054
 319          0.112
 320          0.178
 321          0.070
 322          0.150
 323          0.183
 324          0.111
 325          0.094
 326          0.081
 327          0.041
 328          0.034
 329          0.034
 330          0.031
 331          0.028
 332          0.040
 333          0.053
 334          0.055
 335          0.064
 336          0.048
 337          0.048
 338          0.033
 339          0.044
 340          0.048
 341          0.058
 342          0.040
 343          0.035
 344          0.028
 345          0.072
 346          0.083
 347          0.103
 348          0.065
 349          0.068
 350          0.057
 351          0.087
 352          0.149
 353          0.281
 354          0.268
 355          0.188
 356          0.109
 357          0.048
 358          0.076
 359          0.073
 360          0.075
 361          0.059
 362          0.056
 363          0.045
 364          0.039
 365          0.051
 366          0.046
 367          0.055
 368          0.093
 369          0.091
 370          0.036
 371          0.046
 372          0.038
 373          0.015
 374          0.034
 375          0.030
 376          0.032
 377          0.050
 378          0.045
 379          0.023
 380          0.062
 381          0.035
 382          0.012
 383          0.074
 384          0.090
 385          0.217
 386          0.141
 387          0.083
 388          0.055
 389          0.050
 390          0.048
 391          0.106
 392          0.147
 393          0.222
 394          0.099
 395          0.223
 396          0.141
 397          0.102
 398          0.096
 399          0.106
 400          0.110
 401          0.106
 402          0.085
 403          0.079
 404          0.038
 405          0.025
 406          0.035
 407          0.041
 408          0.057
 409          0.062
 410          0.073
 411          0.098
 412          0.048
 413          0.034
 414          0.061
 415          0.029
 416          0.072
 417          0.076
 418          0.075
 419          0.071
 420          0.081
 421          0.036
 422          0.124
 423          0.130
 424          0.066
 425          0.042
 426          0.077
 427          0.088
 428          0.105
 429          0.163
 430          0.102
 431          0.138
 432          0.138
 433          0.152
 434          0.162
 435          0.120
 436          0.116
 437          0.098
 438          0.076
 439          0.067
 440          0.121
 441          0.114
 442          0.137
 443          0.037
 444          0.089
 445          0.093
 446          0.109
 447          0.125
 448          0.120
 449          0.110
 450          0.128
 451          0.116
 452          0.120
 453          0.102
 454          0.103
 455          0.104
 456          0.092
 457          0.096
 458          0.087
 459          0.115
 460          0.126
 461          0.082
 462          0.075
 463          0.074
 464          0.085
 465          0.123
 466          0.175
 467          0.236
 468          0.232
 469          0.269
 470          0.201
 471          0.143
 472          0.116
 473          0.134
 474          0.109
 475          0.243
 476          0.198
 477          0.159
 478          0.163
 479          0.157
 480          0.126
 481          0.129
 482          0.116
 483          0.059
 484          0.038
 485          0.084
 486          0.089
 487          0.069

# Average distance: 0.114 nm
