# Atom index    Distance (nm)
   1          0.546
   2          0.609
   3          0.652
   4          0.511
   5          0.407
   6          0.208
   7          0.176
   8          0.135
   9          0.120
  10          0.106
  11          0.078
  12          0.105
  13          0.205
  14          0.243
  15          0.214
  16          0.141
  17          0.118
  18          0.109
  19          0.112
  20          0.133
  21          0.104
  22          0.092
  23          0.093
  24          0.108
  25          0.102
  26          0.117
  27          0.104
  28          0.070
  29          0.101
  30          0.121
  31          0.149
  32          0.129
  33          0.072
  34          0.102
  35          0.112
  36          0.107
  37          0.105
  38          0.112
  39          0.098
  40          0.102
  41          0.165
  42          0.169
  43          0.190
  44          0.155
  45          0.400
  46          0.746
  47          0.954
  48          1.235
  49          0.862
  50          0.479
  51          0.133
  52          0.155
  53          0.126
  54          0.116
  55          0.194
  56          0.183
  57          0.196
  58          0.130
  59          0.137
  60          0.159
  61          0.156
  62          0.160
  63          0.165
  64          0.126
  65          0.182
  66          0.247
  67          0.452
  68          0.533
  69          0.556
  70          0.506
  71          0.351
  72          0.195
  73          0.119
  74          0.099
  75          0.146
  76          0.171
  77          0.244
  78          0.339
  79          0.332
  80          0.366
  81          0.370
  82          0.290
  83          0.217
  84          0.175
  85          0.162
  86          0.183
  87          0.191
  88          0.223
  89          0.217
  90          0.233
  91          0.247
  92          0.202
  93          0.173
  94          0.160
  95          0.166
  96          0.185
  97          0.188
  98          0.190
  99          0.180
 100          0.203
 101          0.289
 102          0.230
 103          0.213
 104          0.194
 105          0.173
 106          0.104
 107          0.109
 108          0.271
 109          0.293
 110          0.374
 111          0.386
 112          0.354
 113          0.175
 114          0.263
 115          0.252
 116          0.298
 117          0.190
 118          0.162
 119          0.202
 120          0.256
 121          0.266
 122          0.252
 123          0.192
 124          0.157
 125          0.154
 126          0.079
 127          0.078
 128          0.105
 129          0.131
 130          0.104
 131          0.164
 132          0.170
 133          0.154
 134          0.234
 135          0.103
 136          0.107
 137          0.106
 138          0.110
 139          0.106
 140          0.123
 141          0.141
 142          0.192
 143          0.161
 144          0.150
 145          0.124
 146          0.102
 147          0.112
 148          0.104
 149          0.075
 150          0.048
 151          0.177
 152          0.257
 153          0.249
 154          0.214
 155          0.219
 156          0.204
 157          0.134
 158          0.149
 159          0.079
 160          0.076
 161          0.081
 162          0.096
 163          0.111
 164          0.102
 165          0.121
 166          0.129
 167          0.152
 168          0.156
 169          0.094
 170          0.082
 171          0.069
 172          0.055
 173          0.112
 174          0.136
 175          0.255
 176          0.267
 177          0.234
 178          0.168
 179          0.175
 180          0.227
 181          0.184
 182          0.177
 183          0.166
 184          0.271
 185          0.433
 186          0.474
 187          0.375
 188          0.292
 189          0.211
 190          0.123
 191          0.159
 192          0.132
 193          0.171
 194          0.160
 195          0.213
 196          0.248
 197          0.260
 198          0.309
 199          0.324
 200          0.237
 201          0.266
 202          0.257
 203          0.215
 204          0.182
 205          0.211
 206          0.146
 207          0.178
 208          0.176
 209          0.152
 210          0.155
 211          0.138
 212          0.131
 213          0.203
 214          0.144
 215          0.141
 216          0.107
 217          0.130
 218          0.175
 219          0.184
 220          0.185
 221          0.062
 222          0.112
 223          0.175
 224          0.134
 225          0.134
 226          0.094
 227          0.102
 228          0.051
 229          0.143
 230          0.233
 231          0.072
 232          0.079
 233          0.103
 234          0.091
 235          0.124
 236          0.113
 237          0.086
 238          0.313
 239          0.340
 240          0.303
 241          0.334
 242          0.184
 243          0.060
 244          0.075
 245          0.043
 246          0.020
 247          0.037
 248          0.086
 249          0.141
 250          0.117
 251          0.189
 252          0.123
 253          0.123
 254          0.096
 255          0.100
 256          0.108
 257          0.059
 258          0.045
 259          0.058
 260          0.049
 261          0.086
 262          0.135
 263          0.132
 264          0.147
 265          0.103
 266          0.081
 267          0.066
 268          0.036
 269          0.046
 270          0.084
 271          0.097
 272          0.059
 273          0.033
 274          0.049
 275          0.063
 276          0.064
 277          0.070
 278          0.055
 279          0.065
 280          0.088
 281          0.080
 282          0.089
 283          0.122
 284          0.184
 285          0.225
 286          0.107
 287          0.054
 288          0.039
 289          0.146
 290          0.131
 291          0.165
 292          0.170
 293          0.218
 294          0.280
 295          0.269
 296          0.245
 297          0.218
 298          0.203
 299          0.143
 300          0.139
 301          0.132
 302          0.136
 303          0.083
 304          0.151
 305          0.183
 306          0.219
 307          0.191
 308          0.173
 309          0.131
 310          0.154
 311          0.187
 312          0.165
 313          0.275
 314          0.316
 315          0.339
 316          0.189
 317          0.107
 318          0.079
 319          0.079
 320          0.071
 321          0.143
 322          0.257
 323          0.306
 324          0.323
 325          0.307
 326          0.347
 327          0.237
 328          0.194
 329          0.197
 330          0.151
 331          0.161
 332          0.068
 333          0.093
 334          0.095
 335          0.070
 336          0.031
 337          0.035
 338          0.054
 339          0.053
 340          0.110
 341          0.139
 342          0.184
 343          0.184
 344          0.218
 345          0.260
 346          0.235
 347          0.223
 348          0.210
 349          0.171
 350          0.207
 351          0.182
 352          0.294
 353          0.357
 354          0.246
 355          0.151
 356          0.165
 357          0.140
 358          0.168
 359          0.209
 360          0.268
 361          0.278
 362          0.305
 363          0.300
 364          0.259
 365          0.277
 366          0.318
 367          0.351
 368          0.272
 369          0.112
 370          0.033
 371          0.044
 372          0.016
 373          0.072
 374          0.104
 375          0.041
 376          0.077
 377          0.085
 378          0.083
 379          0.133
 380          0.132
 381          0.147
 382          0.152
 383          0.130
 384          0.200
 385          0.119
 386          0.099
 387          0.148
 388          0.166
 389          0.185
 390          0.271
 391          0.330
 392          0.336
 393          0.444
 394          0.423
 395          0.357
 396          0.356
 397          0.317
 398          0.264
 399          0.225
 400          0.169
 401          0.164
 402          0.210
 403          0.244
 404          0.143
 405          0.170
 406          0.206
 407          0.190
 408          0.189
 409          0.151
 410          0.129
 411          0.134
 412          0.137
 413          0.135
 414          0.109
 415          0.104
 416          0.098
 417          0.113
 418          0.136
 419          0.167
 420          0.161
 421          0.143
 422          0.171
 423          0.252
 424          0.179
 425          0.187
 426          0.191
 427          0.213
 428          0.250
 429          0.250
 430          0.290
 431          0.318
 432          0.306
 433          0.238
 434          0.231
 435          0.269
 436          0.295
 437          0.269
 438          0.295
 439          0.272
 440          0.233
 441          0.239
 442          0.184
 443          0.163
 444          0.102
 445          0.105
 446          0.085
 447          0.064
 448          0.053
 449          0.057
 450          0.084
 451          0.086
 452          0.208
 453          0.058
 454          0.116
 455          0.087
 456          0.101
 457          0.067
 458          0.104
 459          0.196
 460          0.180
 461          0.161
 462          0.159
 463          0.133
 464          0.122
 465          0.209
 466          0.185
 467          0.157
 468          0.120
 469          0.127
 470          0.244
 471          0.208
 472          0.210
 473          0.227
 474          0.195
 475          0.218
 476          0.160
 477          0.166
 478          0.110
 479          0.120
 480          0.173
 481          0.158
 482          0.150
 483          0.209
 484          0.213
 485          0.100
 486          0.103
 487          0.122

# Average distance: 0.182 nm
