# Atom index    Distance (nm)
   1          0.271
   2          0.162
   3          0.141
   4          0.202
   5          0.304
   6          0.230
   7          0.190
   8          0.121
   9          0.082
  10          0.084
  11          0.097
  12          0.143
  13          0.280
  14          0.328
  15          0.295
  16          0.191
  17          0.130
  18          0.129
  19          0.175
  20          0.220
  21          0.146
  22          0.265
  23          0.275
  24          0.329
  25          0.273
  26          0.255
  27          0.204
  28          0.267
  29          0.203
  30          0.217
  31          0.191
  32          0.178
  33          0.114
  34          0.142
  35          0.179
  36          0.181
  37          0.185
  38          0.116
  39          0.130
  40          0.119
  41          0.163
  42          0.125
  43          0.111
  44          0.093
  45          0.099
  46          0.149
  47          0.183
  48          0.249
  49          0.205
  50          0.293
  51          0.151
  52          0.210
  53          0.093
  54          0.135
  55          0.130
  56          0.139
  57          0.142
  58          0.180
  59          0.217
  60          0.221
  61          0.218
  62          0.213
  63          0.170
  64          0.158
  65          0.164
  66          0.153
  67          0.227
  68          0.307
  69          0.242
  70          0.246
  71          0.306
  72          0.209
  73          0.235
  74          0.216
  75          0.271
  76          0.232
  77          0.239
  78          0.246
  79          0.309
  80          0.287
  81          0.185
  82          0.304
  83          0.174
  84          0.137
  85          0.138
  86          0.113
  87          0.180
  88          0.201
  89          0.256
  90          0.281
  91          0.323
  92          0.249
  93          0.216
  94          0.195
  95          0.140
  96          0.133
  97          0.090
  98          0.190
  99          0.193
 100          0.145
 101          0.203
 102          0.218
 103          0.211
 104          0.204
 105          0.142
 106          0.130
 107          0.246
 108          0.352
 109          0.305
 110          0.261
 111          0.353
 112          0.463
 113          0.328
 114          0.304
 115          0.239
 116          0.285
 117          0.275
 118          0.258
 119          0.317
 120          0.304
 121          0.341
 122          0.305
 123          0.259
 124          0.208
 125          0.158
 126          0.116
 127          0.177
 128          0.190
 129          0.132
 130          0.090
 131          0.073
 132          0.082
 133          0.071
 134          0.074
 135          0.082
 136          0.090
 137          0.083
 138          0.094
 139          0.107
 140          0.124
 141          0.148
 142          0.146
 143          0.147
 144          0.136
 145          0.086
 146          0.085
 147          0.087
 148          0.067
 149          0.069
 150          0.098
 151          0.124
 152          0.136
 153          0.139
 154          0.099
 155          0.088
 156          0.069
 157          0.068
 158          0.117
 159          0.074
 160          0.104
 161          0.125
 162          0.139
 163          0.129
 164          0.086
 165          0.053
 166          0.036
 167          0.036
 168          0.066
 169          0.095
 170          0.065
 171          0.097
 172          0.089
 173          0.081
 174          0.113
 175          0.063
 176          0.084
 177          0.120
 178          0.081
 179          0.131
 180          0.176
 181          0.136
 182          0.145
 183          0.128
 184          0.115
 185          0.069
 186          0.096
 187          0.086
 188          0.107
 189          0.138
 190          0.131
 191          0.135
 192          0.177
 193          0.178
 194          0.110
 195          0.154
 196          0.152
 197          0.131
 198          0.122
 199          0.151
 200          0.218
 201          0.301
 202          0.359
 203          0.199
 204          0.155
 205          0.213
 206          0.199
 207          0.181
 208          0.191
 209          0.160
 210          0.115
 211          0.148
 212          0.172
 213          0.198
 214          0.182
 215          0.209
 216          0.223
 217          0.212
 218          0.228
 219          0.247
 220          0.271
 221          0.236
 222          0.217
 223          0.188
 224          0.179
 225          0.188
 226          0.174
 227          0.132
 228          0.142
 229          0.158
 230          0.191
 231          0.128
 232          0.092
 233          0.079
 234          0.102
 235          0.165
 236          0.196
 237          0.184
 238          0.143
 239          0.268
 240          0.097
 241          0.290
 242          0.152
 243          0.130
 244          0.162
 245          0.141
 246          0.178
 247          0.163
 248          0.190
 249          0.163
 250          0.084
 251          0.057
 252          0.095
 253          0.102
 254          0.067
 255          0.090
 256          0.090
 257          0.112
 258          0.136
 259          0.099
 260          0.103
 261          0.101
 262          0.131
 263          0.124
 264          0.135
 265          0.132
 266          0.124
 267          0.105
 268          0.139
 269          0.130
 270          0.143
 271          0.172
 272          0.187
 273          0.298
 274          0.207
 275          0.098
 276          0.096
 277          0.108
 278          0.155
 279          0.144
 280          0.166
 281          0.110
 282          0.119
 283          0.145
 284          0.132
 285          0.172
 286          0.119
 287          0.098
 288          0.100
 289          0.082
 290          0.142
 291          0.114
 292          0.141
 293          0.147
 294          0.197
 295          0.263
 296          0.147
 297          0.062
 298          0.046
 299          0.059
 300          0.096
 301          0.089
 302          0.111
 303          0.186
 304          0.299
 305          0.218
 306          0.179
 307          0.179
 308          0.179
 309          0.168
 310          0.203
 311          0.182
 312          0.190
 313          0.259
 314          0.265
 315          0.181
 316          0.232
 317          0.184
 318          0.197
 319          0.191
 320          0.183
 321          0.174
 322          0.108
 323          0.200
 324          0.194
 325          0.227
 326          0.246
 327          0.223
 328          0.141
 329          0.062
 330          0.044
 331          0.081
 332          0.145
 333          0.098
 334          0.050
 335          0.052
 336          0.074
 337          0.091
 338          0.092
 339          0.055
 340          0.088
 341          0.152
 342          0.168
 343          0.143
 344          0.153
 345          0.182
 346          0.187
 347          0.189
 348          0.183
 349          0.186
 350          0.210
 351          0.226
 352          0.207
 353          0.202
 354          0.177
 355          0.164
 356          0.141
 357          0.163
 358          0.172
 359          0.136
 360          0.237
 361          0.192
 362          0.143
 363          0.148
 364          0.112
 365          0.169
 366          0.152
 367          0.110
 368          0.105
 369          0.102
 370          0.073
 371          0.097
 372          0.137
 373          0.100
 374          0.035
 375          0.047
 376          0.023
 377          0.062
 378          0.058
 379          0.060
 380          0.048
 381          0.054
 382          0.074
 383          0.083
 384          0.126
 385          0.117
 386          0.099
 387          0.039
 388          0.061
 389          0.067
 390          0.067
 391          0.051
 392          0.091
 393          0.097
 394          0.192
 395          0.190
 396          0.166
 397          0.130
 398          0.124
 399          0.134
 400          0.143
 401          0.142
 402          0.102
 403          0.089
 404          0.093
 405          0.048
 406          0.057
 407          0.066
 408          0.023
 409          0.051
 410          0.094
 411          0.118
 412          0.074
 413          0.036
 414          0.070
 415          0.090
 416          0.077
 417          0.083
 418          0.108
 419          0.070
 420          0.094
 421          0.048
 422          0.030
 423          0.082
 424          0.114
 425          0.140
 426          0.135
 427          0.148
 428          0.206
 429          0.187
 430          0.119
 431          0.124
 432          0.152
 433          0.138
 434          0.100
 435          0.103
 436          0.113
 437          0.153
 438          0.143
 439          0.145
 440          0.125
 441          0.073
 442          0.080
 443          0.061
 444          0.061
 445          0.098
 446          0.090
 447          0.081
 448          0.072
 449          0.053
 450          0.076
 451          0.097
 452          0.149
 453          0.055
 454          0.055
 455          0.055
 456          0.074
 457          0.057
 458          0.076
 459          0.077
 460          0.122
 461          0.110
 462          0.089
 463          0.093
 464          0.123
 465          0.162
 466          0.143
 467          0.164
 468          0.143
 469          0.155
 470          0.136
 471          0.140
 472          0.136
 473          0.135
 474          0.118
 475          0.101
 476          0.085
 477          0.142
 478          0.132
 479          0.121
 480          0.165
 481          0.177
 482          0.167
 483          0.136
 484          0.148
 485          0.094
 486          0.096
 487          0.067

# Average distance: 0.150 nm
