# Atom index    Distance (nm)
   1          0.224
   2          0.270
   3          0.264
   4          0.190
   5          0.173
   6          0.156
   7          0.136
   8          0.054
   9          0.068
  10          0.065
  11          0.152
  12          0.225
  13          0.264
  14          0.277
  15          0.224
  16          0.235
  17          0.180
  18          0.177
  19          0.222
  20          0.245
  21          0.326
  22          0.330
  23          0.389
  24          0.297
  25          0.221
  26          0.250
  27          0.239
  28          0.294
  29          0.291
  30          0.256
  31          0.253
  32          0.243
  33          0.230
  34          0.197
  35          0.237
  36          0.264
  37          0.238
  38          0.165
  39          0.126
  40          0.090
  41          0.097
  42          0.078
  43          0.105
  44          0.166
  45          0.239
  46          0.389
  47          0.524
  48          0.556
  49          0.602
  50          0.470
  51          0.260
  52          0.103
  53          0.068
  54          0.090
  55          0.022
  56          0.072
  57          0.147
  58          0.183
  59          0.212
  60          0.240
  61          0.175
  62          0.143
  63          0.104
  64          0.119
  65          0.107
  66          0.172
  67          0.261
  68          0.295
  69          0.340
  70          0.216
  71          0.218
  72          0.180
  73          0.185
  74          0.180
  75          0.157
  76          0.152
  77          0.172
  78          0.109
  79          0.117
  80          0.130
  81          0.056
  82          0.139
  83          0.063
  84          0.039
  85          0.070
  86          0.128
  87          0.096
  88          0.229
  89          0.328
  90          0.385
  91          0.559
  92          0.447
  93          0.360
  94          0.251
  95          0.200
  96          0.197
  97          0.128
  98          0.158
  99          0.149
 100          0.131
 101          0.188
 102          0.255
 103          0.235
 104          0.239
 105          0.225
 106          0.203
 107          0.229
 108          0.401
 109          0.411
 110          0.375
 111          0.422
 112          0.436
 113          0.326
 114          0.259
 115          0.241
 116          0.324
 117          0.293
 118          0.306
 119          0.354
 120          0.336
 121          0.358
 122          0.362
 123          0.310
 124          0.277
 125          0.250
 126          0.201
 127          0.132
 128          0.112
 129          0.153
 130          0.053
 131          0.073
 132          0.073
 133          0.064
 134          0.067
 135          0.043
 136          0.061
 137          0.122
 138          0.165
 139          0.067
 140          0.107
 141          0.128
 142          0.048
 143          0.063
 144          0.058
 145          0.058
 146          0.064
 147          0.101
 148          0.037
 149          0.031
 150          0.113
 151          0.206
 152          0.282
 153          0.326
 154          0.127
 155          0.042
 156          0.046
 157          0.037
 158          0.082
 159          0.094
 160          0.119
 161          0.072
 162          0.067
 163          0.057
 164          0.089
 165          0.071
 166          0.091
 167          0.092
 168          0.047
 169          0.053
 170          0.040
 171          0.048
 172          0.030
 173          0.054
 174          0.035
 175          0.051
 176          0.068
 177          0.036
 178          0.062
 179          0.065
 180          0.124
 181          0.056
 182          0.028
 183          0.054
 184          0.064
 185          0.021
 186          0.054
 187          0.087
 188          0.066
 189          0.081
 190          0.070
 191          0.117
 192          0.131
 193          0.144
 194          0.083
 195          0.073
 196          0.061
 197          0.091
 198          0.069
 199          0.151
 200          0.171
 201          0.088
 202          0.079
 203          0.062
 204          0.083
 205          0.086
 206          0.103
 207          0.128
 208          0.161
 209          0.119
 210          0.049
 211          0.130
 212          0.197
 213          0.139
 214          0.114
 215          0.158
 216          0.152
 217          0.128
 218          0.163
 219          0.134
 220          0.223
 221          0.244
 222          0.184
 223          0.151
 224          0.108
 225          0.109
 226          0.163
 227          0.172
 228          0.184
 229          0.223
 230          0.341
 231          0.261
 232          0.190
 233          0.137
 234          0.101
 235          0.116
 236          0.107
 237          0.127
 238          0.308
 239          0.262
 240          0.246
 241          0.139
 242          0.129
 243          0.229
 244          0.302
 245          0.226
 246          0.149
 247          0.146
 248          0.165
 249          0.172
 250          0.145
 251          0.128
 252          0.090
 253          0.110
 254          0.153
 255          0.113
 256          0.103
 257          0.089
 258          0.080
 259          0.090
 260          0.082
 261          0.150
 262          0.222
 263          0.177
 264          0.101
 265          0.145
 266          0.159
 267          0.161
 268          0.121
 269          0.113
 270          0.170
 271          0.177
 272          0.194
 273          0.121
 274          0.166
 275          0.087
 276          0.128
 277          0.231
 278          0.246
 279          0.246
 280          0.250
 281          0.254
 282          0.144
 283          0.125
 284          0.077
 285          0.098
 286          0.108
 287          0.059
 288          0.057
 289          0.038
 290          0.085
 291          0.089
 292          0.071
 293          0.076
 294          0.095
 295          0.115
 296          0.101
 297          0.111
 298          0.106
 299          0.097
 300          0.066
 301          0.082
 302          0.058
 303          0.059
 304          0.062
 305          0.103
 306          0.052
 307          0.078
 308          0.099
 309          0.114
 310          0.133
 311          0.094
 312          0.141
 313          0.135
 314          0.233
 315          0.230
 316          0.171
 317          0.094
 318          0.145
 319          0.128
 320          0.156
 321          0.108
 322          0.068
 323          0.080
 324          0.074
 325          0.061
 326          0.152
 327          0.155
 328          0.138
 329          0.136
 330          0.114
 331          0.163
 332          0.173
 333          0.203
 334          0.141
 335          0.133
 336          0.105
 337          0.096
 338          0.117
 339          0.126
 340          0.131
 341          0.092
 342          0.160
 343          0.169
 344          0.114
 345          0.131
 346          0.203
 347          0.221
 348          0.181
 349          0.127
 350          0.102
 351          0.105
 352          0.326
 353          0.232
 354          0.089
 355          0.144
 356          0.169
 357          0.106
 358          0.125
 359          0.140
 360          0.179
 361          0.194
 362          0.226
 363          0.282
 364          0.212
 365          0.305
 366          0.343
 367          0.170
 368          0.130
 369          0.138
 370          0.096
 371          0.128
 372          0.122
 373          0.091
 374          0.056
 375          0.067
 376          0.048
 377          0.058
 378          0.102
 379          0.056
 380          0.060
 381          0.069
 382          0.059
 383          0.093
 384          0.156
 385          0.097
 386          0.163
 387          0.147
 388          0.038
 389          0.111
 390          0.130
 391          0.132
 392          0.184
 393          0.246
 394          0.191
 395          0.220
 396          0.163
 397          0.126
 398          0.137
 399          0.104
 400          0.144
 401          0.058
 402          0.084
 403          0.084
 404          0.020
 405          0.075
 406          0.057
 407          0.079
 408          0.109
 409          0.123
 410          0.104
 411          0.170
 412          0.183
 413          0.140
 414          0.123
 415          0.113
 416          0.117
 417          0.112
 418          0.119
 419          0.146
 420          0.136
 421          0.187
 422          0.273
 423          0.274
 424          0.291
 425          0.128
 426          0.145
 427          0.141
 428          0.118
 429          0.127
 430          0.144
 431          0.199
 432          0.167
 433          0.128
 434          0.127
 435          0.127
 436          0.125
 437          0.134
 438          0.104
 439          0.093
 440          0.069
 441          0.065
 442          0.088
 443          0.064
 444          0.098
 445          0.174
 446          0.136
 447          0.093
 448          0.109
 449          0.109
 450          0.137
 451          0.107
 452          0.098
 453          0.065
 454          0.090
 455          0.094
 456          0.133
 457          0.102
 458          0.146
 459          0.132
 460          0.329
 461          0.210
 462          0.206
 463          0.163
 464          0.132
 465          0.172
 466          0.168
 467          0.194
 468          0.237
 469          0.226
 470          0.138
 471          0.154
 472          0.113
 473          0.095
 474          0.084
 475          0.037
 476          0.188
 477          0.237
 478          0.215
 479          0.158
 480          0.173
 481          0.182
 482          0.150
 483          0.154
 484          0.166
 485          0.091
 486          0.068
 487          0.078

# Average distance: 0.154 nm
