# Atom index    Average Distance (nm)    SEM
   1          0.381                0.023
   2          0.250                0.016
   3          0.210                0.012
   4          0.160                0.008
   5          0.167                0.007
   6          0.127                0.004
   7          0.106                0.004
   8          0.090                0.003
   9          0.095                0.004
  10          0.079                0.003
  11          0.093                0.004
  12          0.115                0.004
  13          0.160                0.006
  14          0.166                0.006
  15          0.146                0.006
  16          0.123                0.005
  17          0.097                0.004
  18          0.089                0.003
  19          0.104                0.004
  20          0.125                0.004
  21          0.154                0.006
  22          0.205                0.008
  23          0.201                0.008
  24          0.197                0.007
  25          0.172                0.006
  26          0.151                0.005
  27          0.118                0.004
  28          0.112                0.005
  29          0.111                0.004
  30          0.142                0.006
  31          0.129                0.006
  32          0.149                0.006
  33          0.140                0.007
  34          0.124                0.006
  35          0.151                0.007
  36          0.161                0.007
  37          0.140                0.006
  38          0.107                0.004
  39          0.109                0.004
  40          0.099                0.004
  41          0.135                0.006
  42          0.153                0.006
  43          0.165                0.007
  44          0.185                0.009
  45          0.208                0.010
  46          0.284                0.014
  47          0.328                0.015
  48          0.387                0.019
  49          0.395                0.019
  50          0.355                0.016
  51          0.285                0.012
  52          0.250                0.010
  53          0.182                0.008
  54          0.152                0.006
  55          0.140                0.007
  56          0.122                0.006
  57          0.134                0.006
  58          0.127                0.005
  59          0.152                0.006
  60          0.168                0.007
  61          0.172                0.007
  62          0.154                0.007
  63          0.140                0.006
  64          0.125                0.005
  65          0.141                0.006
  66          0.153                0.006
  67          0.190                0.007
  68          0.235                0.009
  69          0.218                0.008
  70          0.181                0.007
  71          0.165                0.006
  72          0.140                0.005
  73          0.139                0.005
  74          0.134                0.005
  75          0.162                0.007
  76          0.174                0.007
  77          0.201                0.009
  78          0.215                0.010
  79          0.203                0.009
  80          0.216                0.010
  81          0.215                0.010
  82          0.184                0.008
  83          0.157                0.007
  84          0.161                0.008
  85          0.144                0.006
  86          0.162                0.007
  87          0.147                0.005
  88          0.155                0.006
  89          0.153                0.006
  90          0.161                0.007
  91          0.194                0.009
  92          0.194                0.009
  93          0.166                0.007
  94          0.128                0.006
  95          0.114                0.005
  96          0.117                0.004
  97          0.121                0.004
  98          0.148                0.006
  99          0.156                0.007
 100          0.187                0.009
 101          0.208                0.010
 102          0.203                0.009
 103          0.198                0.009
 104          0.170                0.007
 105          0.140                0.006
 106          0.116                0.004
 107          0.120                0.004
 108          0.154                0.006
 109          0.165                0.006
 110          0.145                0.006
 111          0.161                0.007
 112          0.152                0.006
 113          0.125                0.005
 114          0.137                0.005
 115          0.140                0.005
 116          0.173                0.007
 117          0.175                0.007
 118          0.199                0.009
 119          0.202                0.009
 120          0.174                0.007
 121          0.185                0.008
 122          0.176                0.007
 123          0.159                0.006
 124          0.127                0.005
 125          0.118                0.005
 126          0.096                0.004
 127          0.101                0.004
 128          0.099                0.003
 129          0.093                0.003
 130          0.090                0.003
 131          0.093                0.004
 132          0.085                0.003
 133          0.076                0.003
 134          0.075                0.003
 135          0.068                0.002
 136          0.072                0.002
 137          0.075                0.002
 138          0.078                0.002
 139          0.085                0.003
 140          0.091                0.003
 141          0.122                0.004
 142          0.126                0.005
 143          0.118                0.004
 144          0.112                0.004
 145          0.090                0.003
 146          0.079                0.003
 147          0.075                0.002
 148          0.073                0.002
 149          0.080                0.003
 150          0.103                0.004
 151          0.145                0.005
 152          0.180                0.007
 153          0.186                0.009
 154          0.135                0.005
 155          0.104                0.004
 156          0.088                0.003
 157          0.083                0.003
 158          0.087                0.003
 159          0.086                0.003
 160          0.096                0.003
 161          0.092                0.003
 162          0.106                0.003
 163          0.099                0.003
 164          0.085                0.003
 165          0.081                0.003
 166          0.087                0.003
 167          0.078                0.003
 168          0.072                0.002
 169          0.071                0.002
 170          0.070                0.002
 171          0.066                0.002
 172          0.071                0.002
 173          0.079                0.003
 174          0.095                0.003
 175          0.103                0.004
 176          0.128                0.005
 177          0.150                0.006
 178          0.133                0.006
 179          0.109                0.004
 180          0.096                0.004
 181          0.091                0.003
 182          0.083                0.003
 183          0.075                0.002
 184          0.075                0.003
 185          0.086                0.004
 186          0.097                0.004
 187          0.098                0.004
 188          0.086                0.003
 189          0.084                0.003
 190          0.078                0.003
 191          0.086                0.003
 192          0.096                0.003
 193          0.105                0.004
 194          0.097                0.003
 195          0.094                0.003
 196          0.088                0.003
 197          0.100                0.003
 198          0.116                0.003
 199          0.140                0.005
 200          0.133                0.005
 201          0.145                0.005
 202          0.142                0.005
 203          0.107                0.004
 204          0.090                0.003
 205          0.098                0.003
 206          0.101                0.003
 207          0.119                0.004
 208          0.116                0.004
 209          0.117                0.004
 210          0.143                0.005
 211          0.149                0.006
 212          0.190                0.009
 213          0.180                0.007
 214          0.120                0.004
 215          0.107                0.003
 216          0.099                0.003
 217          0.096                0.003
 218          0.108                0.003
 219          0.120                0.004
 220          0.165                0.005
 221          0.162                0.006
 222          0.145                0.005
 223          0.115                0.004
 224          0.102                0.003
 225          0.094                0.003
 226          0.099                0.003
 227          0.101                0.003
 228          0.117                0.004
 229          0.160                0.006
 230          0.186                0.008
 231          0.155                0.007
 232          0.118                0.004
 233          0.100                0.003
 234          0.093                0.003
 235          0.101                0.003
 236          0.108                0.003
 237          0.162                0.005
 238          0.200                0.008
 239          0.218                0.009
 240          0.204                0.008
 241          0.191                0.007
 242          0.162                0.006
 243          0.173                0.006
 244          0.156                0.006
 245          0.125                0.004
 246          0.106                0.003
 247          0.108                0.003
 248          0.092                0.003
 249          0.094                0.003
 250          0.088                0.003
 251          0.090                0.003
 252          0.086                0.003
 253          0.080                0.003
 254          0.086                0.003
 255          0.079                0.003
 256          0.068                0.002
 257          0.061                0.002
 258          0.063                0.002
 259          0.065                0.002
 260          0.076                0.002
 261          0.097                0.003
 262          0.126                0.005
 263          0.142                0.006
 264          0.131                0.004
 265          0.103                0.003
 266          0.084                0.003
 267          0.077                0.003
 268          0.087                0.003
 269          0.100                0.003
 270          0.138                0.005
 271          0.190                0.008
 272          0.162                0.006
 273          0.139                0.005
 274          0.116                0.005
 275          0.093                0.003
 276          0.095                0.003
 277          0.098                0.003
 278          0.114                0.004
 279          0.104                0.003
 280          0.121                0.004
 281          0.119                0.004
 282          0.105                0.004
 283          0.097                0.003
 284          0.091                0.003
 285          0.093                0.003
 286          0.077                0.003
 287          0.069                0.002
 288          0.068                0.002
 289          0.076                0.002
 290          0.080                0.002
 291          0.104                0.004
 292          0.101                0.003
 293          0.131                0.005
 294          0.161                0.006
 295          0.193                0.008
 296          0.190                0.007
 297          0.148                0.005
 298          0.125                0.005
 299          0.100                0.003
 300          0.099                0.003
 301          0.080                0.003
 302          0.086                0.003
 303          0.090                0.003
 304          0.100                0.003
 305          0.113                0.004
 306          0.120                0.004
 307          0.110                0.004
 308          0.101                0.004
 309          0.097                0.004
 310          0.112                0.004
 311          0.125                0.005
 312          0.138                0.006
 313          0.168                0.007
 314          0.172                0.007
 315          0.145                0.006
 316          0.122                0.005
 317          0.105                0.004
 318          0.103                0.004
 319          0.103                0.004
 320          0.131                0.005
 321          0.129                0.005
 322          0.153                0.006
 323          0.164                0.005
 324          0.154                0.005
 325          0.161                0.006
 326          0.156                0.005
 327          0.134                0.005
 328          0.113                0.004
 329          0.110                0.004
 330          0.109                0.004
 331          0.118                0.004
 332          0.096                0.003
 333          0.098                0.004
 334          0.092                0.003
 335          0.098                0.003
 336          0.101                0.004
 337          0.090                0.003
 338          0.084                0.003
 339          0.079                0.003
 340          0.088                0.003
 341          0.095                0.003
 342          0.108                0.004
 343          0.112                0.004
 344          0.139                0.005
 345          0.151                0.006
 346          0.150                0.006
 347          0.124                0.005
 348          0.110                0.004
 349          0.103                0.004
 350          0.111                0.004
 351          0.122                0.004
 352          0.144                0.005
 353          0.175                0.007
 354          0.168                0.006
 355          0.128                0.005
 356          0.115                0.004
 357          0.101                0.004
 358          0.110                0.004
 359          0.114                0.005
 360          0.143                0.006
 361          0.138                0.006
 362          0.154                0.006
 363          0.162                0.006
 364          0.145                0.005
 365          0.155                0.005
 366          0.166                0.006
 367          0.151                0.006
 368          0.115                0.005
 369          0.099                0.003
 370          0.079                0.003
 371          0.075                0.002
 372          0.068                0.002
 373          0.070                0.002
 374          0.067                0.002
 375          0.071                0.002
 376          0.072                0.002
 377          0.072                0.002
 378          0.075                0.002
 379          0.073                0.002
 380          0.067                0.002
 381          0.068                0.002
 382          0.072                0.002
 383          0.080                0.003
 384          0.094                0.003
 385          0.113                0.004
 386          0.129                0.005
 387          0.098                0.003
 388          0.086                0.003
 389          0.086                0.003
 390          0.092                0.004
 391          0.106                0.004
 392          0.136                0.005
 393          0.192                0.007
 394          0.214                0.009
 395          0.187                0.008
 396          0.152                0.006
 397          0.113                0.004
 398          0.093                0.004
 399          0.099                0.004
 400          0.103                0.004
 401          0.111                0.004
 402          0.097                0.004
 403          0.107                0.004
 404          0.105                0.004
 405          0.087                0.003
 406          0.084                0.003
 407          0.083                0.003
 408          0.080                0.003
 409          0.082                0.003
 410          0.073                0.002
 411          0.081                0.003
 412          0.085                0.003
 413          0.110                0.004
 414          0.127                0.005
 415          0.102                0.004
 416          0.084                0.003
 417          0.069                0.002
 418          0.071                0.002
 419          0.076                0.002
 420          0.095                0.003
 421          0.118                0.004
 422          0.175                0.006
 423          0.178                0.007
 424          0.158                0.006
 425          0.116                0.004
 426          0.093                0.003
 427          0.085                0.003
 428          0.092                0.003
 429          0.101                0.004
 430          0.166                0.007
 431          0.175                0.007
 432          0.145                0.006
 433          0.117                0.004
 434          0.103                0.004
 435          0.092                0.003
 436          0.097                0.004
 437          0.105                0.004
 438          0.129                0.005
 439          0.123                0.004
 440          0.135                0.005
 441          0.133                0.005
 442          0.128                0.004
 443          0.106                0.004
 444          0.085                0.003
 445          0.076                0.002
 446          0.076                0.002
 447          0.071                0.002
 448          0.073                0.002
 449          0.077                0.002
 450          0.084                0.003
 451          0.099                0.004
 452          0.116                0.005
 453          0.092                0.003
 454          0.081                0.003
 455          0.073                0.002
 456          0.073                0.002
 457          0.070                0.002
 458          0.080                0.003
 459          0.091                0.003
 460          0.142                0.005
 461          0.124                0.004
 462          0.093                0.003
 463          0.084                0.003
 464          0.082                0.003
 465          0.095                0.003
 466          0.116                0.004
 467          0.141                0.005
 468          0.182                0.007
 469          0.161                0.006
 470          0.137                0.005
 471          0.110                0.004
 472          0.095                0.003
 473          0.092                0.003
 474          0.092                0.003
 475          0.119                0.004
 476          0.115                0.004
 477          0.130                0.004
 478          0.131                0.004
 479          0.126                0.004
 480          0.141                0.005
 481          0.159                0.006
 482          0.149                0.005
 483          0.106                0.004
 484          0.088                0.003
 485          0.075                0.002
 486          0.076                0.003
 487          0.074                0.003
