# Atom index    Average Distance (nm)    SEM
   1          0.187                0.010
   2          0.133                0.008
   3          0.135                0.007
   4          0.112                0.005
   5          0.108                0.004
   6          0.086                0.003
   7          0.076                0.003
   8          0.064                0.002
   9          0.070                0.002
  10          0.060                0.002
  11          0.065                0.002
  12          0.076                0.003
  13          0.106                0.004
  14          0.116                0.004
  15          0.097                0.003
  16          0.081                0.003
  17          0.069                0.002
  18          0.064                0.002
  19          0.076                0.003
  20          0.087                0.003
  21          0.109                0.003
  22          0.147                0.005
  23          0.152                0.005
  24          0.137                0.005
  25          0.114                0.004
  26          0.104                0.003
  27          0.084                0.003
  28          0.080                0.003
  29          0.080                0.003
  30          0.096                0.003
  31          0.087                0.003
  32          0.097                0.004
  33          0.090                0.004
  34          0.082                0.003
  35          0.090                0.004
  36          0.098                0.003
  37          0.091                0.003
  38          0.074                0.003
  39          0.071                0.002
  40          0.068                0.002
  41          0.081                0.003
  42          0.092                0.003
  43          0.104                0.003
  44          0.119                0.004
  45          0.141                0.005
  46          0.175                0.006
  47          0.176                0.007
  48          0.205                0.008
  49          0.218                0.009
  50          0.210                0.009
  51          0.171                0.006
  52          0.158                0.006
  53          0.118                0.004
  54          0.096                0.003
  55          0.086                0.003
  56          0.077                0.003
  57          0.085                0.003
  58          0.084                0.003
  59          0.105                0.003
  60          0.115                0.004
  61          0.115                0.004
  62          0.098                0.003
  63          0.084                0.003
  64          0.077                0.002
  65          0.089                0.003
  66          0.100                0.003
  67          0.128                0.005
  68          0.158                0.006
  69          0.148                0.005
  70          0.124                0.004
  71          0.118                0.004
  72          0.097                0.003
  73          0.096                0.003
  74          0.090                0.003
  75          0.109                0.004
  76          0.107                0.004
  77          0.128                0.004
  78          0.132                0.005
  79          0.126                0.004
  80          0.141                0.005
  81          0.135                0.005
  82          0.113                0.004
  83          0.094                0.003
  84          0.098                0.003
  85          0.095                0.003
  86          0.104                0.003
  87          0.104                0.004
  88          0.101                0.003
  89          0.101                0.004
  90          0.101                0.004
  91          0.127                0.005
  92          0.119                0.005
  93          0.102                0.004
  94          0.078                0.003
  95          0.074                0.003
  96          0.079                0.002
  97          0.081                0.003
  98          0.096                0.003
  99          0.098                0.003
 100          0.117                0.004
 101          0.132                0.005
 102          0.128                0.004
 103          0.124                0.004
 104          0.108                0.004
 105          0.093                0.003
 106          0.078                0.003
 107          0.082                0.003
 108          0.103                0.003
 109          0.111                0.004
 110          0.103                0.003
 111          0.112                0.004
 112          0.104                0.003
 113          0.083                0.002
 114          0.088                0.003
 115          0.090                0.003
 116          0.110                0.004
 117          0.114                0.004
 118          0.131                0.004
 119          0.135                0.004
 120          0.115                0.004
 121          0.120                0.004
 122          0.111                0.004
 123          0.102                0.004
 124          0.083                0.003
 125          0.077                0.002
 126          0.063                0.002
 127          0.070                0.003
 128          0.071                0.002
 129          0.065                0.002
 130          0.062                0.002
 131          0.066                0.002
 132          0.068                0.002
 133          0.057                0.002
 134          0.055                0.002
 135          0.049                0.002
 136          0.051                0.002
 137          0.057                0.002
 138          0.061                0.002
 139          0.064                0.002
 140          0.071                0.002
 141          0.097                0.003
 142          0.099                0.004
 143          0.092                0.003
 144          0.090                0.003
 145          0.072                0.002
 146          0.064                0.002
 147          0.065                0.002
 148          0.060                0.002
 149          0.062                0.002
 150          0.079                0.003
 151          0.117                0.004
 152          0.147                0.006
 153          0.153                0.006
 154          0.110                0.004
 155          0.084                0.003
 156          0.069                0.002
 157          0.062                0.002
 158          0.068                0.002
 159          0.070                0.002
 160          0.079                0.003
 161          0.074                0.003
 162          0.086                0.003
 163          0.079                0.003
 164          0.065                0.002
 165          0.060                0.002
 166          0.069                0.002
 167          0.059                0.002
 168          0.057                0.002
 169          0.055                0.002
 170          0.055                0.002
 171          0.050                0.002
 172          0.052                0.002
 173          0.057                0.002
 174          0.069                0.002
 175          0.074                0.002
 176          0.087                0.003
 177          0.102                0.004
 178          0.083                0.003
 179          0.072                0.002
 180          0.062                0.002
 181          0.063                0.002
 182          0.058                0.002
 183          0.056                0.002
 184          0.056                0.002
 185          0.067                0.002
 186          0.075                0.003
 187          0.072                0.002
 188          0.061                0.002
 189          0.058                0.002
 190          0.055                0.002
 191          0.060                0.002
 192          0.068                0.002
 193          0.076                0.002
 194          0.073                0.002
 195          0.069                0.002
 196          0.064                0.002
 197          0.069                0.002
 198          0.088                0.003
 199          0.106                0.004
 200          0.099                0.003
 201          0.101                0.004
 202          0.100                0.004
 203          0.077                0.003
 204          0.065                0.002
 205          0.075                0.002
 206          0.065                0.002
 207          0.070                0.002
 208          0.072                0.002
 209          0.081                0.002
 210          0.099                0.003
 211          0.100                0.004
 212          0.133                0.006
 213          0.132                0.005
 214          0.085                0.003
 215          0.080                0.003
 216          0.071                0.002
 217          0.066                0.002
 218          0.069                0.002
 219          0.079                0.002
 220          0.105                0.003
 221          0.114                0.004
 222          0.101                0.003
 223          0.081                0.003
 224          0.075                0.002
 225          0.072                0.002
 226          0.074                0.002
 227          0.078                0.002
 228          0.089                0.003
 229          0.119                0.005
 230          0.136                0.006
 231          0.110                0.004
 232          0.087                0.003
 233          0.074                0.002
 234          0.070                0.002
 235          0.077                0.003
 236          0.082                0.003
 237          0.112                0.005
 238          0.143                0.006
 239          0.147                0.006
 240          0.134                0.006
 241          0.132                0.005
 242          0.108                0.003
 243          0.129                0.004
 244          0.113                0.004
 245          0.091                0.003
 246          0.076                0.002
 247          0.077                0.002
 248          0.072                0.002
 249          0.071                0.002
 250          0.068                0.002
 251          0.067                0.002
 252          0.064                0.002
 253          0.060                0.002
 254          0.063                0.002
 255          0.057                0.002
 256          0.050                0.002
 257          0.048                0.002
 258          0.052                0.002
 259          0.057                0.002
 260          0.066                0.002
 261          0.076                0.003
 262          0.105                0.004
 263          0.107                0.004
 264          0.101                0.004
 265          0.078                0.002
 266          0.066                0.002
 267          0.059                0.002
 268          0.062                0.002
 269          0.071                0.002
 270          0.093                0.004
 271          0.124                0.005
 272          0.126                0.005
 273          0.105                0.004
 274          0.090                0.003
 275          0.071                0.002
 276          0.072                0.003
 277          0.074                0.002
 278          0.091                0.003
 279          0.084                0.003
 280          0.095                0.003
 281          0.092                0.003
 282          0.079                0.003
 283          0.075                0.003
 284          0.068                0.002
 285          0.065                0.002
 286          0.057                0.002
 287          0.052                0.002
 288          0.051                0.002
 289          0.055                0.002
 290          0.063                0.002
 291          0.072                0.003
 292          0.075                0.003
 293          0.096                0.004
 294          0.115                0.004
 295          0.143                0.005
 296          0.132                0.005
 297          0.106                0.004
 298          0.090                0.003
 299          0.074                0.002
 300          0.072                0.002
 301          0.059                0.002
 302          0.062                0.002
 303          0.065                0.002
 304          0.076                0.002
 305          0.087                0.003
 306          0.093                0.003
 307          0.081                0.003
 308          0.071                0.002
 309          0.068                0.002
 310          0.078                0.003
 311          0.087                0.003
 312          0.100                0.004
 313          0.130                0.005
 314          0.133                0.005
 315          0.106                0.004
 316          0.090                0.003
 317          0.078                0.003
 318          0.076                0.003
 319          0.074                0.002
 320          0.095                0.003
 321          0.093                0.003
 322          0.109                0.004
 323          0.121                0.004
 324          0.113                0.004
 325          0.118                0.004
 326          0.115                0.004
 327          0.095                0.004
 328          0.079                0.003
 329          0.080                0.003
 330          0.077                0.003
 331          0.083                0.003
 332          0.077                0.002
 333          0.079                0.002
 334          0.079                0.002
 335          0.081                0.002
 336          0.085                0.003
 337          0.075                0.002
 338          0.066                0.002
 339          0.063                0.002
 340          0.067                0.002
 341          0.070                0.002
 342          0.078                0.002
 343          0.086                0.003
 344          0.105                0.004
 345          0.111                0.004
 346          0.108                0.004
 347          0.091                0.003
 348          0.079                0.003
 349          0.073                0.002
 350          0.080                0.002
 351          0.085                0.003
 352          0.100                0.003
 353          0.127                0.004
 354          0.129                0.004
 355          0.099                0.003
 356          0.085                0.003
 357          0.072                0.002
 358          0.081                0.003
 359          0.088                0.003
 360          0.109                0.004
 361          0.103                0.004
 362          0.115                0.004
 363          0.118                0.004
 364          0.107                0.004
 365          0.114                0.004
 366          0.121                0.004
 367          0.110                0.004
 368          0.083                0.003
 369          0.074                0.002
 370          0.060                0.002
 371          0.061                0.002
 372          0.060                0.002
 373          0.058                0.002
 374          0.053                0.002
 375          0.053                0.002
 376          0.052                0.002
 377          0.056                0.002
 378          0.059                0.002
 379          0.056                0.002
 380          0.053                0.002
 381          0.053                0.002
 382          0.056                0.002
 383          0.060                0.002
 384          0.071                0.002
 385          0.085                0.003
 386          0.086                0.003
 387          0.070                0.002
 388          0.057                0.002
 389          0.060                0.002
 390          0.071                0.002
 391          0.075                0.002
 392          0.096                0.003
 393          0.146                0.005
 394          0.158                0.006
 395          0.132                0.005
 396          0.104                0.004
 397          0.079                0.003
 398          0.065                0.002
 399          0.065                0.002
 400          0.070                0.002
 401          0.073                0.003
 402          0.068                0.002
 403          0.075                0.003
 404          0.077                0.003
 405          0.063                0.002
 406          0.061                0.002
 407          0.060                0.002
 408          0.058                0.002
 409          0.060                0.002
 410          0.059                0.002
 411          0.066                0.002
 412          0.072                0.002
 413          0.088                0.003
 414          0.099                0.004
 415          0.084                0.003
 416          0.072                0.002
 417          0.058                0.002
 418          0.059                0.002
 419          0.059                0.002
 420          0.069                0.002
 421          0.088                0.003
 422          0.130                0.004
 423          0.137                0.004
 424          0.122                0.004
 425          0.091                0.003
 426          0.076                0.002
 427          0.067                0.002
 428          0.073                0.002
 429          0.078                0.002
 430          0.118                0.005
 431          0.141                0.005
 432          0.120                0.004
 433          0.092                0.003
 434          0.081                0.003
 435          0.071                0.002
 436          0.074                0.003
 437          0.081                0.003
 438          0.103                0.003
 439          0.096                0.003
 440          0.105                0.004
 441          0.106                0.004
 442          0.106                0.004
 443          0.088                0.003
 444          0.071                0.002
 445          0.062                0.002
 446          0.062                0.002
 447          0.059                0.002
 448          0.055                0.002
 449          0.057                0.002
 450          0.064                0.002
 451          0.070                0.002
 452          0.081                0.003
 453          0.066                0.002
 454          0.062                0.002
 455          0.057                0.002
 456          0.058                0.002
 457          0.059                0.002
 458          0.067                0.002
 459          0.078                0.003
 460          0.118                0.004
 461          0.115                0.004
 462          0.081                0.003
 463          0.065                0.002
 464          0.064                0.002
 465          0.074                0.002
 466          0.089                0.003
 467          0.107                0.004
 468          0.135                0.006
 469          0.127                0.005
 470          0.101                0.004
 471          0.084                0.003
 472          0.069                0.002
 473          0.071                0.002
 474          0.074                0.002
 475          0.099                0.003
 476          0.088                0.003
 477          0.101                0.003
 478          0.106                0.003
 479          0.097                0.003
 480          0.108                0.003
 481          0.119                0.004
 482          0.106                0.004
 483          0.077                0.002
 484          0.070                0.002
 485          0.062                0.002
 486          0.057                0.002
 487          0.060                0.002
