# Atom index    Distance (nm)
   1          0.107
   2          0.104
   3          0.210
   4          0.295
   5          0.210
   6          0.099
   7          0.106
   8          0.100
   9          0.029
  10          0.026
  11          0.029
  12          0.041
  13          0.131
  14          0.121
  15          0.111
  16          0.095
  17          0.044
  18          0.046
  19          0.093
  20          0.100
  21          0.089
  22          0.101
  23          0.051
  24          0.090
  25          0.123
  26          0.102
  27          0.098
  28          0.052
  29          0.043
  30          0.050
  31          0.081
  32          0.131
  33          0.157
  34          0.099
  35          0.147
  36          0.169
  37          0.179
  38          0.086
  39          0.135
  40          0.128
  41          0.125
  42          0.099
  43          0.104
  44          0.041
  45          0.141
  46          0.150
  47          0.124
  48          0.106
  49          0.137
  50          0.172
  51          0.175
  52          0.229
  53          0.139
  54          0.104
  55          0.126
  56          0.118
  57          0.129
  58          0.098
  59          0.122
  60          0.150
  61          0.197
  62          0.188
  63          0.159
  64          0.170
  65          0.198
  66          0.200
  67          0.249
  68          0.263
  69          0.324
  70          0.233
  71          0.223
  72          0.172
  73          0.174
  74          0.177
  75          0.232
  76          0.195
  77          0.163
  78          0.222
  79          0.188
  80          0.154
  81          0.151
  82          0.211
  83          0.180
  84          0.180
  85          0.110
  86          0.123
  87          0.080
  88          0.101
  89          0.128
  90          0.128
  91          0.148
  92          0.126
  93          0.138
  94          0.072
  95          0.089
  96          0.100
  97          0.115
  98          0.159
  99          0.157
 100          0.242
 101          0.266
 102          0.262
 103          0.249
 104          0.230
 105          0.156
 106          0.113
 107          0.169
 108          0.216
 109          0.141
 110          0.039
 111          0.079
 112          0.203
 113          0.203
 114          0.182
 115          0.230
 116          0.240
 117          0.216
 118          0.177
 119          0.177
 120          0.164
 121          0.174
 122          0.166
 123          0.157
 124          0.133
 125          0.135
 126          0.048
 127          0.022
 128          0.046
 129          0.045
 130          0.025
 131          0.063
 132          0.038
 133          0.055
 134          0.043
 135          0.038
 136          0.054
 137          0.044
 138          0.075
 139          0.057
 140          0.056
 141          0.075
 142          0.095
 143          0.110
 144          0.104
 145          0.068
 146          0.093
 147          0.070
 148          0.057
 149          0.138
 150          0.196
 151          0.163
 152          0.189
 153          0.329
 154          0.135
 155          0.099
 156          0.065
 157          0.057
 158          0.078
 159          0.062
 160          0.063
 161          0.081
 162          0.113
 163          0.096
 164          0.073
 165          0.042
 166          0.071
 167          0.067
 168          0.092
 169          0.051
 170          0.067
 171          0.052
 172          0.046
 173          0.021
 174          0.054
 175          0.069
 176          0.095
 177          0.047
 178          0.050
 179          0.039
 180          0.051
 181          0.057
 182          0.087
 183          0.073
 184          0.089
 185          0.103
 186          0.105
 187          0.117
 188          0.105
 189          0.105
 190          0.112
 191          0.122
 192          0.114
 193          0.086
 194          0.071
 195          0.100
 196          0.102
 197          0.092
 198          0.114
 199          0.142
 200          0.139
 201          0.190
 202          0.192
 203          0.131
 204          0.102
 205          0.111
 206          0.099
 207          0.144
 208          0.138
 209          0.144
 210          0.132
 211          0.184
 212          0.152
 213          0.115
 214          0.134
 215          0.134
 216          0.096
 217          0.093
 218          0.108
 219          0.093
 220          0.079
 221          0.191
 222          0.161
 223          0.182
 224          0.098
 225          0.059
 226          0.062
 227          0.060
 228          0.058
 229          0.120
 230          0.141
 231          0.105
 232          0.080
 233          0.046
 234          0.064
 235          0.058
 236          0.138
 237          0.389
 238          0.124
 239          0.342
 240          0.240
 241          0.283
 242          0.167
 243          0.119
 244          0.069
 245          0.056
 246          0.086
 247          0.086
 248          0.111
 249          0.091
 250          0.092
 251          0.048
 252          0.061
 253          0.056
 254          0.025
 255          0.040
 256          0.027
 257          0.042
 258          0.033
 259          0.021
 260          0.074
 261          0.153
 262          0.129
 263          0.135
 264          0.115
 265          0.110
 266          0.085
 267          0.080
 268          0.094
 269          0.117
 270          0.133
 271          0.222
 272          0.259
 273          0.165
 274          0.130
 275          0.150
 276          0.137
 277          0.092
 278          0.094
 279          0.096
 280          0.074
 281          0.040
 282          0.102
 283          0.098
 284          0.059
 285          0.080
 286          0.074
 287          0.040
 288          0.039
 289          0.043
 290          0.060
 291          0.084
 292          0.130
 293          0.144
 294          0.132
 295          0.111
 296          0.199
 297          0.170
 298          0.170
 299          0.122
 300          0.171
 301          0.121
 302          0.096
 303          0.079
 304          0.048
 305          0.056
 306          0.011
 307          0.103
 308          0.148
 309          0.143
 310          0.150
 311          0.144
 312          0.103
 313          0.059
 314          0.055
 315          0.085
 316          0.117
 317          0.155
 318          0.148
 319          0.192
 320          0.196
 321          0.178
 322          0.156
 323          0.183
 324          0.201
 325          0.184
 326          0.238
 327          0.197
 328          0.128
 329          0.136
 330          0.118
 331          0.145
 332          0.083
 333          0.099
 334          0.130
 335          0.102
 336          0.097
 337          0.029
 338          0.032
 339          0.039
 340          0.064
 341          0.063
 342          0.105
 343          0.149
 344          0.155
 345          0.139
 346          0.103
 347          0.076
 348          0.066
 349          0.070
 350          0.064
 351          0.108
 352          0.200
 353          0.317
 354          0.385
 355          0.198
 356          0.213
 357          0.158
 358          0.159
 359          0.198
 360          0.162
 361          0.140
 362          0.067
 363          0.080
 364          0.059
 365          0.072
 366          0.094
 367          0.091
 368          0.095
 369          0.069
 370          0.031
 371          0.040
 372          0.031
 373          0.018
 374          0.039
 375          0.046
 376          0.034
 377          0.035
 378          0.045
 379          0.063
 380          0.067
 381          0.060
 382          0.070
 383          0.083
 384          0.075
 385          0.076
 386          0.083
 387          0.101
 388          0.099
 389          0.105
 390          0.093
 391          0.092
 392          0.095
 393          0.117
 394          0.164
 395          0.153
 396          0.120
 397          0.044
 398          0.089
 399          0.048
 400          0.048
 401          0.041
 402          0.040
 403          0.079
 404          0.081
 405          0.106
 406          0.120
 407          0.081
 408          0.038
 409          0.067
 410          0.076
 411          0.088
 412          0.090
 413          0.078
 414          0.052
 415          0.063
 416          0.071
 417          0.083
 418          0.076
 419          0.061
 420          0.043
 421          0.079
 422          0.088
 423          0.076
 424          0.078
 425          0.060
 426          0.052
 427          0.048
 428          0.071
 429          0.052
 430          0.145
 431          0.215
 432          0.195
 433          0.110
 434          0.094
 435          0.106
 436          0.111
 437          0.090
 438          0.080
 439          0.107
 440          0.107
 441          0.117
 442          0.121
 443          0.127
 444          0.058
 445          0.063
 446          0.099
 447          0.104
 448          0.066
 449          0.057
 450          0.096
 451          0.103
 452          0.127
 453          0.062
 454          0.111
 455          0.096
 456          0.116
 457          0.112
 458          0.075
 459          0.104
 460          0.129
 461          0.128
 462          0.087
 463          0.077
 464          0.074
 465          0.079
 466          0.070
 467          0.115
 468          0.183
 469          0.164
 470          0.132
 471          0.100
 472          0.061
 473          0.079
 474          0.081
 475          0.125
 476          0.130
 477          0.140
 478          0.137
 479          0.123
 480          0.171
 481          0.250
 482          0.124
 483          0.128
 484          0.135
 485          0.127
 486          0.095
 487          0.060

# Average distance: 0.113 nm
