# Atom index    Distance (nm)
   1          0.103
   2          0.102
   3          0.080
   4          0.043
   5          0.036
   6          0.054
   7          0.049
   8          0.060
   9          0.082
  10          0.098
  11          0.103
  12          0.130
  13          0.137
  14          0.102
  15          0.063
  16          0.099
  17          0.087
  18          0.097
  19          0.134
  20          0.127
  21          0.195
  22          0.200
  23          0.153
  24          0.087
  25          0.140
  26          0.145
  27          0.115
  28          0.147
  29          0.132
  30          0.098
  31          0.122
  32          0.109
  33          0.090
  34          0.104
  35          0.110
  36          0.159
  37          0.168
  38          0.096
  39          0.071
  40          0.040
  41          0.067
  42          0.036
  43          0.030
  44          0.055
  45          0.076
  46          0.048
  47          0.021
  48          0.051
  49          0.117
  50          0.108
  51          0.065
  52          0.086
  53          0.048
  54          0.040
  55          0.025
  56          0.023
  57          0.064
  58          0.152
  59          0.166
  60          0.156
  61          0.146
  62          0.109
  63          0.121
  64          0.110
  65          0.073
  66          0.084
  67          0.052
  68          0.084
  69          0.135
  70          0.147
  71          0.124
  72          0.110
  73          0.115
  74          0.117
  75          0.112
  76          0.095
  77          0.135
  78          0.122
  79          0.182
  80          0.146
  81          0.104
  82          0.025
  83          0.059
  84          0.047
  85          0.082
  86          0.057
  87          0.048
  88          0.082
  89          0.095
  90          0.019
  91          0.070
  92          0.036
  93          0.055
  94          0.048
  95          0.071
  96          0.055
  97          0.043
  98          0.052
  99          0.078
 100          0.059
 101          0.040
 102          0.038
 103          0.072
 104          0.055
 105          0.060
 106          0.068
 107          0.108
 108          0.125
 109          0.121
 110          0.151
 111          0.154
 112          0.133
 113          0.074
 114          0.051
 115          0.050
 116          0.105
 117          0.169
 118          0.162
 119          0.089
 120          0.086
 121          0.215
 122          0.174
 123          0.093
 124          0.108
 125          0.097
 126          0.078
 127          0.096
 128          0.042
 129          0.059
 130          0.061
 131          0.038
 132          0.031
 133          0.039
 134          0.081
 135          0.023
 136          0.031
 137          0.063
 138          0.043
 139          0.033
 140          0.024
 141          0.036
 142          0.054
 143          0.056
 144          0.012
 145          0.044
 146          0.059
 147          0.047
 148          0.021
 149          0.013
 150          0.117
 151          0.193
 152          0.242
 153          0.254
 154          0.159
 155          0.130
 156          0.061
 157          0.050
 158          0.027
 159          0.043
 160          0.059
 161          0.064
 162          0.065
 163          0.068
 164          0.057
 165          0.047
 166          0.028
 167          0.044
 168          0.038
 169          0.052
 170          0.051
 171          0.025
 172          0.037
 173          0.099
 174          0.097
 175          0.075
 176          0.080
 177          0.101
 178          0.096
 179          0.074
 180          0.032
 181          0.056
 182          0.062
 183          0.013
 184          0.026
 185          0.040
 186          0.057
 187          0.056
 188          0.070
 189          0.071
 190          0.064
 191          0.065
 192          0.046
 193          0.079
 194          0.071
 195          0.061
 196          0.074
 197          0.079
 198          0.060
 199          0.106
 200          0.079
 201          0.059
 202          0.060
 203          0.053
 204          0.038
 205          0.079
 206          0.055
 207          0.046
 208          0.054
 209          0.052
 210          0.047
 211          0.051
 212          0.097
 213          0.096
 214          0.064
 215          0.042
 216          0.052
 217          0.026
 218          0.068
 219          0.070
 220          0.079
 221          0.099
 222          0.087
 223          0.022
 224          0.036
 225          0.040
 226          0.052
 227          0.012
 228          0.044
 229          0.026
 230          0.025
 231          0.016
 232          0.020
 233          0.050
 234          0.077
 235          0.072
 236          0.064
 237          0.106
 238          0.098
 239          0.081
 240          0.066
 241          0.077
 242          0.049
 243          0.112
 244          0.076
 245          0.060
 246          0.067
 247          0.046
 248          0.038
 249          0.067
 250          0.075
 251          0.038
 252          0.030
 253          0.021
 254          0.047
 255          0.033
 256          0.031
 257          0.031
 258          0.012
 259          0.054
 260          0.070
 261          0.088
 262          0.085
 263          0.099
 264          0.080
 265          0.066
 266          0.035
 267          0.029
 268          0.027
 269          0.044
 270          0.091
 271          0.089
 272          0.090
 273          0.058
 274          0.051
 275          0.036
 276          0.041
 277          0.040
 278          0.040
 279          0.041
 280          0.153
 281          0.184
 282          0.140
 283          0.141
 284          0.118
 285          0.110
 286          0.050
 287          0.033
 288          0.031
 289          0.040
 290          0.058
 291          0.063
 292          0.042
 293          0.103
 294          0.074
 295          0.148
 296          0.141
 297          0.087
 298          0.075
 299          0.039
 300          0.029
 301          0.059
 302          0.080
 303          0.041
 304          0.019
 305          0.009
 306          0.062
 307          0.082
 308          0.049
 309          0.034
 310          0.042
 311          0.068
 312          0.075
 313          0.069
 314          0.050
 315          0.030
 316          0.038
 317          0.024
 318          0.037
 319          0.030
 320          0.037
 321          0.046
 322          0.139
 323          0.167
 324          0.123
 325          0.109
 326          0.089
 327          0.137
 328          0.098
 329          0.112
 330          0.086
 331          0.099
 332          0.096
 333          0.138
 334          0.086
 335          0.014
 336          0.073
 337          0.064
 338          0.062
 339          0.089
 340          0.089
 341          0.088
 342          0.116
 343          0.141
 344          0.144
 345          0.164
 346          0.128
 347          0.107
 348          0.117
 349          0.115
 350          0.092
 351          0.085
 352          0.129
 353          0.142
 354          0.183
 355          0.085
 356          0.103
 357          0.095
 358          0.102
 359          0.146
 360          0.129
 361          0.078
 362          0.070
 363          0.151
 364          0.119
 365          0.063
 366          0.061
 367          0.071
 368          0.057
 369          0.068
 370          0.060
 371          0.034
 372          0.040
 373          0.053
 374          0.066
 375          0.016
 376          0.038
 377          0.054
 378          0.043
 379          0.025
 380          0.038
 381          0.007
 382          0.025
 383          0.048
 384          0.099
 385          0.051
 386          0.061
 387          0.089
 388          0.051
 389          0.044
 390          0.052
 391          0.090
 392          0.059
 393          0.087
 394          0.154
 395          0.205
 396          0.119
 397          0.135
 398          0.057
 399          0.051
 400          0.063
 401          0.066
 402          0.069
 403          0.047
 404          0.051
 405          0.055
 406          0.033
 407          0.070
 408          0.026
 409          0.025
 410          0.049
 411          0.037
 412          0.093
 413          0.051
 414          0.095
 415          0.027
 416          0.032
 417          0.037
 418          0.022
 419          0.040
 420          0.046
 421          0.056
 422          0.032
 423          0.147
 424          0.042
 425          0.038
 426          0.055
 427          0.054
 428          0.046
 429          0.067
 430          0.131
 431          0.082
 432          0.080
 433          0.098
 434          0.069
 435          0.056
 436          0.049
 437          0.030
 438          0.021
 439          0.052
 440          0.062
 441          0.057
 442          0.022
 443          0.026
 444          0.045
 445          0.035
 446          0.064
 447          0.035
 448          0.042
 449          0.048
 450          0.051
 451          0.087
 452          0.105
 453          0.041
 454          0.052
 455          0.040
 456          0.046
 457          0.019
 458          0.048
 459          0.064
 460          0.048
 461          0.095
 462          0.066
 463          0.044
 464          0.055
 465          0.066
 466          0.127
 467          0.135
 468          0.177
 469          0.096
 470          0.045
 471          0.108
 472          0.124
 473          0.100
 474          0.076
 475          0.238
 476          0.137
 477          0.087
 478          0.107
 479          0.119
 480          0.143
 481          0.135
 482          0.098
 483          0.053
 484          0.090
 485          0.060
 486          0.046
 487          0.060

# Average distance: 0.076 nm
