# Atom index    Distance (nm)
   1          0.343
   2          0.419
   3          0.321
   4          0.249
   5          0.155
   6          0.134
   7          0.109
   8          0.099
   9          0.102
  10          0.077
  11          0.082
  12          0.115
  13          0.177
  14          0.208
  15          0.155
  16          0.067
  17          0.034
  18          0.062
  19          0.049
  20          0.094
  21          0.143
  22          0.148
  23          0.102
  24          0.084
  25          0.087
  26          0.095
  27          0.081
  28          0.081
  29          0.034
  30          0.040
  31          0.076
  32          0.104
  33          0.089
  34          0.120
  35          0.161
  36          0.195
  37          0.173
  38          0.083
  39          0.104
  40          0.094
  41          0.130
  42          0.130
  43          0.212
  44          0.318
  45          0.383
  46          0.340
  47          0.250
  48          0.184
  49          0.173
  50          0.132
  51          0.060
  52          0.284
  53          0.126
  54          0.109
  55          0.089
  56          0.097
  57          0.122
  58          0.114
  59          0.104
  60          0.149
  61          0.192
  62          0.122
  63          0.102
  64          0.068
  65          0.066
  66          0.096
  67          0.112
  68          0.249
  69          0.170
  70          0.076
  71          0.039
  72          0.041
  73          0.041
  74          0.093
  75          0.110
  76          0.156
  77          0.161
  78          0.227
  79          0.167
  80          0.207
  81          0.194
  82          0.109
  83          0.128
  84          0.104
  85          0.070
  86          0.080
  87          0.075
  88          0.094
  89          0.062
  90          0.016
  91          0.060
  92          0.088
  93          0.079
  94          0.076
  95          0.080
  96          0.072
  97          0.048
  98          0.022
  99          0.049
 100          0.067
 101          0.113
 102          0.147
 103          0.125
 104          0.061
 105          0.047
 106          0.041
 107          0.090
 108          0.073
 109          0.035
 110          0.060
 111          0.079
 112          0.053
 113          0.062
 114          0.050
 115          0.099
 116          0.096
 117          0.054
 118          0.048
 119          0.085
 120          0.060
 121          0.067
 122          0.149
 123          0.095
 124          0.063
 125          0.091
 126          0.073
 127          0.072
 128          0.126
 129          0.086
 130          0.024
 131          0.046
 132          0.107
 133          0.086
 134          0.085
 135          0.063
 136          0.087
 137          0.053
 138          0.054
 139          0.079
 140          0.095
 141          0.083
 142          0.116
 143          0.134
 144          0.108
 145          0.131
 146          0.143
 147          0.137
 148          0.083
 149          0.082
 150          0.215
 151          0.323
 152          0.412
 153          0.279
 154          0.145
 155          0.122
 156          0.119
 157          0.125
 158          0.119
 159          0.114
 160          0.147
 161          0.181
 162          0.191
 163          0.105
 164          0.074
 165          0.048
 166          0.027
 167          0.059
 168          0.068
 169          0.050
 170          0.069
 171          0.069
 172          0.115
 173          0.106
 174          0.114
 175          0.147
 176          0.111
 177          0.113
 178          0.102
 179          0.086
 180          0.062
 181          0.070
 182          0.071
 183          0.080
 184          0.078
 185          0.103
 186          0.130
 187          0.092
 188          0.067
 189          0.049
 190          0.097
 191          0.084
 192          0.172
 193          0.176
 194          0.234
 195          0.118
 196          0.091
 197          0.065
 198          0.049
 199          0.131
 200          0.071
 201          0.177
 202          0.180
 203          0.165
 204          0.117
 205          0.144
 206          0.090
 207          0.095
 208          0.132
 209          0.099
 210          0.063
 211          0.148
 212          0.212
 213          0.190
 214          0.125
 215          0.056
 216          0.074
 217          0.091
 218          0.098
 219          0.066
 220          0.132
 221          0.176
 222          0.104
 223          0.069
 224          0.070
 225          0.067
 226          0.083
 227          0.098
 228          0.124
 229          0.254
 230          0.338
 231          0.247
 232          0.160
 233          0.155
 234          0.127
 235          0.121
 236          0.065
 237          0.296
 238          0.152
 239          0.171
 240          0.214
 241          0.169
 242          0.142
 243          0.184
 244          0.157
 245          0.102
 246          0.022
 247          0.029
 248          0.127
 249          0.103
 250          0.042
 251          0.069
 252          0.076
 253          0.040
 254          0.097
 255          0.036
 256          0.043
 257          0.062
 258          0.079
 259          0.086
 260          0.122
 261          0.122
 262          0.099
 263          0.099
 264          0.114
 265          0.079
 266          0.087
 267          0.087
 268          0.059
 269          0.057
 270          0.050
 271          0.106
 272          0.129
 273          0.065
 274          0.079
 275          0.068
 276          0.116
 277          0.110
 278          0.051
 279          0.074
 280          0.071
 281          0.090
 282          0.034
 283          0.059
 284          0.058
 285          0.057
 286          0.087
 287          0.034
 288          0.041
 289          0.040
 290          0.053
 291          0.078
 292          0.036
 293          0.061
 294          0.164
 295          0.066
 296          0.061
 297          0.121
 298          0.072
 299          0.043
 300          0.060
 301          0.084
 302          0.096
 303          0.090
 304          0.057
 305          0.167
 306          0.132
 307          0.123
 308          0.077
 309          0.071
 310          0.104
 311          0.111
 312          0.165
 313          0.223
 314          0.175
 315          0.161
 316          0.171
 317          0.092
 318          0.075
 319          0.079
 320          0.054
 321          0.056
 322          0.076
 323          0.088
 324          0.103
 325          0.141
 326          0.169
 327          0.112
 328          0.084
 329          0.091
 330          0.078
 331          0.047
 332          0.099
 333          0.150
 334          0.068
 335          0.051
 336          0.073
 337          0.063
 338          0.056
 339          0.042
 340          0.038
 341          0.037
 342          0.062
 343          0.075
 344          0.083
 345          0.091
 346          0.099
 347          0.093
 348          0.051
 349          0.031
 350          0.052
 351          0.102
 352          0.099
 353          0.101
 354          0.174
 355          0.119
 356          0.096
 357          0.105
 358          0.094
 359          0.083
 360          0.052
 361          0.062
 362          0.083
 363          0.159
 364          0.058
 365          0.084
 366          0.199
 367          0.257
 368          0.155
 369          0.067
 370          0.080
 371          0.055
 372          0.043
 373          0.043
 374          0.051
 375          0.045
 376          0.055
 377          0.077
 378          0.094
 379          0.091
 380          0.064
 381          0.075
 382          0.088
 383          0.109
 384          0.116
 385          0.049
 386          0.042
 387          0.072
 388          0.052
 389          0.040
 390          0.073
 391          0.085
 392          0.115
 393          0.093
 394          0.062
 395          0.101
 396          0.081
 397          0.068
 398          0.070
 399          0.113
 400          0.142
 401          0.123
 402          0.118
 403          0.125
 404          0.093
 405          0.047
 406          0.057
 407          0.067
 408          0.090
 409          0.103
 410          0.059
 411          0.040
 412          0.056
 413          0.066
 414          0.070
 415          0.053
 416          0.072
 417          0.028
 418          0.031
 419          0.037
 420          0.056
 421          0.106
 422          0.267
 423          0.140
 424          0.215
 425          0.064
 426          0.033
 427          0.028
 428          0.060
 429          0.111
 430          0.089
 431          0.135
 432          0.109
 433          0.064
 434          0.044
 435          0.123
 436          0.100
 437          0.073
 438          0.021
 439          0.025
 440          0.065
 441          0.086
 442          0.070
 443          0.051
 444          0.042
 445          0.083
 446          0.056
 447          0.053
 448          0.039
 449          0.030
 450          0.042
 451          0.037
 452          0.080
 453          0.042
 454          0.033
 455          0.042
 456          0.056
 457          0.031
 458          0.051
 459          0.105
 460          0.206
 461          0.104
 462          0.121
 463          0.110
 464          0.055
 465          0.061
 466          0.070
 467          0.140
 468          0.240
 469          0.208
 470          0.188
 471          0.146
 472          0.098
 473          0.083
 474          0.086
 475          0.076
 476          0.085
 477          0.080
 478          0.079
 479          0.057
 480          0.056
 481          0.081
 482          0.085
 483          0.046
 484          0.049
 485          0.076
 486          0.061
 487          0.053

# Average distance: 0.102 nm
