# Atom index    Distance (nm)
   1          0.444
   2          0.205
   3          0.132
   4          0.116
   5          0.154
   6          0.153
   7          0.153
   8          0.073
   9          0.035
  10          0.071
  11          0.065
  12          0.074
  13          0.115
  14          0.095
  15          0.085
  16          0.053
  17          0.040
  18          0.068
  19          0.105
  20          0.168
  21          0.116
  22          0.211
  23          0.232
  24          0.199
  25          0.168
  26          0.166
  27          0.119
  28          0.138
  29          0.100
  30          0.114
  31          0.114
  32          0.063
  33          0.207
  34          0.135
  35          0.166
  36          0.274
  37          0.228
  38          0.126
  39          0.127
  40          0.112
  41          0.135
  42          0.135
  43          0.064
  44          0.076
  45          0.062
  46          0.121
  47          0.232
  48          0.321
  49          0.304
  50          0.191
  51          0.208
  52          0.575
  53          0.350
  54          0.203
  55          0.075
  56          0.061
  57          0.094
  58          0.102
  59          0.162
  60          0.134
  61          0.126
  62          0.144
  63          0.081
  64          0.044
  65          0.025
  66          0.132
  67          0.203
  68          0.223
  69          0.261
  70          0.236
  71          0.206
  72          0.114
  73          0.120
  74          0.090
  75          0.190
  76          0.160
  77          0.185
  78          0.163
  79          0.125
  80          0.094
  81          0.187
  82          0.137
  83          0.078
  84          0.135
  85          0.130
  86          0.204
  87          0.200
  88          0.367
  89          0.320
  90          0.252
  91          0.283
  92          0.211
  93          0.185
  94          0.160
  95          0.171
  96          0.178
  97          0.167
  98          0.139
  99          0.145
 100          0.175
 101          0.224
 102          0.235
 103          0.252
 104          0.219
 105          0.201
 106          0.163
 107          0.131
 108          0.133
 109          0.217
 110          0.233
 111          0.229
 112          0.105
 113          0.109
 114          0.176
 115          0.173
 116          0.197
 117          0.203
 118          0.234
 119          0.203
 120          0.143
 121          0.072
 122          0.083
 123          0.093
 124          0.154
 125          0.151
 126          0.139
 127          0.120
 128          0.017
 129          0.060
 130          0.061
 131          0.097
 132          0.117
 133          0.073
 134          0.062
 135          0.037
 136          0.011
 137          0.022
 138          0.054
 139          0.054
 140          0.047
 141          0.069
 142          0.032
 143          0.074
 144          0.076
 145          0.046
 146          0.042
 147          0.072
 148          0.070
 149          0.102
 150          0.175
 151          0.165
 152          0.067
 153          0.093
 154          0.087
 155          0.068
 156          0.072
 157          0.090
 158          0.058
 159          0.094
 160          0.156
 161          0.039
 162          0.119
 163          0.042
 164          0.029
 165          0.067
 166          0.048
 167          0.075
 168          0.015
 169          0.039
 170          0.047
 171          0.050
 172          0.068
 173          0.087
 174          0.032
 175          0.046
 176          0.179
 177          0.173
 178          0.140
 179          0.147
 180          0.069
 181          0.092
 182          0.118
 183          0.085
 184          0.076
 185          0.080
 186          0.077
 187          0.094
 188          0.095
 189          0.108
 190          0.104
 191          0.087
 192          0.112
 193          0.089
 194          0.079
 195          0.065
 196          0.125
 197          0.088
 198          0.108
 199          0.123
 200          0.078
 201          0.087
 202          0.060
 203          0.070
 204          0.070
 205          0.270
 206          0.164
 207          0.107
 208          0.116
 209          0.081
 210          0.131
 211          0.132
 212          0.179
 213          0.107
 214          0.058
 215          0.088
 216          0.086
 217          0.071
 218          0.091
 219          0.069
 220          0.110
 221          0.057
 222          0.069
 223          0.040
 224          0.067
 225          0.077
 226          0.080
 227          0.087
 228          0.162
 229          0.264
 230          0.421
 231          0.273
 232          0.242
 233          0.087
 234          0.127
 235          0.065
 236          0.109
 237          0.116
 238          0.209
 239          0.225
 240          0.227
 241          0.202
 242          0.207
 243          0.289
 244          0.147
 245          0.098
 246          0.069
 247          0.078
 248          0.072
 249          0.039
 250          0.042
 251          0.039
 252          0.038
 253          0.018
 254          0.012
 255          0.030
 256          0.040
 257          0.043
 258          0.036
 259          0.045
 260          0.012
 261          0.028
 262          0.060
 263          0.155
 264          0.129
 265          0.093
 266          0.076
 267          0.028
 268          0.020
 269          0.014
 270          0.021
 271          0.156
 272          0.211
 273          0.179
 274          0.075
 275          0.052
 276          0.074
 277          0.058
 278          0.067
 279          0.080
 280          0.088
 281          0.117
 282          0.071
 283          0.095
 284          0.068
 285          0.042
 286          0.046
 287          0.020
 288          0.016
 289          0.063
 290          0.056
 291          0.044
 292          0.081
 293          0.067
 294          0.073
 295          0.059
 296          0.089
 297          0.070
 298          0.051
 299          0.057
 300          0.050
 301          0.062
 302          0.022
 303          0.014
 304          0.037
 305          0.038
 306          0.031
 307          0.026
 308          0.057
 309          0.067
 310          0.072
 311          0.133
 312          0.160
 313          0.061
 314          0.172
 315          0.041
 316          0.054
 317          0.107
 318          0.071
 319          0.095
 320          0.059
 321          0.071
 322          0.066
 323          0.109
 324          0.103
 325          0.068
 326          0.071
 327          0.035
 328          0.055
 329          0.069
 330          0.049
 331          0.025
 332          0.023
 333          0.090
 334          0.113
 335          0.102
 336          0.103
 337          0.096
 338          0.078
 339          0.068
 340          0.061
 341          0.073
 342          0.098
 343          0.120
 344          0.128
 345          0.123
 346          0.091
 347          0.048
 348          0.029
 349          0.025
 350          0.037
 351          0.041
 352          0.061
 353          0.065
 354          0.111
 355          0.117
 356          0.125
 357          0.095
 358          0.128
 359          0.119
 360          0.150
 361          0.132
 362          0.148
 363          0.111
 364          0.081
 365          0.129
 366          0.087
 367          0.133
 368          0.059
 369          0.076
 370          0.070
 371          0.052
 372          0.026
 373          0.032
 374          0.028
 375          0.033
 376          0.052
 377          0.074
 378          0.085
 379          0.086
 380          0.078
 381          0.069
 382          0.039
 383          0.070
 384          0.072
 385          0.100
 386          0.120
 387          0.072
 388          0.088
 389          0.073
 390          0.095
 391          0.095
 392          0.176
 393          0.321
 394          0.401
 395          0.398
 396          0.263
 397          0.133
 398          0.090
 399          0.120
 400          0.128
 401          0.090
 402          0.099
 403          0.163
 404          0.117
 405          0.127
 406          0.124
 407          0.089
 408          0.100
 409          0.085
 410          0.059
 411          0.063
 412          0.053
 413          0.063
 414          0.083
 415          0.081
 416          0.052
 417          0.084
 418          0.076
 419          0.056
 420          0.084
 421          0.098
 422          0.152
 423          0.159
 424          0.110
 425          0.098
 426          0.069
 427          0.063
 428          0.030
 429          0.064
 430          0.126
 431          0.078
 432          0.158
 433          0.095
 434          0.082
 435          0.080
 436          0.087
 437          0.103
 438          0.095
 439          0.021
 440          0.102
 441          0.173
 442          0.141
 443          0.065
 444          0.051
 445          0.019
 446          0.054
 447          0.042
 448          0.074
 449          0.071
 450          0.078
 451          0.054
 452          0.055
 453          0.047
 454          0.026
 455          0.039
 456          0.041
 457          0.055
 458          0.033
 459          0.009
 460          0.069
 461          0.084
 462          0.105
 463          0.033
 464          0.039
 465          0.075
 466          0.114
 467          0.113
 468          0.272
 469          0.279
 470          0.232
 471          0.119
 472          0.080
 473          0.064
 474          0.057
 475          0.098
 476          0.063
 477          0.132
 478          0.118
 479          0.116
 480          0.110
 481          0.115
 482          0.141
 483          0.059
 484          0.053
 485          0.043
 486          0.063
 487          0.047

# Average distance: 0.108 nm
