# Atom index    Distance (nm)
   1          0.179
   2          0.145
   3          0.097
   4          0.084
   5          0.066
   6          0.100
   7          0.098
   8          0.062
   9          0.086
  10          0.103
  11          0.113
  12          0.099
  13          0.156
  14          0.188
  15          0.136
  16          0.146
  17          0.125
  18          0.099
  19          0.094
  20          0.137
  21          0.149
  22          0.149
  23          0.177
  24          0.104
  25          0.124
  26          0.111
  27          0.133
  28          0.108
  29          0.196
  30          0.177
  31          0.150
  32          0.171
  33          0.214
  34          0.178
  35          0.183
  36          0.167
  37          0.163
  38          0.137
  39          0.124
  40          0.121
  41          0.075
  42          0.077
  43          0.081
  44          0.092
  45          0.086
  46          0.036
  47          0.101
  48          0.080
  49          0.069
  50          0.084
  51          0.161
  52          0.106
  53          0.212
  54          0.247
  55          0.141
  56          0.114
  57          0.058
  58          0.093
  59          0.130
  60          0.115
  61          0.089
  62          0.101
  63          0.075
  64          0.072
  65          0.079
  66          0.075
  67          0.141
  68          0.142
  69          0.176
  70          0.117
  71          0.148
  72          0.134
  73          0.126
  74          0.118
  75          0.127
  76          0.122
  77          0.191
  78          0.140
  79          0.135
  80          0.138
  81          0.180
  82          0.142
  83          0.115
  84          0.142
  85          0.155
  86          0.122
  87          0.142
  88          0.144
  89          0.149
  90          0.148
  91          0.162
  92          0.166
  93          0.069
  94          0.098
  95          0.123
  96          0.118
  97          0.082
  98          0.094
  99          0.094
 100          0.129
 101          0.121
 102          0.096
 103          0.159
 104          0.159
 105          0.130
 106          0.106
 107          0.170
 108          0.234
 109          0.220
 110          0.188
 111          0.158
 112          0.173
 113          0.136
 114          0.146
 115          0.110
 116          0.159
 117          0.195
 118          0.199
 119          0.150
 120          0.129
 121          0.136
 122          0.100
 123          0.183
 124          0.146
 125          0.127
 126          0.099
 127          0.108
 128          0.093
 129          0.024
 130          0.053
 131          0.068
 132          0.045
 133          0.052
 134          0.022
 135          0.092
 136          0.071
 137          0.104
 138          0.107
 139          0.083
 140          0.093
 141          0.083
 142          0.083
 143          0.082
 144          0.057
 145          0.094
 146          0.058
 147          0.032
 148          0.035
 149          0.054
 150          0.136
 151          0.169
 152          0.243
 153          0.178
 154          0.146
 155          0.079
 156          0.053
 157          0.038
 158          0.052
 159          0.055
 160          0.081
 161          0.069
 162          0.043
 163          0.068
 164          0.076
 165          0.042
 166          0.058
 167          0.046
 168          0.043
 169          0.059
 170          0.055
 171          0.046
 172          0.042
 173          0.031
 174          0.048
 175          0.049
 176          0.033
 177          0.076
 178          0.052
 179          0.073
 180          0.073
 181          0.073
 182          0.047
 183          0.060
 184          0.081
 185          0.073
 186          0.070
 187          0.104
 188          0.107
 189          0.067
 190          0.064
 191          0.079
 192          0.075
 193          0.100
 194          0.105
 195          0.140
 196          0.121
 197          0.139
 198          0.154
 199          0.178
 200          0.116
 201          0.129
 202          0.071
 203          0.080
 204          0.099
 205          0.067
 206          0.050
 207          0.044
 208          0.093
 209          0.082
 210          0.094
 211          0.074
 212          0.066
 213          0.091
 214          0.053
 215          0.095
 216          0.084
 217          0.066
 218          0.041
 219          0.021
 220          0.033
 221          0.061
 222          0.067
 223          0.065
 224          0.090
 225          0.071
 226          0.068
 227          0.066
 228          0.105
 229          0.101
 230          0.102
 231          0.062
 232          0.056
 233          0.101
 234          0.133
 235          0.107
 236          0.087
 237          0.183
 238          0.169
 239          0.072
 240          0.086
 241          0.125
 242          0.148
 243          0.162
 244          0.158
 245          0.101
 246          0.101
 247          0.104
 248          0.116
 249          0.096
 250          0.148
 251          0.149
 252          0.088
 253          0.079
 254          0.088
 255          0.120
 256          0.081
 257          0.066
 258          0.064
 259          0.074
 260          0.079
 261          0.097
 262          0.134
 263          0.106
 264          0.065
 265          0.054
 266          0.036
 267          0.041
 268          0.056
 269          0.057
 270          0.054
 271          0.060
 272          0.069
 273          0.037
 274          0.033
 275          0.060
 276          0.066
 277          0.093
 278          0.084
 279          0.081
 280          0.161
 281          0.067
 282          0.033
 283          0.065
 284          0.066
 285          0.037
 286          0.047
 287          0.061
 288          0.062
 289          0.079
 290          0.121
 291          0.062
 292          0.118
 293          0.103
 294          0.055
 295          0.163
 296          0.163
 297          0.078
 298          0.045
 299          0.087
 300          0.099
 301          0.084
 302          0.094
 303          0.046
 304          0.027
 305          0.083
 306          0.107
 307          0.125
 308          0.104
 309          0.103
 310          0.129
 311          0.177
 312          0.190
 313          0.254
 314          0.221
 315          0.243
 316          0.160
 317          0.131
 318          0.106
 319          0.103
 320          0.103
 321          0.131
 322          0.148
 323          0.155
 324          0.205
 325          0.091
 326          0.148
 327          0.134
 328          0.113
 329          0.125
 330          0.102
 331          0.093
 332          0.059
 333          0.071
 334          0.110
 335          0.133
 336          0.100
 337          0.023
 338          0.024
 339          0.040
 340          0.045
 341          0.076
 342          0.080
 343          0.127
 344          0.151
 345          0.166
 346          0.156
 347          0.106
 348          0.040
 349          0.071
 350          0.073
 351          0.163
 352          0.158
 353          0.175
 354          0.194
 355          0.184
 356          0.101
 357          0.102
 358          0.105
 359          0.101
 360          0.137
 361          0.102
 362          0.043
 363          0.089
 364          0.124
 365          0.174
 366          0.198
 367          0.214
 368          0.106
 369          0.049
 370          0.047
 371          0.068
 372          0.059
 373          0.065
 374          0.068
 375          0.071
 376          0.036
 377          0.053
 378          0.087
 379          0.087
 380          0.099
 381          0.073
 382          0.073
 383          0.090
 384          0.041
 385          0.048
 386          0.088
 387          0.096
 388          0.044
 389          0.071
 390          0.099
 391          0.119
 392          0.138
 393          0.182
 394          0.189
 395          0.111
 396          0.088
 397          0.052
 398          0.055
 399          0.078
 400          0.074
 401          0.097
 402          0.069
 403          0.102
 404          0.088
 405          0.086
 406          0.125
 407          0.122
 408          0.071
 409          0.080
 410          0.069
 411          0.062
 412          0.042
 413          0.037
 414          0.046
 415          0.038
 416          0.035
 417          0.024
 418          0.018
 419          0.011
 420          0.036
 421          0.066
 422          0.142
 423          0.175
 424          0.149
 425          0.076
 426          0.047
 427          0.044
 428          0.049
 429          0.026
 430          0.009
 431          0.038
 432          0.066
 433          0.032
 434          0.025
 435          0.059
 436          0.043
 437          0.030
 438          0.020
 439          0.078
 440          0.118
 441          0.124
 442          0.084
 443          0.075
 444          0.077
 445          0.071
 446          0.084
 447          0.104
 448          0.096
 449          0.054
 450          0.029
 451          0.020
 452          0.022
 453          0.030
 454          0.055
 455          0.063
 456          0.114
 457          0.076
 458          0.086
 459          0.040
 460          0.077
 461          0.108
 462          0.068
 463          0.079
 464          0.056
 465          0.077
 466          0.087
 467          0.073
 468          0.101
 469          0.095
 470          0.083
 471          0.070
 472          0.064
 473          0.055
 474          0.081
 475          0.178
 476          0.125
 477          0.183
 478          0.126
 479          0.109
 480          0.100
 481          0.231
 482          0.240
 483          0.127
 484          0.097
 485          0.053
 486          0.035
 487          0.040

# Average distance: 0.099 nm
