# Atom index    Distance (nm)
   1          1.288
   2          0.681
   3          0.439
   4          0.221
   5          0.165
   6          0.130
   7          0.082
   8          0.077
   9          0.072
  10          0.055
  11          0.049
  12          0.064
  13          0.072
  14          0.107
  15          0.099
  16          0.076
  17          0.095
  18          0.068
  19          0.059
  20          0.059
  21          0.068
  22          0.101
  23          0.149
  24          0.094
  25          0.061
  26          0.082
  27          0.087
  28          0.055
  29          0.054
  30          0.046
  31          0.046
  32          0.046
  33          0.102
  34          0.133
  35          0.100
  36          0.083
  37          0.072
  38          0.066
  39          0.075
  40          0.091
  41          0.103
  42          0.107
  43          0.191
  44          0.172
  45          0.181
  46          0.200
  47          0.140
  48          0.122
  49          0.136
  50          0.316
  51          0.170
  52          0.209
  53          0.141
  54          0.111
  55          0.151
  56          0.108
  57          0.119
  58          0.095
  59          0.078
  60          0.100
  61          0.093
  62          0.098
  63          0.125
  64          0.129
  65          0.115
  66          0.104
  67          0.105
  68          0.104
  69          0.062
  70          0.122
  71          0.091
  72          0.097
  73          0.060
  74          0.071
  75          0.109
  76          0.099
  77          0.090
  78          0.100
  79          0.117
  80          0.157
  81          0.115
  82          0.108
  83          0.119
  84          0.135
  85          0.110
  86          0.168
  87          0.144
  88          0.131
  89          0.110
  90          0.106
  91          0.151
  92          0.077
  93          0.100
  94          0.127
  95          0.127
  96          0.111
  97          0.135
  98          0.149
  99          0.138
 100          0.121
 101          0.130
 102          0.115
 103          0.178
 104          0.154
 105          0.084
 106          0.089
 107          0.035
 108          0.040
 109          0.056
 110          0.085
 111          0.116
 112          0.064
 113          0.062
 114          0.069
 115          0.089
 116          0.132
 117          0.114
 118          0.134
 119          0.128
 120          0.061
 121          0.037
 122          0.037
 123          0.060
 124          0.071
 125          0.072
 126          0.074
 127          0.081
 128          0.087
 129          0.033
 130          0.121
 131          0.074
 132          0.062
 133          0.074
 134          0.062
 135          0.066
 136          0.080
 137          0.054
 138          0.044
 139          0.049
 140          0.077
 141          0.094
 142          0.051
 143          0.041
 144          0.040
 145          0.077
 146          0.096
 147          0.081
 148          0.071
 149          0.059
 150          0.122
 151          0.160
 152          0.216
 153          0.185
 154          0.159
 155          0.095
 156          0.117
 157          0.119
 158          0.108
 159          0.152
 160          0.188
 161          0.114
 162          0.083
 163          0.055
 164          0.091
 165          0.099
 166          0.109
 167          0.061
 168          0.067
 169          0.083
 170          0.066
 171          0.035
 172          0.035
 173          0.054
 174          0.045
 175          0.106
 176          0.130
 177          0.113
 178          0.106
 179          0.112
 180          0.084
 181          0.050
 182          0.053
 183          0.057
 184          0.071
 185          0.080
 186          0.109
 187          0.051
 188          0.051
 189          0.091
 190          0.081
 191          0.085
 192          0.034
 193          0.105
 194          0.104
 195          0.057
 196          0.058
 197          0.041
 198          0.032
 199          0.068
 200          0.058
 201          0.113
 202          0.084
 203          0.088
 204          0.083
 205          0.075
 206          0.046
 207          0.036
 208          0.125
 209          0.153
 210          0.139
 211          0.181
 212          0.100
 213          0.080
 214          0.079
 215          0.133
 216          0.116
 217          0.039
 218          0.045
 219          0.124
 220          0.212
 221          0.136
 222          0.045
 223          0.119
 224          0.126
 225          0.070
 226          0.060
 227          0.065
 228          0.093
 229          0.167
 230          0.152
 231          0.079
 232          0.072
 233          0.103
 234          0.129
 235          0.087
 236          0.107
 237          0.230
 238          0.244
 239          0.183
 240          0.139
 241          0.179
 242          0.149
 243          0.137
 244          0.160
 245          0.166
 246          0.093
 247          0.105
 248          0.103
 249          0.123
 250          0.057
 251          0.165
 252          0.095
 253          0.087
 254          0.086
 255          0.050
 256          0.056
 257          0.066
 258          0.065
 259          0.071
 260          0.080
 261          0.073
 262          0.162
 263          0.128
 264          0.108
 265          0.076
 266          0.067
 267          0.062
 268          0.056
 269          0.106
 270          0.219
 271          0.154
 272          0.143
 273          0.127
 274          0.117
 275          0.100
 276          0.096
 277          0.061
 278          0.041
 279          0.028
 280          0.028
 281          0.054
 282          0.039
 283          0.076
 284          0.097
 285          0.076
 286          0.049
 287          0.064
 288          0.095
 289          0.090
 290          0.075
 291          0.127
 292          0.076
 293          0.141
 294          0.164
 295          0.186
 296          0.242
 297          0.181
 298          0.084
 299          0.102
 300          0.109
 301          0.122
 302          0.152
 303          0.117
 304          0.094
 305          0.157
 306          0.151
 307          0.143
 308          0.105
 309          0.108
 310          0.114
 311          0.100
 312          0.115
 313          0.131
 314          0.136
 315          0.096
 316          0.092
 317          0.092
 318          0.109
 319          0.099
 320          0.104
 321          0.109
 322          0.142
 323          0.107
 324          0.069
 325          0.139
 326          0.097
 327          0.092
 328          0.080
 329          0.052
 330          0.055
 331          0.068
 332          0.047
 333          0.079
 334          0.065
 335          0.091
 336          0.154
 337          0.046
 338          0.072
 339          0.061
 340          0.063
 341          0.086
 342          0.055
 343          0.042
 344          0.047
 345          0.050
 346          0.041
 347          0.069
 348          0.067
 349          0.053
 350          0.048
 351          0.114
 352          0.106
 353          0.057
 354          0.053
 355          0.061
 356          0.068
 357          0.086
 358          0.093
 359          0.040
 360          0.075
 361          0.044
 362          0.121
 363          0.199
 364          0.139
 365          0.142
 366          0.177
 367          0.072
 368          0.089
 369          0.116
 370          0.070
 371          0.104
 372          0.079
 373          0.033
 374          0.061
 375          0.038
 376          0.055
 377          0.041
 378          0.033
 379          0.071
 380          0.081
 381          0.088
 382          0.071
 383          0.029
 384          0.089
 385          0.156
 386          0.151
 387          0.061
 388          0.055
 389          0.078
 390          0.056
 391          0.085
 392          0.095
 393          0.074
 394          0.163
 395          0.191
 396          0.116
 397          0.100
 398          0.092
 399          0.069
 400          0.037
 401          0.078
 402          0.073
 403          0.067
 404          0.068
 405          0.053
 406          0.029
 407          0.063
 408          0.088
 409          0.059
 410          0.085
 411          0.097
 412          0.093
 413          0.058
 414          0.031
 415          0.061
 416          0.047
 417          0.063
 418          0.030
 419          0.049
 420          0.074
 421          0.199
 422          0.455
 423          0.572
 424          0.340
 425          0.215
 426          0.073
 427          0.108
 428          0.109
 429          0.105
 430          0.062
 431          0.098
 432          0.074
 433          0.094
 434          0.096
 435          0.128
 436          0.168
 437          0.197
 438          0.261
 439          0.162
 440          0.163
 441          0.211
 442          0.067
 443          0.021
 444          0.038
 445          0.077
 446          0.051
 447          0.033
 448          0.043
 449          0.048
 450          0.064
 451          0.075
 452          0.093
 453          0.062
 454          0.064
 455          0.046
 456          0.048
 457          0.029
 458          0.078
 459          0.075
 460          0.070
 461          0.094
 462          0.090
 463          0.056
 464          0.070
 465          0.152
 466          0.119
 467          0.140
 468          0.212
 469          0.063
 470          0.120
 471          0.054
 472          0.055
 473          0.052
 474          0.109
 475          0.222
 476          0.134
 477          0.116
 478          0.083
 479          0.158
 480          0.223
 481          0.187
 482          0.184
 483          0.115
 484          0.118
 485          0.061
 486          0.077
 487          0.101

# Average distance: 0.104 nm
