# Atom index    Distance (nm)
   1          0.384
   2          0.329
   3          0.143
   4          0.196
   5          0.179
   6          0.150
   7          0.122
   8          0.077
   9          0.098
  10          0.102
  11          0.111
  12          0.157
  13          0.191
  14          0.204
  15          0.192
  16          0.181
  17          0.163
  18          0.129
  19          0.166
  20          0.187
  21          0.271
  22          0.370
  23          0.430
  24          0.379
  25          0.258
  26          0.224
  27          0.174
  28          0.224
  29          0.154
  30          0.184
  31          0.168
  32          0.278
  33          0.248
  34          0.108
  35          0.122
  36          0.152
  37          0.155
  38          0.122
  39          0.109
  40          0.092
  41          0.156
  42          0.161
  43          0.160
  44          0.187
  45          0.206
  46          0.514
  47          0.487
  48          0.616
  49          0.552
  50          0.541
  51          0.456
  52          0.392
  53          0.233
  54          0.166
  55          0.115
  56          0.084
  57          0.150
  58          0.169
  59          0.256
  60          0.356
  61          0.344
  62          0.221
  63          0.123
  64          0.064
  65          0.084
  66          0.110
  67          0.157
  68          0.280
  69          0.354
  70          0.380
  71          0.268
  72          0.219
  73          0.198
  74          0.134
  75          0.202
  76          0.124
  77          0.187
  78          0.158
  79          0.188
  80          0.259
  81          0.228
  82          0.138
  83          0.039
  84          0.138
  85          0.140
  86          0.232
  87          0.232
  88          0.320
  89          0.325
  90          0.359
  91          0.347
  92          0.252
  93          0.217
  94          0.140
  95          0.166
  96          0.171
  97          0.140
  98          0.199
  99          0.172
 100          0.217
 101          0.221
 102          0.268
 103          0.323
 104          0.315
 105          0.240
 106          0.182
 107          0.298
 108          0.385
 109          0.315
 110          0.318
 111          0.344
 112          0.339
 113          0.327
 114          0.304
 115          0.264
 116          0.430
 117          0.414
 118          0.482
 119          0.459
 120          0.479
 121          0.519
 122          0.417
 123          0.367
 124          0.322
 125          0.215
 126          0.117
 127          0.085
 128          0.068
 129          0.071
 130          0.052
 131          0.056
 132          0.063
 133          0.069
 134          0.125
 135          0.081
 136          0.073
 137          0.096
 138          0.101
 139          0.078
 140          0.102
 141          0.129
 142          0.126
 143          0.076
 144          0.143
 145          0.147
 146          0.107
 147          0.084
 148          0.059
 149          0.030
 150          0.144
 151          0.193
 152          0.192
 153          0.424
 154          0.153
 155          0.085
 156          0.039
 157          0.059
 158          0.150
 159          0.063
 160          0.065
 161          0.086
 162          0.166
 163          0.156
 164          0.121
 165          0.048
 166          0.068
 167          0.072
 168          0.075
 169          0.063
 170          0.050
 171          0.075
 172          0.075
 173          0.151
 174          0.124
 175          0.053
 176          0.107
 177          0.011
 178          0.026
 179          0.028
 180          0.067
 181          0.108
 182          0.051
 183          0.054
 184          0.044
 185          0.085
 186          0.083
 187          0.080
 188          0.066
 189          0.053
 190          0.065
 191          0.099
 192          0.098
 193          0.039
 194          0.028
 195          0.055
 196          0.093
 197          0.122
 198          0.167
 199          0.126
 200          0.138
 201          0.264
 202          0.250
 203          0.115
 204          0.096
 205          0.102
 206          0.117
 207          0.171
 208          0.162
 209          0.162
 210          0.154
 211          0.166
 212          0.238
 213          0.189
 214          0.135
 215          0.107
 216          0.110
 217          0.129
 218          0.236
 219          0.222
 220          0.183
 221          0.150
 222          0.171
 223          0.191
 224          0.110
 225          0.091
 226          0.086
 227          0.048
 228          0.044
 229          0.067
 230          0.069
 231          0.088
 232          0.055
 233          0.090
 234          0.106
 235          0.120
 236          0.143
 237          0.297
 238          0.388
 239          0.293
 240          0.284
 241          0.197
 242          0.101
 243          0.190
 244          0.234
 245          0.068
 246          0.075
 247          0.077
 248          0.062
 249          0.047
 250          0.075
 251          0.044
 252          0.078
 253          0.073
 254          0.053
 255          0.032
 256          0.025
 257          0.021
 258          0.016
 259          0.072
 260          0.065
 261          0.047
 262          0.085
 263          0.117
 264          0.083
 265          0.107
 266          0.087
 267          0.099
 268          0.115
 269          0.089
 270          0.120
 271          0.188
 272          0.114
 273          0.116
 274          0.155
 275          0.146
 276          0.133
 277          0.119
 278          0.128
 279          0.118
 280          0.136
 281          0.083
 282          0.067
 283          0.068
 284          0.070
 285          0.065
 286          0.043
 287          0.053
 288          0.035
 289          0.049
 290          0.064
 291          0.119
 292          0.146
 293          0.146
 294          0.079
 295          0.096
 296          0.091
 297          0.124
 298          0.081
 299          0.085
 300          0.078
 301          0.051
 302          0.043
 303          0.071
 304          0.152
 305          0.118
 306          0.110
 307          0.101
 308          0.136
 309          0.103
 310          0.081
 311          0.120
 312          0.086
 313          0.102
 314          0.090
 315          0.064
 316          0.082
 317          0.097
 318          0.092
 319          0.094
 320          0.067
 321          0.089
 322          0.208
 323          0.166
 324          0.130
 325          0.127
 326          0.104
 327          0.116
 328          0.106
 329          0.095
 330          0.067
 331          0.129
 332          0.141
 333          0.094
 334          0.085
 335          0.126
 336          0.077
 337          0.117
 338          0.147
 339          0.148
 340          0.092
 341          0.077
 342          0.088
 343          0.088
 344          0.093
 345          0.128
 346          0.125
 347          0.100
 348          0.114
 349          0.085
 350          0.063
 351          0.032
 352          0.156
 353          0.259
 354          0.298
 355          0.166
 356          0.141
 357          0.116
 358          0.109
 359          0.138
 360          0.141
 361          0.095
 362          0.135
 363          0.131
 364          0.112
 365          0.110
 366          0.063
 367          0.049
 368          0.080
 369          0.063
 370          0.059
 371          0.042
 372          0.055
 373          0.041
 374          0.032
 375          0.084
 376          0.074
 377          0.066
 378          0.067
 379          0.091
 380          0.079
 381          0.117
 382          0.102
 383          0.067
 384          0.116
 385          0.142
 386          0.150
 387          0.168
 388          0.196
 389          0.203
 390          0.188
 391          0.188
 392          0.157
 393          0.260
 394          0.251
 395          0.282
 396          0.279
 397          0.212
 398          0.188
 399          0.157
 400          0.139
 401          0.152
 402          0.128
 403          0.141
 404          0.120
 405          0.145
 406          0.152
 407          0.106
 408          0.091
 409          0.077
 410          0.116
 411          0.101
 412          0.062
 413          0.077
 414          0.146
 415          0.124
 416          0.064
 417          0.050
 418          0.086
 419          0.093
 420          0.155
 421          0.203
 422          0.205
 423          0.189
 424          0.189
 425          0.221
 426          0.198
 427          0.185
 428          0.166
 429          0.197
 430          0.238
 431          0.208
 432          0.202
 433          0.194
 434          0.195
 435          0.159
 436          0.198
 437          0.179
 438          0.294
 439          0.277
 440          0.232
 441          0.245
 442          0.200
 443          0.157
 444          0.152
 445          0.162
 446          0.151
 447          0.087
 448          0.077
 449          0.041
 450          0.051
 451          0.033
 452          0.096
 453          0.018
 454          0.040
 455          0.067
 456          0.069
 457          0.063
 458          0.119
 459          0.240
 460          0.216
 461          0.221
 462          0.222
 463          0.096
 464          0.090
 465          0.097
 466          0.154
 467          0.205
 468          0.213
 469          0.314
 470          0.234
 471          0.176
 472          0.148
 473          0.167
 474          0.149
 475          0.207
 476          0.087
 477          0.103
 478          0.045
 479          0.056
 480          0.067
 481          0.055
 482          0.062
 483          0.060
 484          0.070
 485          0.096
 486          0.062
 487          0.078

# Average distance: 0.150 nm
