# Atom index    Distance (nm)
   1          0.012
   2          0.024
   3          0.047
   4          0.179
   5          0.132
   6          0.105
   7          0.105
   8          0.059
   9          0.082
  10          0.089
  11          0.074
  12          0.062
  13          0.164
  14          0.138
  15          0.132
  16          0.113
  17          0.073
  18          0.035
  19          0.045
  20          0.076
  21          0.111
  22          0.148
  23          0.163
  24          0.157
  25          0.095
  26          0.072
  27          0.051
  28          0.049
  29          0.041
  30          0.134
  31          0.121
  32          0.178
  33          0.128
  34          0.123
  35          0.136
  36          0.141
  37          0.086
  38          0.096
  39          0.088
  40          0.060
  41          0.071
  42          0.070
  43          0.077
  44          0.067
  45          0.132
  46          0.110
  47          0.107
  48          0.041
  49          0.028
  50          0.023
  51          0.052
  52          0.083
  53          0.033
  54          0.028
  55          0.028
  56          0.033
  57          0.043
  58          0.006
  59          0.088
  60          0.120
  61          0.085
  62          0.072
  63          0.076
  64          0.042
  65          0.087
  66          0.102
  67          0.114
  68          0.192
  69          0.165
  70          0.083
  71          0.074
  72          0.061
  73          0.109
  74          0.081
  75          0.084
  76          0.124
  77          0.110
  78          0.107
  79          0.101
  80          0.120
  81          0.106
  82          0.089
  83          0.051
  84          0.071
  85          0.078
  86          0.100
  87          0.113
  88          0.104
  89          0.081
  90          0.096
  91          0.076
  92          0.099
  93          0.071
  94          0.050
  95          0.075
  96          0.084
  97          0.098
  98          0.108
  99          0.113
 100          0.153
 101          0.158
 102          0.133
 103          0.126
 104          0.076
 105          0.081
 106          0.080
 107          0.089
 108          0.099
 109          0.121
 110          0.083
 111          0.154
 112          0.242
 113          0.042
 114          0.040
 115          0.053
 116          0.037
 117          0.025
 118          0.114
 119          0.132
 120          0.116
 121          0.097
 122          0.079
 123          0.098
 124          0.090
 125          0.053
 126          0.023
 127          0.081
 128          0.070
 129          0.109
 130          0.067
 131          0.084
 132          0.072
 133          0.055
 134          0.063
 135          0.045
 136          0.037
 137          0.032
 138          0.014
 139          0.042
 140          0.074
 141          0.099
 142          0.135
 143          0.184
 144          0.154
 145          0.069
 146          0.010
 147          0.038
 148          0.045
 149          0.057
 150          0.047
 151          0.082
 152          0.110
 153          0.027
 154          0.040
 155          0.068
 156          0.060
 157          0.099
 158          0.096
 159          0.085
 160          0.078
 161          0.092
 162          0.077
 163          0.083
 164          0.085
 165          0.052
 166          0.061
 167          0.051
 168          0.051
 169          0.056
 170          0.020
 171          0.048
 172          0.030
 173          0.019
 174          0.073
 175          0.113
 176          0.126
 177          0.148
 178          0.132
 179          0.127
 180          0.137
 181          0.081
 182          0.082
 183          0.047
 184          0.076
 185          0.053
 186          0.039
 187          0.022
 188          0.031
 189          0.062
 190          0.089
 191          0.077
 192          0.033
 193          0.030
 194          0.075
 195          0.109
 196          0.097
 197          0.089
 198          0.042
 199          0.072
 200          0.079
 201          0.102
 202          0.095
 203          0.089
 204          0.080
 205          0.089
 206          0.073
 207          0.099
 208          0.090
 209          0.049
 210          0.080
 211          0.093
 212          0.044
 213          0.044
 214          0.060
 215          0.051
 216          0.035
 217          0.044
 218          0.045
 219          0.063
 220          0.116
 221          0.097
 222          0.082
 223          0.031
 224          0.058
 225          0.031
 226          0.027
 227          0.029
 228          0.098
 229          0.154
 230          0.185
 231          0.084
 232          0.071
 233          0.086
 234          0.107
 235          0.068
 236          0.040
 237          0.131
 238          0.175
 239          0.131
 240          0.064
 241          0.031
 242          0.065
 243          0.074
 244          0.065
 245          0.073
 246          0.082
 247          0.049
 248          0.034
 249          0.031
 250          0.015
 251          0.013
 252          0.055
 253          0.043
 254          0.077
 255          0.017
 256          0.046
 257          0.062
 258          0.069
 259          0.060
 260          0.038
 261          0.021
 262          0.068
 263          0.104
 264          0.104
 265          0.074
 266          0.076
 267          0.099
 268          0.069
 269          0.023
 270          0.090
 271          0.120
 272          0.140
 273          0.161
 274          0.126
 275          0.072
 276          0.075
 277          0.093
 278          0.091
 279          0.076
 280          0.145
 281          0.170
 282          0.125
 283          0.107
 284          0.069
 285          0.075
 286          0.050
 287          0.047
 288          0.049
 289          0.052
 290          0.078
 291          0.069
 292          0.138
 293          0.148
 294          0.134
 295          0.141
 296          0.084
 297          0.062
 298          0.077
 299          0.061
 300          0.033
 301          0.029
 302          0.045
 303          0.032
 304          0.060
 305          0.057
 306          0.091
 307          0.055
 308          0.031
 309          0.060
 310          0.063
 311          0.066
 312          0.077
 313          0.077
 314          0.040
 315          0.054
 316          0.064
 317          0.044
 318          0.040
 319          0.092
 320          0.021
 321          0.023
 322          0.037
 323          0.060
 324          0.066
 325          0.068
 326          0.063
 327          0.050
 328          0.067
 329          0.036
 330          0.060
 331          0.057
 332          0.054
 333          0.034
 334          0.053
 335          0.073
 336          0.070
 337          0.062
 338          0.052
 339          0.050
 340          0.054
 341          0.056
 342          0.063
 343          0.094
 344          0.092
 345          0.089
 346          0.080
 347          0.077
 348          0.063
 349          0.052
 350          0.055
 351          0.043
 352          0.082
 353          0.060
 354          0.085
 355          0.091
 356          0.052
 357          0.064
 358          0.074
 359          0.066
 360          0.066
 361          0.070
 362          0.059
 363          0.128
 364          0.151
 365          0.082
 366          0.039
 367          0.026
 368          0.025
 369          0.031
 370          0.009
 371          0.042
 372          0.062
 373          0.047
 374          0.049
 375          0.071
 376          0.052
 377          0.058
 378          0.052
 379          0.053
 380          0.036
 381          0.032
 382          0.035
 383          0.018
 384          0.096
 385          0.105
 386          0.095
 387          0.082
 388          0.065
 389          0.065
 390          0.068
 391          0.090
 392          0.099
 393          0.068
 394          0.010
 395          0.048
 396          0.055
 397          0.080
 398          0.073
 399          0.073
 400          0.064
 401          0.102
 402          0.068
 403          0.061
 404          0.046
 405          0.060
 406          0.061
 407          0.059
 408          0.055
 409          0.060
 410          0.041
 411          0.041
 412          0.069
 413          0.115
 414          0.099
 415          0.049
 416          0.084
 417          0.069
 418          0.057
 419          0.042
 420          0.068
 421          0.057
 422          0.031
 423          0.106
 424          0.078
 425          0.046
 426          0.030
 427          0.050
 428          0.059
 429          0.136
 430          0.166
 431          0.126
 432          0.119
 433          0.088
 434          0.089
 435          0.045
 436          0.022
 437          0.048
 438          0.092
 439          0.058
 440          0.067
 441          0.102
 442          0.091
 443          0.089
 444          0.051
 445          0.048
 446          0.056
 447          0.037
 448          0.037
 449          0.032
 450          0.026
 451          0.040
 452          0.029
 453          0.055
 454          0.057
 455          0.057
 456          0.074
 457          0.082
 458          0.047
 459          0.083
 460          0.087
 461          0.030
 462          0.037
 463          0.041
 464          0.036
 465          0.020
 466          0.066
 467          0.060
 468          0.083
 469          0.075
 470          0.085
 471          0.070
 472          0.060
 473          0.056
 474          0.016
 475          0.019
 476          0.128
 477          0.091
 478          0.063
 479          0.080
 480          0.042
 481          0.037
 482          0.028
 483          0.032
 484          0.047
 485          0.040
 486          0.043
 487          0.033

# Average distance: 0.074 nm
