# Atom index    Distance (nm)
   1          0.045
   2          0.017
   3          0.089
   4          0.103
   5          0.142
   6          0.082
   7          0.065
   8          0.044
   9          0.063
  10          0.101
  11          0.108
  12          0.101
  13          0.093
  14          0.047
  15          0.090
  16          0.093
  17          0.079
  18          0.096
  19          0.094
  20          0.072
  21          0.058
  22          0.076
  23          0.122
  24          0.073
  25          0.082
  26          0.071
  27          0.086
  28          0.109
  29          0.101
  30          0.131
  31          0.096
  32          0.068
  33          0.072
  34          0.077
  35          0.058
  36          0.121
  37          0.092
  38          0.114
  39          0.115
  40          0.074
  41          0.040
  42          0.040
  43          0.092
  44          0.056
  45          0.069
  46          0.083
  47          0.075
  48          0.076
  49          0.079
  50          0.127
  51          0.174
  52          0.233
  53          0.150
  54          0.120
  55          0.099
  56          0.088
  57          0.090
  58          0.069
  59          0.101
  60          0.158
  61          0.117
  62          0.082
  63          0.060
  64          0.062
  65          0.124
  66          0.141
  67          0.111
  68          0.071
  69          0.022
  70          0.040
  71          0.106
  72          0.142
  73          0.121
  74          0.081
  75          0.127
  76          0.080
  77          0.112
  78          0.158
  79          0.080
  80          0.184
  81          0.070
  82          0.081
  83          0.098
  84          0.089
  85          0.083
  86          0.103
  87          0.067
  88          0.117
  89          0.059
  90          0.162
  91          0.182
  92          0.181
  93          0.136
  94          0.094
  95          0.102
  96          0.094
  97          0.048
  98          0.030
  99          0.050
 100          0.059
 101          0.052
 102          0.054
 103          0.043
 104          0.046
 105          0.057
 106          0.049
 107          0.081
 108          0.093
 109          0.159
 110          0.198
 111          0.193
 112          0.201
 113          0.119
 114          0.107
 115          0.075
 116          0.081
 117          0.071
 118          0.137
 119          0.109
 120          0.128
 121          0.144
 122          0.079
 123          0.094
 124          0.109
 125          0.100
 126          0.041
 127          0.056
 128          0.095
 129          0.082
 130          0.036
 131          0.051
 132          0.042
 133          0.048
 134          0.051
 135          0.033
 136          0.033
 137          0.019
 138          0.019
 139          0.078
 140          0.039
 141          0.064
 142          0.089
 143          0.039
 144          0.024
 145          0.033
 146          0.033
 147          0.054
 148          0.040
 149          0.021
 150          0.075
 151          0.171
 152          0.186
 153          0.194
 154          0.116
 155          0.121
 156          0.061
 157          0.030
 158          0.076
 159          0.030
 160          0.012
 161          0.029
 162          0.047
 163          0.100
 164          0.087
 165          0.054
 166          0.055
 167          0.063
 168          0.063
 169          0.059
 170          0.074
 171          0.060
 172          0.079
 173          0.073
 174          0.144
 175          0.129
 176          0.093
 177          0.141
 178          0.182
 179          0.128
 180          0.109
 181          0.102
 182          0.063
 183          0.061
 184          0.032
 185          0.035
 186          0.069
 187          0.085
 188          0.073
 189          0.082
 190          0.042
 191          0.142
 192          0.150
 193          0.136
 194          0.114
 195          0.126
 196          0.097
 197          0.062
 198          0.113
 199          0.127
 200          0.123
 201          0.093
 202          0.092
 203          0.076
 204          0.099
 205          0.147
 206          0.092
 207          0.085
 208          0.028
 209          0.081
 210          0.137
 211          0.170
 212          0.187
 213          0.143
 214          0.108
 215          0.065
 216          0.065
 217          0.061
 218          0.124
 219          0.150
 220          0.217
 221          0.164
 222          0.117
 223          0.182
 224          0.122
 225          0.115
 226          0.121
 227          0.120
 228          0.116
 229          0.247
 230          0.212
 231          0.096
 232          0.134
 233          0.089
 234          0.078
 235          0.098
 236          0.153
 237          0.214
 238          0.256
 239          0.258
 240          0.254
 241          0.196
 242          0.203
 243          0.225
 244          0.202
 245          0.180
 246          0.114
 247          0.101
 248          0.075
 249          0.078
 250          0.059
 251          0.058
 252          0.024
 253          0.031
 254          0.018
 255          0.016
 256          0.051
 257          0.091
 258          0.099
 259          0.081
 260          0.056
 261          0.081
 262          0.085
 263          0.145
 264          0.106
 265          0.075
 266          0.077
 267          0.086
 268          0.068
 269          0.088
 270          0.108
 271          0.141
 272          0.126
 273          0.112
 274          0.066
 275          0.077
 276          0.087
 277          0.072
 278          0.073
 279          0.089
 280          0.080
 281          0.123
 282          0.140
 283          0.064
 284          0.065
 285          0.096
 286          0.097
 287          0.078
 288          0.077
 289          0.035
 290          0.039
 291          0.013
 292          0.086
 293          0.071
 294          0.063
 295          0.061
 296          0.095
 297          0.069
 298          0.050
 299          0.025
 300          0.044
 301          0.023
 302          0.028
 303          0.069
 304          0.060
 305          0.082
 306          0.095
 307          0.086
 308          0.070
 309          0.034
 310          0.032
 311          0.082
 312          0.056
 313          0.117
 314          0.133
 315          0.089
 316          0.057
 317          0.057
 318          0.072
 319          0.100
 320          0.143
 321          0.098
 322          0.086
 323          0.133
 324          0.164
 325          0.100
 326          0.081
 327          0.057
 328          0.055
 329          0.024
 330          0.018
 331          0.046
 332          0.053
 333          0.042
 334          0.038
 335          0.035
 336          0.042
 337          0.033
 338          0.032
 339          0.042
 340          0.051
 341          0.061
 342          0.048
 343          0.061
 344          0.116
 345          0.109
 346          0.191
 347          0.074
 348          0.053
 349          0.004
 350          0.026
 351          0.041
 352          0.046
 353          0.033
 354          0.023
 355          0.051
 356          0.067
 357          0.059
 358          0.057
 359          0.050
 360          0.056
 361          0.097
 362          0.129
 363          0.175
 364          0.146
 365          0.184
 366          0.132
 367          0.059
 368          0.083
 369          0.038
 370          0.038
 371          0.037
 372          0.021
 373          0.070
 374          0.064
 375          0.064
 376          0.030
 377          0.054
 378          0.055
 379          0.049
 380          0.058
 381          0.037
 382          0.027
 383          0.044
 384          0.067
 385          0.076
 386          0.076
 387          0.056
 388          0.017
 389          0.020
 390          0.077
 391          0.111
 392          0.137
 393          0.231
 394          0.235
 395          0.235
 396          0.228
 397          0.133
 398          0.117
 399          0.082
 400          0.079
 401          0.075
 402          0.051
 403          0.072
 404          0.034
 405          0.056
 406          0.047
 407          0.020
 408          0.041
 409          0.016
 410          0.046
 411          0.062
 412          0.076
 413          0.024
 414          0.023
 415          0.043
 416          0.044
 417          0.057
 418          0.044
 419          0.045
 420          0.045
 421          0.101
 422          0.155
 423          0.155
 424          0.096
 425          0.102
 426          0.111
 427          0.101
 428          0.088
 429          0.081
 430          0.133
 431          0.109
 432          0.044
 433          0.078
 434          0.153
 435          0.106
 436          0.153
 437          0.140
 438          0.111
 439          0.118
 440          0.117
 441          0.122
 442          0.117
 443          0.106
 444          0.077
 445          0.077
 446          0.084
 447          0.100
 448          0.075
 449          0.064
 450          0.095
 451          0.076
 452          0.056
 453          0.040
 454          0.042
 455          0.047
 456          0.047
 457          0.073
 458          0.157
 459          0.187
 460          0.231
 461          0.214
 462          0.206
 463          0.141
 464          0.103
 465          0.110
 466          0.186
 467          0.265
 468          0.223
 469          0.236
 470          0.188
 471          0.187
 472          0.126
 473          0.110
 474          0.122
 475          0.196
 476          0.181
 477          0.214
 478          0.163
 479          0.133
 480          0.062
 481          0.104
 482          0.112
 483          0.056
 484          0.059
 485          0.082
 486          0.126
 487          0.089

# Average distance: 0.092 nm
