# Atom index    Distance (nm)
   1          0.348
   2          0.089
   3          0.134
   4          0.180
   5          0.168
   6          0.126
   7          0.116
   8          0.137
   9          0.116
  10          0.082
  11          0.136
  12          0.159
  13          0.208
  14          0.224
  15          0.190
  16          0.129
  17          0.150
  18          0.123
  19          0.131
  20          0.095
  21          0.141
  22          0.216
  23          0.111
  24          0.115
  25          0.080
  26          0.068
  27          0.086
  28          0.106
  29          0.160
  30          0.108
  31          0.148
  32          0.272
  33          0.193
  34          0.149
  35          0.175
  36          0.179
  37          0.139
  38          0.141
  39          0.170
  40          0.107
  41          0.153
  42          0.111
  43          0.230
  44          0.216
  45          0.294
  46          0.251
  47          0.359
  48          0.396
  49          0.450
  50          0.689
  51          0.444
  52          0.432
  53          0.355
  54          0.375
  55          0.251
  56          0.140
  57          0.169
  58          0.188
  59          0.242
  60          0.221
  61          0.292
  62          0.265
  63          0.238
  64          0.188
  65          0.241
  66          0.264
  67          0.302
  68          0.283
  69          0.295
  70          0.259
  71          0.309
  72          0.222
  73          0.210
  74          0.211
  75          0.257
  76          0.347
  77          0.468
  78          0.587
  79          0.447
  80          0.483
  81          0.493
  82          0.380
  83          0.290
  84          0.309
  85          0.291
  86          0.303
  87          0.208
  88          0.289
  89          0.261
  90          0.277
  91          0.385
  92          0.339
  93          0.214
  94          0.259
  95          0.242
  96          0.216
  97          0.210
  98          0.304
  99          0.316
 100          0.322
 101          0.400
 102          0.405
 103          0.365
 104          0.358
 105          0.297
 106          0.255
 107          0.240
 108          0.258
 109          0.182
 110          0.144
 111          0.111
 112          0.148
 113          0.185
 114          0.285
 115          0.288
 116          0.346
 117          0.388
 118          0.391
 119          0.381
 120          0.329
 121          0.329
 122          0.297
 123          0.266
 124          0.256
 125          0.245
 126          0.204
 127          0.144
 128          0.142
 129          0.167
 130          0.148
 131          0.199
 132          0.205
 133          0.165
 134          0.164
 135          0.155
 136          0.121
 137          0.092
 138          0.099
 139          0.093
 140          0.076
 141          0.138
 142          0.194
 143          0.130
 144          0.073
 145          0.080
 146          0.078
 147          0.076
 148          0.059
 149          0.053
 150          0.074
 151          0.126
 152          0.159
 153          0.106
 154          0.081
 155          0.140
 156          0.102
 157          0.100
 158          0.102
 159          0.089
 160          0.105
 161          0.034
 162          0.043
 163          0.076
 164          0.094
 165          0.075
 166          0.108
 167          0.104
 168          0.106
 169          0.104
 170          0.120
 171          0.128
 172          0.177
 173          0.176
 174          0.180
 175          0.176
 176          0.209
 177          0.240
 178          0.218
 179          0.130
 180          0.094
 181          0.113
 182          0.131
 183          0.135
 184          0.140
 185          0.140
 186          0.134
 187          0.167
 188          0.145
 189          0.170
 190          0.140
 191          0.102
 192          0.170
 193          0.105
 194          0.084
 195          0.075
 196          0.114
 197          0.135
 198          0.191
 199          0.191
 200          0.219
 201          0.226
 202          0.243
 203          0.257
 204          0.209
 205          0.228
 206          0.133
 207          0.191
 208          0.203
 209          0.168
 210          0.122
 211          0.133
 212          0.200
 213          0.247
 214          0.190
 215          0.191
 216          0.183
 217          0.169
 218          0.088
 219          0.100
 220          0.159
 221          0.082
 222          0.093
 223          0.080
 224          0.075
 225          0.128
 226          0.153
 227          0.105
 228          0.236
 229          0.312
 230          0.371
 231          0.362
 232          0.250
 233          0.142
 234          0.143
 235          0.193
 236          0.084
 237          0.239
 238          0.343
 239          0.447
 240          0.332
 241          0.126
 242          0.132
 243          0.195
 244          0.115
 245          0.124
 246          0.126
 247          0.192
 248          0.155
 249          0.137
 250          0.106
 251          0.138
 252          0.155
 253          0.057
 254          0.078
 255          0.105
 256          0.083
 257          0.056
 258          0.052
 259          0.067
 260          0.055
 261          0.053
 262          0.202
 263          0.325
 264          0.308
 265          0.252
 266          0.134
 267          0.062
 268          0.044
 269          0.076
 270          0.120
 271          0.097
 272          0.222
 273          0.185
 274          0.136
 275          0.122
 276          0.127
 277          0.143
 278          0.219
 279          0.158
 280          0.172
 281          0.138
 282          0.081
 283          0.105
 284          0.107
 285          0.058
 286          0.064
 287          0.059
 288          0.058
 289          0.094
 290          0.095
 291          0.162
 292          0.089
 293          0.057
 294          0.106
 295          0.174
 296          0.199
 297          0.143
 298          0.170
 299          0.082
 300          0.075
 301          0.093
 302          0.095
 303          0.098
 304          0.103
 305          0.106
 306          0.132
 307          0.102
 308          0.139
 309          0.162
 310          0.185
 311          0.172
 312          0.191
 313          0.209
 314          0.153
 315          0.206
 316          0.190
 317          0.186
 318          0.157
 319          0.131
 320          0.147
 321          0.190
 322          0.245
 323          0.249
 324          0.123
 325          0.167
 326          0.124
 327          0.135
 328          0.148
 329          0.144
 330          0.156
 331          0.110
 332          0.126
 333          0.072
 334          0.101
 335          0.116
 336          0.103
 337          0.127
 338          0.129
 339          0.140
 340          0.131
 341          0.128
 342          0.132
 343          0.158
 344          0.167
 345          0.172
 346          0.188
 347          0.180
 348          0.185
 349          0.135
 350          0.142
 351          0.158
 352          0.234
 353          0.280
 354          0.276
 355          0.195
 356          0.180
 357          0.161
 358          0.190
 359          0.174
 360          0.252
 361          0.255
 362          0.312
 363          0.283
 364          0.264
 365          0.263
 366          0.238
 367          0.202
 368          0.185
 369          0.160
 370          0.110
 371          0.064
 372          0.049
 373          0.039
 374          0.031
 375          0.054
 376          0.084
 377          0.098
 378          0.106
 379          0.117
 380          0.143
 381          0.164
 382          0.086
 383          0.089
 384          0.105
 385          0.182
 386          0.212
 387          0.193
 388          0.160
 389          0.170
 390          0.159
 391          0.148
 392          0.166
 393          0.232
 394          0.228
 395          0.199
 396          0.260
 397          0.134
 398          0.113
 399          0.127
 400          0.126
 401          0.200
 402          0.196
 403          0.159
 404          0.158
 405          0.183
 406          0.187
 407          0.196
 408          0.187
 409          0.181
 410          0.105
 411          0.114
 412          0.102
 413          0.259
 414          0.288
 415          0.204
 416          0.116
 417          0.081
 418          0.125
 419          0.139
 420          0.191
 421          0.154
 422          0.086
 423          0.203
 424          0.379
 425          0.151
 426          0.182
 427          0.172
 428          0.145
 429          0.116
 430          0.126
 431          0.098
 432          0.077
 433          0.098
 434          0.108
 435          0.118
 436          0.145
 437          0.168
 438          0.247
 439          0.258
 440          0.339
 441          0.271
 442          0.170
 443          0.182
 444          0.150
 445          0.091
 446          0.120
 447          0.057
 448          0.087
 449          0.086
 450          0.090
 451          0.094
 452          0.124
 453          0.078
 454          0.106
 455          0.094
 456          0.097
 457          0.066
 458          0.034
 459          0.074
 460          0.050
 461          0.099
 462          0.060
 463          0.109
 464          0.097
 465          0.094
 466          0.154
 467          0.101
 468          0.114
 469          0.048
 470          0.103
 471          0.109
 472          0.114
 473          0.097
 474          0.097
 475          0.187
 476          0.168
 477          0.099
 478          0.117
 479          0.062
 480          0.156
 481          0.164
 482          0.170
 483          0.092
 484          0.083
 485          0.083
 486          0.097
 487          0.146

# Average distance: 0.172 nm
