# Atom index    Distance (nm)
   1          0.136
   2          0.132
   3          0.066
   4          0.059
   5          0.044
   6          0.049
   7          0.051
   8          0.054
   9          0.067
  10          0.032
  11          0.059
  12          0.054
  13          0.069
  14          0.113
  15          0.077
  16          0.069
  17          0.073
  18          0.057
  19          0.047
  20          0.074
  21          0.067
  22          0.061
  23          0.083
  24          0.102
  25          0.064
  26          0.098
  27          0.094
  28          0.101
  29          0.073
  30          0.036
  31          0.062
  32          0.082
  33          0.037
  34          0.044
  35          0.021
  36          0.034
  37          0.023
  38          0.017
  39          0.015
  40          0.027
  41          0.017
  42          0.038
  43          0.045
  44          0.041
  45          0.031
  46          0.075
  47          0.100
  48          0.091
  49          0.225
  50          0.494
  51          0.184
  52          0.076
  53          0.140
  54          0.096
  55          0.104
  56          0.088
  57          0.063
  58          0.080
  59          0.088
  60          0.074
  61          0.057
  62          0.045
  63          0.035
  64          0.031
  65          0.039
  66          0.065
  67          0.135
  68          0.204
  69          0.251
  70          0.194
  71          0.109
  72          0.045
  73          0.048
  74          0.037
  75          0.067
  76          0.032
  77          0.050
  78          0.074
  79          0.087
  80          0.124
  81          0.117
  82          0.076
  83          0.117
  84          0.100
  85          0.156
  86          0.198
  87          0.200
  88          0.182
  89          0.189
  90          0.148
  91          0.133
  92          0.123
  93          0.105
  94          0.144
  95          0.154
  96          0.121
  97          0.128
  98          0.135
  99          0.133
 100          0.178
 101          0.183
 102          0.138
 103          0.133
 104          0.113
 105          0.124
 106          0.087
 107          0.116
 108          0.108
 109          0.067
 110          0.095
 111          0.168
 112          0.176
 113          0.052
 114          0.142
 115          0.125
 116          0.140
 117          0.138
 118          0.189
 119          0.179
 120          0.181
 121          0.148
 122          0.115
 123          0.094
 124          0.119
 125          0.146
 126          0.124
 127          0.048
 128          0.048
 129          0.049
 130          0.039
 131          0.027
 132          0.064
 133          0.056
 134          0.086
 135          0.037
 136          0.042
 137          0.106
 138          0.116
 139          0.120
 140          0.085
 141          0.092
 142          0.081
 143          0.100
 144          0.124
 145          0.136
 146          0.115
 147          0.123
 148          0.120
 149          0.161
 150          0.206
 151          0.300
 152          0.299
 153          0.231
 154          0.146
 155          0.099
 156          0.108
 157          0.087
 158          0.099
 159          0.106
 160          0.144
 161          0.153
 162          0.148
 163          0.108
 164          0.069
 165          0.058
 166          0.054
 167          0.048
 168          0.080
 169          0.080
 170          0.077
 171          0.079
 172          0.066
 173          0.054
 174          0.121
 175          0.179
 176          0.173
 177          0.195
 178          0.191
 179          0.122
 180          0.074
 181          0.030
 182          0.021
 183          0.040
 184          0.047
 185          0.036
 186          0.035
 187          0.100
 188          0.063
 189          0.032
 190          0.063
 191          0.091
 192          0.035
 193          0.027
 194          0.059
 195          0.102
 196          0.090
 197          0.097
 198          0.090
 199          0.213
 200          0.145
 201          0.264
 202          0.230
 203          0.115
 204          0.068
 205          0.119
 206          0.099
 207          0.075
 208          0.054
 209          0.037
 210          0.033
 211          0.053
 212          0.110
 213          0.103
 214          0.070
 215          0.033
 216          0.058
 217          0.108
 218          0.107
 219          0.088
 220          0.139
 221          0.104
 222          0.096
 223          0.066
 224          0.117
 225          0.102
 226          0.093
 227          0.099
 228          0.182
 229          0.337
 230          0.345
 231          0.280
 232          0.141
 233          0.077
 234          0.092
 235          0.094
 236          0.054
 237          0.090
 238          0.201
 239          0.324
 240          0.133
 241          0.190
 242          0.329
 243          0.420
 244          0.325
 245          0.156
 246          0.086
 247          0.110
 248          0.053
 249          0.051
 250          0.057
 251          0.076
 252          0.066
 253          0.068
 254          0.069
 255          0.032
 256          0.024
 257          0.023
 258          0.057
 259          0.051
 260          0.044
 261          0.057
 262          0.050
 263          0.150
 264          0.159
 265          0.147
 266          0.130
 267          0.094
 268          0.164
 269          0.192
 270          0.214
 271          0.186
 272          0.224
 273          0.257
 274          0.206
 275          0.149
 276          0.151
 277          0.154
 278          0.179
 279          0.184
 280          0.177
 281          0.148
 282          0.071
 283          0.019
 284          0.037
 285          0.086
 286          0.081
 287          0.064
 288          0.069
 289          0.070
 290          0.039
 291          0.087
 292          0.200
 293          0.247
 294          0.226
 295          0.343
 296          0.292
 297          0.169
 298          0.095
 299          0.074
 300          0.093
 301          0.088
 302          0.067
 303          0.166
 304          0.199
 305          0.227
 306          0.167
 307          0.094
 308          0.087
 309          0.090
 310          0.090
 311          0.056
 312          0.156
 313          0.225
 314          0.108
 315          0.087
 316          0.108
 317          0.091
 318          0.161
 319          0.105
 320          0.208
 321          0.199
 322          0.166
 323          0.146
 324          0.160
 325          0.137
 326          0.129
 327          0.080
 328          0.115
 329          0.155
 330          0.048
 331          0.051
 332          0.032
 333          0.017
 334          0.100
 335          0.081
 336          0.121
 337          0.142
 338          0.083
 339          0.036
 340          0.018
 341          0.052
 342          0.046
 343          0.042
 344          0.077
 345          0.076
 346          0.084
 347          0.052
 348          0.016
 349          0.027
 350          0.154
 351          0.211
 352          0.129
 353          0.178
 354          0.173
 355          0.122
 356          0.110
 357          0.064
 358          0.027
 359          0.006
 360          0.107
 361          0.090
 362          0.115
 363          0.095
 364          0.089
 365          0.098
 366          0.248
 367          0.299
 368          0.171
 369          0.076
 370          0.040
 371          0.065
 372          0.053
 373          0.094
 374          0.054
 375          0.065
 376          0.054
 377          0.037
 378          0.031
 379          0.043
 380          0.030
 381          0.040
 382          0.080
 383          0.063
 384          0.144
 385          0.196
 386          0.062
 387          0.105
 388          0.117
 389          0.113
 390          0.116
 391          0.129
 392          0.124
 393          0.100
 394          0.153
 395          0.169
 396          0.173
 397          0.134
 398          0.149
 399          0.160
 400          0.038
 401          0.081
 402          0.091
 403          0.077
 404          0.088
 405          0.078
 406          0.081
 407          0.053
 408          0.060
 409          0.093
 410          0.062
 411          0.092
 412          0.072
 413          0.099
 414          0.118
 415          0.099
 416          0.109
 417          0.062
 418          0.065
 419          0.078
 420          0.087
 421          0.043
 422          0.194
 423          0.167
 424          0.311
 425          0.130
 426          0.113
 427          0.132
 428          0.133
 429          0.111
 430          0.202
 431          0.243
 432          0.135
 433          0.106
 434          0.087
 435          0.112
 436          0.142
 437          0.149
 438          0.187
 439          0.172
 440          0.162
 441          0.196
 442          0.101
 443          0.069
 444          0.094
 445          0.076
 446          0.048
 447          0.057
 448          0.025
 449          0.025
 450          0.030
 451          0.054
 452          0.098
 453          0.111
 454          0.062
 455          0.065
 456          0.044
 457          0.028
 458          0.106
 459          0.089
 460          0.201
 461          0.165
 462          0.141
 463          0.094
 464          0.083
 465          0.081
 466          0.061
 467          0.061
 468          0.095
 469          0.099
 470          0.105
 471          0.092
 472          0.096
 473          0.095
 474          0.097
 475          0.265
 476          0.152
 477          0.062
 478          0.034
 479          0.044
 480          0.093
 481          0.138
 482          0.171
 483          0.086
 484          0.074
 485          0.106
 486          0.098
 487          0.047

# Average distance: 0.108 nm
