# Atom index    Distance (nm)
   1          0.215
   2          0.226
   3          0.235
   4          0.067
   5          0.040
   6          0.053
   7          0.074
   8          0.075
   9          0.083
  10          0.115
  11          0.123
  12          0.094
  13          0.126
  14          0.165
  15          0.167
  16          0.082
  17          0.031
  18          0.053
  19          0.039
  20          0.081
  21          0.138
  22          0.158
  23          0.223
  24          0.166
  25          0.088
  26          0.142
  27          0.128
  28          0.079
  29          0.032
  30          0.152
  31          0.097
  32          0.073
  33          0.063
  34          0.099
  35          0.063
  36          0.085
  37          0.097
  38          0.101
  39          0.098
  40          0.071
  41          0.059
  42          0.076
  43          0.111
  44          0.185
  45          0.243
  46          0.243
  47          0.180
  48          0.085
  49          0.220
  50          0.132
  51          0.198
  52          0.335
  53          0.209
  54          0.135
  55          0.077
  56          0.074
  57          0.057
  58          0.048
  59          0.055
  60          0.088
  61          0.072
  62          0.007
  63          0.067
  64          0.077
  65          0.146
  66          0.209
  67          0.287
  68          0.278
  69          0.259
  70          0.178
  71          0.191
  72          0.162
  73          0.116
  74          0.070
  75          0.052
  76          0.046
  77          0.035
  78          0.039
  79          0.045
  80          0.144
  81          0.197
  82          0.126
  83          0.099
  84          0.136
  85          0.146
  86          0.205
  87          0.179
  88          0.181
  89          0.162
  90          0.091
  91          0.099
  92          0.153
  93          0.115
  94          0.178
  95          0.135
  96          0.098
  97          0.108
  98          0.140
  99          0.177
 100          0.241
 101          0.272
 102          0.236
 103          0.235
 104          0.203
 105          0.122
 106          0.086
 107          0.078
 108          0.122
 109          0.118
 110          0.134
 111          0.084
 112          0.096
 113          0.070
 114          0.093
 115          0.123
 116          0.146
 117          0.148
 118          0.182
 119          0.123
 120          0.068
 121          0.085
 122          0.158
 123          0.124
 124          0.032
 125          0.069
 126          0.107
 127          0.125
 128          0.060
 129          0.060
 130          0.079
 131          0.058
 132          0.059
 133          0.038
 134          0.041
 135          0.036
 136          0.040
 137          0.043
 138          0.088
 139          0.101
 140          0.070
 141          0.091
 142          0.102
 143          0.126
 144          0.149
 145          0.142
 146          0.128
 147          0.106
 148          0.085
 149          0.107
 150          0.221
 151          0.260
 152          0.144
 153          0.255
 154          0.032
 155          0.016
 156          0.081
 157          0.069
 158          0.145
 159          0.155
 160          0.187
 161          0.072
 162          0.053
 163          0.091
 164          0.098
 165          0.078
 166          0.095
 167          0.087
 168          0.069
 169          0.069
 170          0.053
 171          0.056
 172          0.041
 173          0.038
 174          0.044
 175          0.084
 176          0.152
 177          0.198
 178          0.145
 179          0.054
 180          0.044
 181          0.076
 182          0.039
 183          0.080
 184          0.027
 185          0.075
 186          0.088
 187          0.060
 188          0.066
 189          0.060
 190          0.047
 191          0.080
 192          0.148
 193          0.150
 194          0.068
 195          0.054
 196          0.059
 197          0.059
 198          0.069
 199          0.196
 200          0.203
 201          0.131
 202          0.157
 203          0.124
 204          0.102
 205          0.059
 206          0.079
 207          0.072
 208          0.068
 209          0.065
 210          0.056
 211          0.036
 212          0.045
 213          0.068
 214          0.040
 215          0.064
 216          0.061
 217          0.048
 218          0.055
 219          0.103
 220          0.168
 221          0.216
 222          0.196
 223          0.173
 224          0.137
 225          0.061
 226          0.070
 227          0.058
 228          0.095
 229          0.116
 230          0.251
 231          0.127
 232          0.078
 233          0.031
 234          0.071
 235          0.073
 236          0.152
 237          0.192
 238          0.157
 239          0.313
 240          0.263
 241          0.147
 242          0.127
 243          0.150
 244          0.091
 245          0.065
 246          0.068
 247          0.034
 248          0.057
 249          0.073
 250          0.059
 251          0.053
 252          0.030
 253          0.038
 254          0.038
 255          0.049
 256          0.027
 257          0.062
 258          0.072
 259          0.066
 260          0.053
 261          0.107
 262          0.174
 263          0.189
 264          0.128
 265          0.124
 266          0.097
 267          0.051
 268          0.062
 269          0.082
 270          0.143
 271          0.163
 272          0.192
 273          0.090
 274          0.056
 275          0.053
 276          0.077
 277          0.103
 278          0.162
 279          0.160
 280          0.217
 281          0.229
 282          0.108
 283          0.121
 284          0.115
 285          0.104
 286          0.082
 287          0.045
 288          0.057
 289          0.088
 290          0.085
 291          0.094
 292          0.087
 293          0.083
 294          0.124
 295          0.153
 296          0.057
 297          0.095
 298          0.061
 299          0.086
 300          0.058
 301          0.085
 302          0.118
 303          0.080
 304          0.052
 305          0.036
 306          0.034
 307          0.052
 308          0.066
 309          0.075
 310          0.049
 311          0.034
 312          0.050
 313          0.144
 314          0.187
 315          0.157
 316          0.058
 317          0.072
 318          0.062
 319          0.046
 320          0.098
 321          0.097
 322          0.086
 323          0.099
 324          0.074
 325          0.097
 326          0.089
 327          0.030
 328          0.042
 329          0.048
 330          0.057
 331          0.063
 332          0.066
 333          0.074
 334          0.106
 335          0.102
 336          0.072
 337          0.050
 338          0.062
 339          0.082
 340          0.091
 341          0.067
 342          0.014
 343          0.017
 344          0.052
 345          0.070
 346          0.061
 347          0.094
 348          0.059
 349          0.058
 350          0.084
 351          0.017
 352          0.072
 353          0.130
 354          0.122
 355          0.115
 356          0.020
 357          0.045
 358          0.023
 359          0.054
 360          0.029
 361          0.081
 362          0.036
 363          0.117
 364          0.097
 365          0.037
 366          0.066
 367          0.095
 368          0.134
 369          0.101
 370          0.086
 371          0.060
 372          0.086
 373          0.075
 374          0.079
 375          0.061
 376          0.062
 377          0.044
 378          0.047
 379          0.059
 380          0.015
 381          0.026
 382          0.056
 383          0.047
 384          0.056
 385          0.078
 386          0.104
 387          0.090
 388          0.080
 389          0.074
 390          0.057
 391          0.074
 392          0.051
 393          0.051
 394          0.069
 395          0.050
 396          0.057
 397          0.061
 398          0.063
 399          0.049
 400          0.061
 401          0.056
 402          0.047
 403          0.047
 404          0.046
 405          0.058
 406          0.069
 407          0.014
 408          0.068
 409          0.050
 410          0.027
 411          0.035
 412          0.037
 413          0.045
 414          0.038
 415          0.024
 416          0.093
 417          0.073
 418          0.064
 419          0.070
 420          0.081
 421          0.116
 422          0.149
 423          0.106
 424          0.049
 425          0.034
 426          0.047
 427          0.054
 428          0.030
 429          0.013
 430          0.114
 431          0.162
 432          0.108
 433          0.093
 434          0.045
 435          0.052
 436          0.043
 437          0.027
 438          0.016
 439          0.020
 440          0.125
 441          0.043
 442          0.086
 443          0.085
 444          0.082
 445          0.083
 446          0.041
 447          0.069
 448          0.045
 449          0.061
 450          0.052
 451          0.017
 452          0.025
 453          0.023
 454          0.013
 455          0.021
 456          0.037
 457          0.065
 458          0.049
 459          0.069
 460          0.075
 461          0.094
 462          0.037
 463          0.044
 464          0.035
 465          0.045
 466          0.056
 467          0.025
 468          0.073
 469          0.094
 470          0.082
 471          0.044
 472          0.026
 473          0.016
 474          0.052
 475          0.104
 476          0.058
 477          0.048
 478          0.051
 479          0.060
 480          0.124
 481          0.092
 482          0.034
 483          0.040
 484          0.007
 485          0.067
 486          0.048
 487          0.068

# Average distance: 0.092 nm
