# Atom index    Distance (nm)
   1          0.226
   2          0.067
   3          0.098
   4          0.117
   5          0.091
   6          0.036
   7          0.012
   8          0.045
   9          0.045
  10          0.033
  11          0.040
  12          0.043
  13          0.091
  14          0.135
  15          0.093
  16          0.070
  17          0.052
  18          0.030
  19          0.017
  20          0.055
  21          0.025
  22          0.062
  23          0.073
  24          0.102
  25          0.028
  26          0.067
  27          0.042
  28          0.041
  29          0.031
  30          0.043
  31          0.044
  32          0.085
  33          0.136
  34          0.068
  35          0.082
  36          0.079
  37          0.060
  38          0.050
  39          0.019
  40          0.045
  41          0.048
  42          0.044
  43          0.078
  44          0.087
  45          0.117
  46          0.140
  47          0.102
  48          0.149
  49          0.246
  50          0.250
  51          0.102
  52          0.148
  53          0.085
  54          0.105
  55          0.025
  56          0.029
  57          0.034
  58          0.024
  59          0.034
  60          0.028
  61          0.060
  62          0.042
  63          0.053
  64          0.032
  65          0.030
  66          0.038
  67          0.053
  68          0.139
  69          0.170
  70          0.097
  71          0.112
  72          0.087
  73          0.061
  74          0.057
  75          0.079
  76          0.109
  77          0.200
  78          0.266
  79          0.183
  80          0.091
  81          0.067
  82          0.069
  83          0.059
  84          0.085
  85          0.063
  86          0.061
  87          0.129
  88          0.084
  89          0.030
  90          0.033
  91          0.115
  92          0.080
  93          0.052
  94          0.014
  95          0.055
  96          0.055
  97          0.015
  98          0.050
  99          0.060
 100          0.117
 101          0.077
 102          0.072
 103          0.046
 104          0.054
 105          0.056
 106          0.060
 107          0.068
 108          0.021
 109          0.021
 110          0.033
 111          0.064
 112          0.019
 113          0.036
 114          0.060
 115          0.041
 116          0.058
 117          0.075
 118          0.114
 119          0.044
 120          0.030
 121          0.034
 122          0.047
 123          0.039
 124          0.017
 125          0.018
 126          0.033
 127          0.041
 128          0.054
 129          0.045
 130          0.071
 131          0.064
 132          0.049
 133          0.040
 134          0.018
 135          0.021
 136          0.014
 137          0.011
 138          0.007
 139          0.014
 140          0.048
 141          0.172
 142          0.178
 143          0.081
 144          0.092
 145          0.049
 146          0.044
 147          0.022
 148          0.047
 149          0.072
 150          0.257
 151          0.301
 152          0.208
 153          0.095
 154          0.078
 155          0.038
 156          0.036
 157          0.027
 158          0.071
 159          0.036
 160          0.054
 161          0.090
 162          0.076
 163          0.089
 164          0.089
 165          0.043
 166          0.024
 167          0.044
 168          0.064
 169          0.047
 170          0.071
 171          0.024
 172          0.028
 173          0.043
 174          0.048
 175          0.080
 176          0.050
 177          0.055
 178          0.047
 179          0.070
 180          0.078
 181          0.055
 182          0.047
 183          0.009
 184          0.020
 185          0.041
 186          0.070
 187          0.105
 188          0.060
 189          0.071
 190          0.081
 191          0.075
 192          0.068
 193          0.018
 194          0.039
 195          0.044
 196          0.093
 197          0.062
 198          0.087
 199          0.095
 200          0.055
 201          0.084
 202          0.087
 203          0.049
 204          0.019
 205          0.061
 206          0.064
 207          0.031
 208          0.089
 209          0.087
 210          0.045
 211          0.107
 212          0.133
 213          0.137
 214          0.121
 215          0.106
 216          0.084
 217          0.091
 218          0.070
 219          0.064
 220          0.118
 221          0.120
 222          0.109
 223          0.077
 224          0.088
 225          0.059
 226          0.053
 227          0.077
 228          0.103
 229          0.086
 230          0.045
 231          0.099
 232          0.031
 233          0.087
 234          0.086
 235          0.121
 236          0.097
 237          0.115
 238          0.228
 239          0.133
 240          0.155
 241          0.152
 242          0.145
 243          0.238
 244          0.225
 245          0.191
 246          0.084
 247          0.121
 248          0.077
 249          0.087
 250          0.042
 251          0.046
 252          0.023
 253          0.009
 254          0.086
 255          0.046
 256          0.060
 257          0.053
 258          0.079
 259          0.044
 260          0.082
 261          0.128
 262          0.077
 263          0.043
 264          0.062
 265          0.081
 266          0.036
 267          0.051
 268          0.023
 269          0.029
 270          0.082
 271          0.086
 272          0.075
 273          0.237
 274          0.091
 275          0.077
 276          0.045
 277          0.050
 278          0.067
 279          0.094
 280          0.139
 281          0.118
 282          0.108
 283          0.060
 284          0.073
 285          0.081
 286          0.099
 287          0.034
 288          0.032
 289          0.023
 290          0.033
 291          0.061
 292          0.029
 293          0.047
 294          0.170
 295          0.090
 296          0.075
 297          0.093
 298          0.048
 299          0.039
 300          0.026
 301          0.046
 302          0.035
 303          0.052
 304          0.075
 305          0.070
 306          0.097
 307          0.096
 308          0.062
 309          0.074
 310          0.058
 311          0.045
 312          0.107
 313          0.156
 314          0.202
 315          0.114
 316          0.076
 317          0.063
 318          0.073
 319          0.077
 320          0.069
 321          0.047
 322          0.094
 323          0.103
 324          0.088
 325          0.073
 326          0.053
 327          0.095
 328          0.038
 329          0.048
 330          0.043
 331          0.052
 332          0.045
 333          0.064
 334          0.012
 335          0.043
 336          0.088
 337          0.053
 338          0.057
 339          0.038
 340          0.045
 341          0.087
 342          0.033
 343          0.082
 344          0.092
 345          0.082
 346          0.111
 347          0.048
 348          0.054
 349          0.059
 350          0.060
 351          0.058
 352          0.091
 353          0.043
 354          0.041
 355          0.051
 356          0.050
 357          0.048
 358          0.064
 359          0.051
 360          0.104
 361          0.040
 362          0.071
 363          0.108
 364          0.061
 365          0.062
 366          0.123
 367          0.110
 368          0.027
 369          0.046
 370          0.086
 371          0.091
 372          0.058
 373          0.029
 374          0.029
 375          0.097
 376          0.053
 377          0.033
 378          0.061
 379          0.031
 380          0.022
 381          0.029
 382          0.025
 383          0.038
 384          0.072
 385          0.051
 386          0.075
 387          0.075
 388          0.029
 389          0.028
 390          0.057
 391          0.070
 392          0.086
 393          0.097
 394          0.234
 395          0.193
 396          0.177
 397          0.138
 398          0.071
 399          0.042
 400          0.051
 401          0.074
 402          0.095
 403          0.089
 404          0.045
 405          0.053
 406          0.084
 407          0.062
 408          0.035
 409          0.046
 410          0.045
 411          0.054
 412          0.068
 413          0.099
 414          0.178
 415          0.072
 416          0.094
 417          0.031
 418          0.035
 419          0.022
 420          0.043
 421          0.051
 422          0.082
 423          0.113
 424          0.123
 425          0.125
 426          0.113
 427          0.075
 428          0.063
 429          0.034
 430          0.083
 431          0.159
 432          0.134
 433          0.063
 434          0.050
 435          0.032
 436          0.069
 437          0.105
 438          0.151
 439          0.126
 440          0.146
 441          0.144
 442          0.141
 443          0.103
 444          0.040
 445          0.046
 446          0.095
 447          0.050
 448          0.020
 449          0.037
 450          0.046
 451          0.033
 452          0.025
 453          0.027
 454          0.038
 455          0.019
 456          0.033
 457          0.043
 458          0.083
 459          0.091
 460          0.165
 461          0.138
 462          0.125
 463          0.090
 464          0.048
 465          0.053
 466          0.037
 467          0.072
 468          0.066
 469          0.064
 470          0.079
 471          0.068
 472          0.027
 473          0.039
 474          0.096
 475          0.107
 476          0.085
 477          0.060
 478          0.050
 479          0.066
 480          0.129
 481          0.173
 482          0.196
 483          0.131
 484          0.066
 485          0.039
 486          0.037
 487          0.040

# Average distance: 0.074 nm
