# Atom index    Distance (nm)
   1          0.124
   2          0.237
   3          0.170
   4          0.051
   5          0.075
   6          0.068
   7          0.084
   8          0.079
   9          0.044
  10          0.091
  11          0.108
  12          0.107
  13          0.203
  14          0.310
  15          0.270
  16          0.078
  17          0.055
  18          0.053
  19          0.060
  20          0.047
  21          0.120
  22          0.150
  23          0.120
  24          0.114
  25          0.103
  26          0.073
  27          0.105
  28          0.049
  29          0.100
  30          0.151
  31          0.147
  32          0.086
  33          0.104
  34          0.071
  35          0.081
  36          0.077
  37          0.068
  38          0.047
  39          0.059
  40          0.081
  41          0.119
  42          0.091
  43          0.066
  44          0.151
  45          0.273
  46          0.243
  47          0.183
  48          0.159
  49          0.237
  50          0.222
  51          0.198
  52          0.157
  53          0.113
  54          0.098
  55          0.035
  56          0.083
  57          0.081
  58          0.048
  59          0.092
  60          0.175
  61          0.129
  62          0.077
  63          0.079
  64          0.083
  65          0.087
  66          0.164
  67          0.172
  68          0.228
  69          0.230
  70          0.133
  71          0.170
  72          0.116
  73          0.102
  74          0.087
  75          0.067
  76          0.061
  77          0.108
  78          0.127
  79          0.205
  80          0.168
  81          0.175
  82          0.105
  83          0.084
  84          0.088
  85          0.121
  86          0.134
  87          0.129
  88          0.149
  89          0.188
  90          0.163
  91          0.237
  92          0.184
  93          0.124
  94          0.153
  95          0.134
  96          0.115
  97          0.110
  98          0.080
  99          0.088
 100          0.227
 101          0.232
 102          0.178
 103          0.168
 104          0.057
 105          0.064
 106          0.054
 107          0.060
 108          0.092
 109          0.115
 110          0.082
 111          0.148
 112          0.121
 113          0.052
 114          0.080
 115          0.054
 116          0.052
 117          0.021
 118          0.029
 119          0.024
 120          0.045
 121          0.093
 122          0.135
 123          0.080
 124          0.056
 125          0.115
 126          0.134
 127          0.186
 128          0.153
 129          0.060
 130          0.050
 131          0.020
 132          0.080
 133          0.029
 134          0.059
 135          0.066
 136          0.074
 137          0.080
 138          0.077
 139          0.131
 140          0.118
 141          0.120
 142          0.129
 143          0.120
 144          0.123
 145          0.082
 146          0.074
 147          0.064
 148          0.073
 149          0.102
 150          0.105
 151          0.134
 152          0.169
 153          0.179
 154          0.086
 155          0.066
 156          0.036
 157          0.055
 158          0.069
 159          0.080
 160          0.084
 161          0.084
 162          0.065
 163          0.073
 164          0.062
 165          0.021
 166          0.026
 167          0.136
 168          0.117
 169          0.096
 170          0.100
 171          0.024
 172          0.050
 173          0.096
 174          0.108
 175          0.075
 176          0.073
 177          0.081
 178          0.103
 179          0.052
 180          0.024
 181          0.051
 182          0.025
 183          0.021
 184          0.041
 185          0.098
 186          0.077
 187          0.042
 188          0.056
 189          0.047
 190          0.078
 191          0.071
 192          0.077
 193          0.024
 194          0.020
 195          0.021
 196          0.060
 197          0.058
 198          0.081
 199          0.043
 200          0.044
 201          0.021
 202          0.020
 203          0.028
 204          0.031
 205          0.046
 206          0.085
 207          0.102
 208          0.093
 209          0.096
 210          0.052
 211          0.103
 212          0.084
 213          0.062
 214          0.099
 215          0.132
 216          0.137
 217          0.108
 218          0.104
 219          0.045
 220          0.066
 221          0.175
 222          0.187
 223          0.115
 224          0.127
 225          0.146
 226          0.143
 227          0.140
 228          0.088
 229          0.091
 230          0.162
 231          0.275
 232          0.173
 233          0.094
 234          0.138
 235          0.146
 236          0.122
 237          0.178
 238          0.404
 239          0.408
 240          0.438
 241          0.384
 242          0.303
 243          0.292
 244          0.251
 245          0.177
 246          0.175
 247          0.184
 248          0.045
 249          0.069
 250          0.069
 251          0.059
 252          0.045
 253          0.066
 254          0.035
 255          0.070
 256          0.080
 257          0.066
 258          0.021
 259          0.046
 260          0.026
 261          0.054
 262          0.076
 263          0.037
 264          0.042
 265          0.032
 266          0.055
 267          0.042
 268          0.056
 269          0.071
 270          0.113
 271          0.126
 272          0.135
 273          0.159
 274          0.058
 275          0.051
 276          0.055
 277          0.031
 278          0.028
 279          0.047
 280          0.084
 281          0.110
 282          0.143
 283          0.047
 284          0.086
 285          0.066
 286          0.037
 287          0.045
 288          0.036
 289          0.028
 290          0.058
 291          0.074
 292          0.119
 293          0.098
 294          0.078
 295          0.021
 296          0.058
 297          0.091
 298          0.053
 299          0.044
 300          0.055
 301          0.025
 302          0.067
 303          0.086
 304          0.078
 305          0.090
 306          0.095
 307          0.052
 308          0.043
 309          0.065
 310          0.042
 311          0.049
 312          0.089
 313          0.132
 314          0.081
 315          0.067
 316          0.077
 317          0.059
 318          0.059
 319          0.056
 320          0.068
 321          0.047
 322          0.055
 323          0.124
 324          0.110
 325          0.083
 326          0.083
 327          0.066
 328          0.047
 329          0.020
 330          0.045
 331          0.056
 332          0.049
 333          0.087
 334          0.091
 335          0.077
 336          0.070
 337          0.042
 338          0.024
 339          0.045
 340          0.033
 341          0.028
 342          0.050
 343          0.032
 344          0.072
 345          0.113
 346          0.094
 347          0.085
 348          0.050
 349          0.052
 350          0.058
 351          0.083
 352          0.089
 353          0.072
 354          0.075
 355          0.058
 356          0.094
 357          0.090
 358          0.065
 359          0.045
 360          0.128
 361          0.040
 362          0.075
 363          0.117
 364          0.116
 365          0.076
 366          0.069
 367          0.073
 368          0.035
 369          0.019
 370          0.035
 371          0.047
 372          0.047
 373          0.058
 374          0.091
 375          0.074
 376          0.115
 377          0.103
 378          0.129
 379          0.115
 380          0.103
 381          0.057
 382          0.036
 383          0.037
 384          0.085
 385          0.056
 386          0.091
 387          0.064
 388          0.027
 389          0.005
 390          0.093
 391          0.069
 392          0.151
 393          0.293
 394          0.296
 395          0.210
 396          0.159
 397          0.043
 398          0.028
 399          0.024
 400          0.037
 401          0.041
 402          0.047
 403          0.066
 404          0.046
 405          0.055
 406          0.076
 407          0.075
 408          0.121
 409          0.164
 410          0.132
 411          0.065
 412          0.063
 413          0.137
 414          0.118
 415          0.079
 416          0.087
 417          0.073
 418          0.050
 419          0.081
 420          0.174
 421          0.139
 422          0.115
 423          0.120
 424          0.113
 425          0.125
 426          0.057
 427          0.072
 428          0.051
 429          0.025
 430          0.062
 431          0.063
 432          0.077
 433          0.042
 434          0.046
 435          0.044
 436          0.059
 437          0.082
 438          0.084
 439          0.065
 440          0.070
 441          0.017
 442          0.019
 443          0.045
 444          0.080
 445          0.075
 446          0.018
 447          0.059
 448          0.055
 449          0.100
 450          0.065
 451          0.029
 452          0.047
 453          0.043
 454          0.039
 455          0.017
 456          0.020
 457          0.028
 458          0.024
 459          0.045
 460          0.051
 461          0.065
 462          0.048
 463          0.039
 464          0.029
 465          0.030
 466          0.023
 467          0.054
 468          0.066
 469          0.059
 470          0.049
 471          0.055
 472          0.029
 473          0.040
 474          0.039
 475          0.156
 476          0.080
 477          0.088
 478          0.148
 479          0.065
 480          0.060
 481          0.068
 482          0.041
 483          0.030
 484          0.044
 485          0.047
 486          0.034
 487          0.065

# Average distance: 0.090 nm
