# Atom index    Distance (nm)
   1          0.595
   2          0.393
   3          0.194
   4          0.166
   5          0.107
   6          0.093
   7          0.128
   8          0.035
   9          0.064
  10          0.107
  11          0.108
  12          0.086
  13          0.088
  14          0.181
  15          0.183
  16          0.101
  17          0.061
  18          0.050
  19          0.073
  20          0.075
  21          0.166
  22          0.195
  23          0.141
  24          0.168
  25          0.186
  26          0.149
  27          0.121
  28          0.108
  29          0.114
  30          0.144
  31          0.061
  32          0.099
  33          0.054
  34          0.068
  35          0.099
  36          0.104
  37          0.095
  38          0.056
  39          0.060
  40          0.065
  41          0.082
  42          0.113
  43          0.125
  44          0.191
  45          0.233
  46          0.402
  47          0.473
  48          0.701
  49          0.692
  50          0.742
  51          0.597
  52          0.431
  53          0.156
  54          0.136
  55          0.114
  56          0.090
  57          0.073
  58          0.046
  59          0.078
  60          0.083
  61          0.099
  62          0.090
  63          0.050
  64          0.058
  65          0.076
  66          0.150
  67          0.219
  68          0.283
  69          0.295
  70          0.248
  71          0.182
  72          0.086
  73          0.057
  74          0.068
  75          0.072
  76          0.083
  77          0.097
  78          0.150
  79          0.228
  80          0.250
  81          0.152
  82          0.150
  83          0.094
  84          0.111
  85          0.142
  86          0.136
  87          0.093
  88          0.218
  89          0.238
  90          0.229
  91          0.244
  92          0.306
  93          0.201
  94          0.165
  95          0.171
  96          0.128
  97          0.125
  98          0.145
  99          0.141
 100          0.226
 101          0.280
 102          0.325
 103          0.280
 104          0.176
 105          0.144
 106          0.100
 107          0.096
 108          0.170
 109          0.180
 110          0.173
 111          0.193
 112          0.128
 113          0.072
 114          0.116
 115          0.166
 116          0.199
 117          0.156
 118          0.121
 119          0.093
 120          0.103
 121          0.080
 122          0.061
 123          0.081
 124          0.090
 125          0.096
 126          0.069
 127          0.167
 128          0.099
 129          0.098
 130          0.170
 131          0.117
 132          0.080
 133          0.054
 134          0.052
 135          0.032
 136          0.074
 137          0.088
 138          0.068
 139          0.084
 140          0.080
 141          0.113
 142          0.139
 143          0.119
 144          0.129
 145          0.087
 146          0.067
 147          0.070
 148          0.056
 149          0.094
 150          0.096
 151          0.090
 152          0.053
 153          0.035
 154          0.118
 155          0.143
 156          0.132
 157          0.107
 158          0.120
 159          0.119
 160          0.135
 161          0.083
 162          0.081
 163          0.094
 164          0.097
 165          0.085
 166          0.105
 167          0.052
 168          0.065
 169          0.066
 170          0.010
 171          0.034
 172          0.028
 173          0.032
 174          0.112
 175          0.199
 176          0.103
 177          0.303
 178          0.145
 179          0.155
 180          0.183
 181          0.079
 182          0.013
 183          0.027
 184          0.034
 185          0.049
 186          0.048
 187          0.065
 188          0.061
 189          0.067
 190          0.062
 191          0.118
 192          0.118
 193          0.116
 194          0.080
 195          0.064
 196          0.065
 197          0.096
 198          0.122
 199          0.119
 200          0.169
 201          0.150
 202          0.148
 203          0.136
 204          0.161
 205          0.156
 206          0.196
 207          0.124
 208          0.126
 209          0.159
 210          0.170
 211          0.165
 212          0.118
 213          0.077
 214          0.163
 215          0.121
 216          0.130
 217          0.133
 218          0.144
 219          0.136
 220          0.166
 221          0.140
 222          0.142
 223          0.118
 224          0.124
 225          0.083
 226          0.103
 227          0.068
 228          0.117
 229          0.230
 230          0.257
 231          0.082
 232          0.111
 233          0.037
 234          0.077
 235          0.091
 236          0.082
 237          0.253
 238          0.263
 239          0.259
 240          0.279
 241          0.246
 242          0.242
 243          0.254
 244          0.115
 245          0.111
 246          0.129
 247          0.152
 248          0.087
 249          0.089
 250          0.091
 251          0.095
 252          0.081
 253          0.073
 254          0.072
 255          0.119
 256          0.044
 257          0.045
 258          0.091
 259          0.117
 260          0.095
 261          0.215
 262          0.337
 263          0.407
 264          0.269
 265          0.130
 266          0.127
 267          0.077
 268          0.093
 269          0.101
 270          0.178
 271          0.142
 272          0.143
 273          0.129
 274          0.142
 275          0.066
 276          0.065
 277          0.105
 278          0.129
 279          0.082
 280          0.152
 281          0.168
 282          0.094
 283          0.091
 284          0.079
 285          0.069
 286          0.057
 287          0.078
 288          0.066
 289          0.042
 290          0.112
 291          0.104
 292          0.079
 293          0.090
 294          0.104
 295          0.111
 296          0.099
 297          0.082
 298          0.081
 299          0.073
 300          0.056
 301          0.026
 302          0.044
 303          0.082
 304          0.058
 305          0.157
 306          0.090
 307          0.085
 308          0.068
 309          0.066
 310          0.077
 311          0.100
 312          0.098
 313          0.222
 314          0.241
 315          0.105
 316          0.117
 317          0.072
 318          0.084
 319          0.046
 320          0.055
 321          0.085
 322          0.089
 323          0.078
 324          0.123
 325          0.044
 326          0.072
 327          0.060
 328          0.034
 329          0.032
 330          0.095
 331          0.157
 332          0.114
 333          0.051
 334          0.094
 335          0.125
 336          0.129
 337          0.133
 338          0.096
 339          0.031
 340          0.037
 341          0.070
 342          0.110
 343          0.109
 344          0.120
 345          0.118
 346          0.113
 347          0.061
 348          0.108
 349          0.070
 350          0.037
 351          0.074
 352          0.087
 353          0.115
 354          0.123
 355          0.083
 356          0.106
 357          0.093
 358          0.077
 359          0.070
 360          0.044
 361          0.090
 362          0.092
 363          0.038
 364          0.038
 365          0.058
 366          0.072
 367          0.065
 368          0.044
 369          0.075
 370          0.080
 371          0.082
 372          0.083
 373          0.056
 374          0.069
 375          0.056
 376          0.046
 377          0.099
 378          0.085
 379          0.066
 380          0.063
 381          0.069
 382          0.045
 383          0.043
 384          0.118
 385          0.129
 386          0.087
 387          0.070
 388          0.070
 389          0.062
 390          0.047
 391          0.075
 392          0.088
 393          0.244
 394          0.238
 395          0.179
 396          0.106
 397          0.032
 398          0.044
 399          0.086
 400          0.098
 401          0.052
 402          0.057
 403          0.045
 404          0.092
 405          0.107
 406          0.087
 407          0.087
 408          0.085
 409          0.086
 410          0.089
 411          0.082
 412          0.053
 413          0.052
 414          0.103
 415          0.108
 416          0.032
 417          0.008
 418          0.062
 419          0.051
 420          0.061
 421          0.070
 422          0.144
 423          0.205
 424          0.185
 425          0.099
 426          0.094
 427          0.038
 428          0.040
 429          0.054
 430          0.073
 431          0.143
 432          0.074
 433          0.089
 434          0.085
 435          0.046
 436          0.046
 437          0.070
 438          0.029
 439          0.078
 440          0.156
 441          0.105
 442          0.097
 443          0.065
 444          0.052
 445          0.048
 446          0.057
 447          0.078
 448          0.068
 449          0.092
 450          0.060
 451          0.058
 452          0.051
 453          0.045
 454          0.068
 455          0.088
 456          0.066
 457          0.044
 458          0.026
 459          0.048
 460          0.138
 461          0.086
 462          0.115
 463          0.091
 464          0.069
 465          0.048
 466          0.096
 467          0.183
 468          0.259
 469          0.201
 470          0.164
 471          0.061
 472          0.072
 473          0.079
 474          0.039
 475          0.113
 476          0.223
 477          0.277
 478          0.282
 479          0.252
 480          0.270
 481          0.271
 482          0.252
 483          0.106
 484          0.113
 485          0.086
 486          0.082
 487          0.060

# Average distance: 0.119 nm
