# Atom index    Distance (nm)
   1          0.171
   2          0.215
   3          0.306
   4          0.272
   5          0.171
   6          0.078
   7          0.075
   8          0.052
   9          0.064
  10          0.100
  11          0.098
  12          0.106
  13          0.108
  14          0.149
  15          0.150
  16          0.104
  17          0.072
  18          0.074
  19          0.088
  20          0.123
  21          0.236
  22          0.293
  23          0.352
  24          0.195
  25          0.154
  26          0.192
  27          0.124
  28          0.101
  29          0.070
  30          0.092
  31          0.092
  32          0.064
  33          0.091
  34          0.095
  35          0.063
  36          0.115
  37          0.136
  38          0.112
  39          0.088
  40          0.044
  41          0.053
  42          0.136
  43          0.169
  44          0.217
  45          0.344
  46          0.374
  47          0.266
  48          0.179
  49          0.126
  50          0.363
  51          0.529
  52          0.543
  53          0.168
  54          0.036
  55          0.057
  56          0.050
  57          0.084
  58          0.105
  59          0.184
  60          0.186
  61          0.178
  62          0.154
  63          0.107
  64          0.128
  65          0.147
  66          0.121
  67          0.060
  68          0.076
  69          0.105
  70          0.175
  71          0.238
  72          0.208
  73          0.210
  74          0.138
  75          0.212
  76          0.184
  77          0.238
  78          0.252
  79          0.185
  80          0.154
  81          0.094
  82          0.066
  83          0.069
  84          0.043
  85          0.095
  86          0.097
  87          0.090
  88          0.123
  89          0.195
  90          0.206
  91          0.214
  92          0.160
  93          0.107
  94          0.067
  95          0.093
  96          0.096
  97          0.091
  98          0.107
  99          0.083
 100          0.036
 101          0.094
 102          0.086
 103          0.105
 104          0.172
 105          0.146
 106          0.143
 107          0.181
 108          0.254
 109          0.181
 110          0.173
 111          0.258
 112          0.272
 113          0.237
 114          0.185
 115          0.183
 116          0.232
 117          0.244
 118          0.202
 119          0.295
 120          0.212
 121          0.241
 122          0.238
 123          0.227
 124          0.188
 125          0.169
 126          0.100
 127          0.109
 128          0.035
 129          0.040
 130          0.026
 131          0.039
 132          0.077
 133          0.090
 134          0.044
 135          0.073
 136          0.077
 137          0.076
 138          0.074
 139          0.107
 140          0.105
 141          0.118
 142          0.197
 143          0.214
 144          0.196
 145          0.126
 146          0.110
 147          0.072
 148          0.062
 149          0.148
 150          0.223
 151          0.227
 152          0.188
 153          0.135
 154          0.114
 155          0.106
 156          0.085
 157          0.087
 158          0.103
 159          0.097
 160          0.116
 161          0.071
 162          0.047
 163          0.062
 164          0.061
 165          0.111
 166          0.131
 167          0.083
 168          0.050
 169          0.080
 170          0.072
 171          0.065
 172          0.084
 173          0.107
 174          0.111
 175          0.082
 176          0.088
 177          0.096
 178          0.106
 179          0.089
 180          0.035
 181          0.072
 182          0.060
 183          0.085
 184          0.068
 185          0.074
 186          0.084
 187          0.127
 188          0.083
 189          0.087
 190          0.062
 191          0.108
 192          0.097
 193          0.141
 194          0.125
 195          0.141
 196          0.115
 197          0.137
 198          0.190
 199          0.117
 200          0.137
 201          0.182
 202          0.111
 203          0.098
 204          0.079
 205          0.060
 206          0.085
 207          0.081
 208          0.083
 209          0.109
 210          0.129
 211          0.109
 212          0.127
 213          0.163
 214          0.162
 215          0.146
 216          0.105
 217          0.105
 218          0.110
 219          0.124
 220          0.161
 221          0.105
 222          0.110
 223          0.155
 224          0.148
 225          0.150
 226          0.128
 227          0.162
 228          0.202
 229          0.298
 230          0.360
 231          0.272
 232          0.193
 233          0.167
 234          0.123
 235          0.120
 236          0.131
 237          0.108
 238          0.161
 239          0.205
 240          0.208
 241          0.083
 242          0.226
 243          0.267
 244          0.127
 245          0.128
 246          0.172
 247          0.178
 248          0.122
 249          0.105
 250          0.125
 251          0.087
 252          0.079
 253          0.062
 254          0.064
 255          0.108
 256          0.118
 257          0.085
 258          0.073
 259          0.041
 260          0.033
 261          0.039
 262          0.057
 263          0.048
 264          0.042
 265          0.032
 266          0.043
 267          0.064
 268          0.119
 269          0.142
 270          0.144
 271          0.202
 272          0.293
 273          0.167
 274          0.120
 275          0.084
 276          0.081
 277          0.055
 278          0.055
 279          0.086
 280          0.095
 281          0.114
 282          0.097
 283          0.118
 284          0.152
 285          0.126
 286          0.098
 287          0.082
 288          0.078
 289          0.075
 290          0.077
 291          0.114
 292          0.111
 293          0.059
 294          0.056
 295          0.079
 296          0.056
 297          0.086
 298          0.105
 299          0.115
 300          0.102
 301          0.086
 302          0.070
 303          0.060
 304          0.096
 305          0.085
 306          0.071
 307          0.059
 308          0.088
 309          0.113
 310          0.140
 311          0.108
 312          0.108
 313          0.116
 314          0.129
 315          0.068
 316          0.062
 317          0.066
 318          0.102
 319          0.172
 320          0.156
 321          0.155
 322          0.161
 323          0.168
 324          0.144
 325          0.135
 326          0.152
 327          0.144
 328          0.134
 329          0.127
 330          0.098
 331          0.091
 332          0.053
 333          0.052
 334          0.066
 335          0.057
 336          0.053
 337          0.057
 338          0.030
 339          0.036
 340          0.062
 341          0.064
 342          0.102
 343          0.092
 344          0.124
 345          0.107
 346          0.124
 347          0.094
 348          0.035
 349          0.051
 350          0.056
 351          0.179
 352          0.200
 353          0.155
 354          0.156
 355          0.122
 356          0.098
 357          0.065
 358          0.050
 359          0.021
 360          0.015
 361          0.020
 362          0.043
 363          0.061
 364          0.121
 365          0.144
 366          0.133
 367          0.120
 368          0.062
 369          0.055
 370          0.062
 371          0.023
 372          0.059
 373          0.110
 374          0.087
 375          0.076
 376          0.067
 377          0.074
 378          0.076
 379          0.091
 380          0.061
 381          0.098
 382          0.080
 383          0.050
 384          0.092
 385          0.071
 386          0.089
 387          0.082
 388          0.098
 389          0.150
 390          0.164
 391          0.175
 392          0.149
 393          0.201
 394          0.317
 395          0.242
 396          0.199
 397          0.186
 398          0.188
 399          0.175
 400          0.178
 401          0.114
 402          0.088
 403          0.077
 404          0.048
 405          0.064
 406          0.134
 407          0.114
 408          0.099
 409          0.061
 410          0.045
 411          0.053
 412          0.038
 413          0.118
 414          0.072
 415          0.059
 416          0.104
 417          0.049
 418          0.044
 419          0.071
 420          0.065
 421          0.128
 422          0.091
 423          0.069
 424          0.149
 425          0.178
 426          0.146
 427          0.099
 428          0.086
 429          0.105
 430          0.174
 431          0.194
 432          0.220
 433          0.158
 434          0.155
 435          0.136
 436          0.153
 437          0.144
 438          0.188
 439          0.163
 440          0.206
 441          0.201
 442          0.228
 443          0.163
 444          0.096
 445          0.057
 446          0.068
 447          0.059
 448          0.059
 449          0.044
 450          0.040
 451          0.066
 452          0.093
 453          0.063
 454          0.065
 455          0.044
 456          0.040
 457          0.042
 458          0.092
 459          0.159
 460          0.162
 461          0.163
 462          0.144
 463          0.075
 464          0.075
 465          0.115
 466          0.138
 467          0.219
 468          0.244
 469          0.244
 470          0.198
 471          0.208
 472          0.163
 473          0.134
 474          0.134
 475          0.164
 476          0.092
 477          0.112
 478          0.119
 479          0.072
 480          0.084
 481          0.067
 482          0.097
 483          0.071
 484          0.095
 485          0.093
 486          0.069
 487          0.090

# Average distance: 0.122 nm
