# Atom index    Distance (nm)
   1          0.319
   2          0.123
   3          0.126
   4          0.181
   5          0.171
   6          0.072
   7          0.050
   8          0.039
   9          0.068
  10          0.040
  11          0.052
  12          0.053
  13          0.121
  14          0.112
  15          0.054
  16          0.019
  17          0.031
  18          0.020
  19          0.035
  20          0.105
  21          0.073
  22          0.170
  23          0.209
  24          0.228
  25          0.170
  26          0.136
  27          0.081
  28          0.096
  29          0.099
  30          0.144
  31          0.039
  32          0.054
  33          0.061
  34          0.074
  35          0.055
  36          0.031
  37          0.022
  38          0.021
  39          0.045
  40          0.067
  41          0.052
  42          0.052
  43          0.061
  44          0.078
  45          0.081
  46          0.037
  47          0.085
  48          0.088
  49          0.078
  50          0.112
  51          0.096
  52          0.061
  53          0.099
  54          0.089
  55          0.047
  56          0.039
  57          0.073
  58          0.082
  59          0.114
  60          0.106
  61          0.073
  62          0.062
  63          0.045
  64          0.092
  65          0.104
  66          0.132
  67          0.141
  68          0.119
  69          0.143
  70          0.190
  71          0.174
  72          0.132
  73          0.112
  74          0.086
  75          0.134
  76          0.097
  77          0.125
  78          0.140
  79          0.087
  80          0.146
  81          0.192
  82          0.177
  83          0.143
  84          0.135
  85          0.092
  86          0.100
  87          0.101
  88          0.085
  89          0.106
  90          0.112
  91          0.125
  92          0.088
  93          0.050
  94          0.069
  95          0.069
  96          0.096
  97          0.076
  98          0.063
  99          0.058
 100          0.089
 101          0.099
 102          0.105
 103          0.104
 104          0.048
 105          0.068
 106          0.072
 107          0.130
 108          0.141
 109          0.103
 110          0.097
 111          0.117
 112          0.111
 113          0.122
 114          0.049
 115          0.063
 116          0.111
 117          0.078
 118          0.081
 119          0.119
 120          0.103
 121          0.074
 122          0.057
 123          0.071
 124          0.085
 125          0.058
 126          0.073
 127          0.045
 128          0.028
 129          0.042
 130          0.011
 131          0.017
 132          0.051
 133          0.045
 134          0.053
 135          0.041
 136          0.049
 137          0.044
 138          0.056
 139          0.047
 140          0.027
 141          0.035
 142          0.054
 143          0.049
 144          0.056
 145          0.098
 146          0.095
 147          0.063
 148          0.036
 149          0.066
 150          0.116
 151          0.062
 152          0.085
 153          0.101
 154          0.083
 155          0.074
 156          0.079
 157          0.039
 158          0.087
 159          0.092
 160          0.113
 161          0.125
 162          0.160
 163          0.131
 164          0.076
 165          0.059
 166          0.048
 167          0.045
 168          0.026
 169          0.051
 170          0.043
 171          0.040
 172          0.018
 173          0.029
 174          0.073
 175          0.091
 176          0.068
 177          0.110
 178          0.046
 179          0.048
 180          0.019
 181          0.049
 182          0.076
 183          0.049
 184          0.025
 185          0.014
 186          0.032
 187          0.057
 188          0.048
 189          0.082
 190          0.103
 191          0.071
 192          0.065
 193          0.048
 194          0.074
 195          0.058
 196          0.041
 197          0.063
 198          0.082
 199          0.072
 200          0.069
 201          0.187
 202          0.183
 203          0.103
 204          0.077
 205          0.088
 206          0.059
 207          0.060
 208          0.036
 209          0.035
 210          0.032
 211          0.078
 212          0.102
 213          0.144
 214          0.057
 215          0.022
 216          0.019
 217          0.054
 218          0.037
 219          0.040
 220          0.060
 221          0.048
 222          0.083
 223          0.034
 224          0.027
 225          0.022
 226          0.023
 227          0.049
 228          0.032
 229          0.029
 230          0.035
 231          0.052
 232          0.054
 233          0.048
 234          0.069
 235          0.077
 236          0.032
 237          0.038
 238          0.030
 239          0.085
 240          0.082
 241          0.019
 242          0.040
 243          0.043
 244          0.062
 245          0.048
 246          0.054
 247          0.028
 248          0.037
 249          0.051
 250          0.114
 251          0.084
 252          0.039
 253          0.028
 254          0.061
 255          0.091
 256          0.065
 257          0.058
 258          0.055
 259          0.046
 260          0.072
 261          0.064
 262          0.112
 263          0.122
 264          0.072
 265          0.090
 266          0.068
 267          0.052
 268          0.060
 269          0.057
 270          0.019
 271          0.038
 272          0.058
 273          0.042
 274          0.061
 275          0.058
 276          0.064
 277          0.095
 278          0.085
 279          0.079
 280          0.078
 281          0.062
 282          0.053
 283          0.030
 284          0.055
 285          0.047
 286          0.035
 287          0.055
 288          0.058
 289          0.035
 290          0.044
 291          0.092
 292          0.060
 293          0.055
 294          0.062
 295          0.042
 296          0.046
 297          0.023
 298          0.048
 299          0.122
 300          0.138
 301          0.060
 302          0.043
 303          0.062
 304          0.110
 305          0.123
 306          0.096
 307          0.071
 308          0.039
 309          0.040
 310          0.037
 311          0.044
 312          0.048
 313          0.083
 314          0.065
 315          0.092
 316          0.069
 317          0.053
 318          0.067
 319          0.070
 320          0.112
 321          0.115
 322          0.118
 323          0.115
 324          0.132
 325          0.079
 326          0.011
 327          0.029
 328          0.045
 329          0.073
 330          0.059
 331          0.086
 332          0.152
 333          0.192
 334          0.117
 335          0.124
 336          0.105
 337          0.093
 338          0.114
 339          0.135
 340          0.135
 341          0.118
 342          0.079
 343          0.043
 344          0.056
 345          0.102
 346          0.060
 347          0.071
 348          0.084
 349          0.076
 350          0.080
 351          0.109
 352          0.127
 353          0.116
 354          0.106
 355          0.107
 356          0.088
 357          0.092
 358          0.073
 359          0.072
 360          0.099
 361          0.128
 362          0.185
 363          0.154
 364          0.163
 365          0.141
 366          0.101
 367          0.141
 368          0.141
 369          0.120
 370          0.055
 371          0.074
 372          0.077
 373          0.042
 374          0.042
 375          0.048
 376          0.029
 377          0.058
 378          0.033
 379          0.029
 380          0.027
 381          0.049
 382          0.079
 383          0.084
 384          0.079
 385          0.099
 386          0.091
 387          0.092
 388          0.064
 389          0.061
 390          0.068
 391          0.089
 392          0.140
 393          0.271
 394          0.362
 395          0.193
 396          0.131
 397          0.068
 398          0.058
 399          0.106
 400          0.114
 401          0.120
 402          0.117
 403          0.095
 404          0.090
 405          0.108
 406          0.092
 407          0.044
 408          0.061
 409          0.090
 410          0.074
 411          0.068
 412          0.055
 413          0.055
 414          0.119
 415          0.137
 416          0.082
 417          0.082
 418          0.089
 419          0.081
 420          0.072
 421          0.087
 422          0.137
 423          0.173
 424          0.159
 425          0.099
 426          0.058
 427          0.042
 428          0.026
 429          0.030
 430          0.119
 431          0.213
 432          0.137
 433          0.078
 434          0.062
 435          0.058
 436          0.041
 437          0.044
 438          0.073
 439          0.019
 440          0.048
 441          0.079
 442          0.096
 443          0.078
 444          0.080
 445          0.098
 446          0.113
 447          0.098
 448          0.159
 449          0.137
 450          0.120
 451          0.126
 452          0.121
 453          0.092
 454          0.119
 455          0.115
 456          0.100
 457          0.081
 458          0.100
 459          0.051
 460          0.022
 461          0.064
 462          0.032
 463          0.034
 464          0.030
 465          0.073
 466          0.086
 467          0.095
 468          0.137
 469          0.123
 470          0.108
 471          0.082
 472          0.048
 473          0.029
 474          0.043
 475          0.040
 476          0.053
 477          0.074
 478          0.092
 479          0.092
 480          0.091
 481          0.117
 482          0.093
 483          0.052
 484          0.054
 485          0.052
 486          0.086
 487          0.042

# Average distance: 0.080 nm
