# Atom index    Distance (nm)
   1          0.200
   2          0.051
   3          0.040
   4          0.058
   5          0.007
   6          0.049
   7          0.032
   8          0.018
   9          0.059
  10          0.049
  11          0.056
  12          0.039
  13          0.041
  14          0.032
  15          0.038
  16          0.027
  17          0.046
  18          0.053
  19          0.047
  20          0.090
  21          0.057
  22          0.082
  23          0.133
  24          0.168
  25          0.109
  26          0.066
  27          0.082
  28          0.013
  29          0.020
  30          0.044
  31          0.021
  32          0.064
  33          0.034
  34          0.036
  35          0.029
  36          0.064
  37          0.067
  38          0.062
  39          0.029
  40          0.042
  41          0.043
  42          0.043
  43          0.069
  44          0.067
  45          0.053
  46          0.027
  47          0.097
  48          0.149
  49          0.218
  50          0.170
  51          0.130
  52          0.121
  53          0.116
  54          0.056
  55          0.053
  56          0.104
  57          0.106
  58          0.103
  59          0.106
  60          0.141
  61          0.116
  62          0.110
  63          0.087
  64          0.063
  65          0.081
  66          0.080
  67          0.220
  68          0.312
  69          0.182
  70          0.099
  71          0.107
  72          0.075
  73          0.069
  74          0.095
  75          0.114
  76          0.107
  77          0.065
  78          0.085
  79          0.055
  80          0.082
  81          0.084
  82          0.054
  83          0.042
  84          0.055
  85          0.057
  86          0.106
  87          0.108
  88          0.100
  89          0.135
  90          0.142
  91          0.155
  92          0.172
  93          0.131
  94          0.132
  95          0.066
  96          0.064
  97          0.073
  98          0.075
  99          0.046
 100          0.103
 101          0.072
 102          0.043
 103          0.078
 104          0.056
 105          0.060
 106          0.044
 107          0.013
 108          0.070
 109          0.086
 110          0.092
 111          0.107
 112          0.083
 113          0.048
 114          0.049
 115          0.030
 116          0.045
 117          0.091
 118          0.123
 119          0.084
 120          0.082
 121          0.045
 122          0.047
 123          0.063
 124          0.062
 125          0.066
 126          0.057
 127          0.048
 128          0.021
 129          0.027
 130          0.041
 131          0.023
 132          0.060
 133          0.054
 134          0.029
 135          0.010
 136          0.016
 137          0.032
 138          0.056
 139          0.078
 140          0.062
 141          0.089
 142          0.047
 143          0.039
 144          0.067
 145          0.078
 146          0.053
 147          0.055
 148          0.077
 149          0.091
 150          0.122
 151          0.071
 152          0.042
 153          0.049
 154          0.090
 155          0.070
 156          0.044
 157          0.051
 158          0.070
 159          0.057
 160          0.096
 161          0.080
 162          0.094
 163          0.115
 164          0.098
 165          0.102
 166          0.095
 167          0.082
 168          0.070
 169          0.067
 170          0.103
 171          0.053
 172          0.031
 173          0.054
 174          0.052
 175          0.028
 176          0.063
 177          0.144
 178          0.065
 179          0.103
 180          0.077
 181          0.041
 182          0.058
 183          0.028
 184          0.026
 185          0.046
 186          0.054
 187          0.040
 188          0.072
 189          0.062
 190          0.052
 191          0.034
 192          0.053
 193          0.104
 194          0.070
 195          0.041
 196          0.053
 197          0.050
 198          0.114
 199          0.190
 200          0.134
 201          0.178
 202          0.180
 203          0.089
 204          0.075
 205          0.103
 206          0.065
 207          0.073
 208          0.073
 209          0.065
 210          0.039
 211          0.035
 212          0.090
 213          0.065
 214          0.072
 215          0.046
 216          0.069
 217          0.090
 218          0.067
 219          0.049
 220          0.037
 221          0.077
 222          0.103
 223          0.085
 224          0.102
 225          0.033
 226          0.065
 227          0.027
 228          0.102
 229          0.065
 230          0.084
 231          0.022
 232          0.038
 233          0.045
 234          0.047
 235          0.052
 236          0.021
 237          0.068
 238          0.158
 239          0.111
 240          0.084
 241          0.137
 242          0.173
 243          0.142
 244          0.083
 245          0.055
 246          0.078
 247          0.066
 248          0.094
 249          0.054
 250          0.049
 251          0.040
 252          0.062
 253          0.065
 254          0.040
 255          0.074
 256          0.069
 257          0.052
 258          0.054
 259          0.045
 260          0.052
 261          0.098
 262          0.155
 263          0.144
 264          0.176
 265          0.115
 266          0.072
 267          0.021
 268          0.031
 269          0.036
 270          0.067
 271          0.126
 272          0.188
 273          0.122
 274          0.148
 275          0.067
 276          0.057
 277          0.044
 278          0.036
 279          0.094
 280          0.161
 281          0.152
 282          0.109
 283          0.108
 284          0.083
 285          0.040
 286          0.025
 287          0.045
 288          0.024
 289          0.058
 290          0.085
 291          0.052
 292          0.090
 293          0.064
 294          0.094
 295          0.167
 296          0.081
 297          0.031
 298          0.076
 299          0.090
 300          0.086
 301          0.048
 302          0.054
 303          0.048
 304          0.067
 305          0.088
 306          0.094
 307          0.108
 308          0.068
 309          0.063
 310          0.073
 311          0.075
 312          0.135
 313          0.243
 314          0.118
 315          0.090
 316          0.047
 317          0.064
 318          0.067
 319          0.099
 320          0.156
 321          0.164
 322          0.172
 323          0.161
 324          0.141
 325          0.109
 326          0.115
 327          0.064
 328          0.078
 329          0.074
 330          0.061
 331          0.023
 332          0.062
 333          0.049
 334          0.019
 335          0.053
 336          0.090
 337          0.102
 338          0.054
 339          0.041
 340          0.035
 341          0.028
 342          0.026
 343          0.040
 344          0.060
 345          0.110
 346          0.112
 347          0.086
 348          0.075
 349          0.099
 350          0.083
 351          0.089
 352          0.046
 353          0.054
 354          0.027
 355          0.046
 356          0.059
 357          0.093
 358          0.089
 359          0.091
 360          0.105
 361          0.094
 362          0.094
 363          0.083
 364          0.079
 365          0.066
 366          0.074
 367          0.043
 368          0.053
 369          0.042
 370          0.053
 371          0.069
 372          0.042
 373          0.048
 374          0.062
 375          0.056
 376          0.029
 377          0.064
 378          0.035
 379          0.043
 380          0.009
 381          0.033
 382          0.022
 383          0.045
 384          0.043
 385          0.119
 386          0.104
 387          0.030
 388          0.038
 389          0.037
 390          0.060
 391          0.066
 392          0.065
 393          0.116
 394          0.064
 395          0.060
 396          0.059
 397          0.056
 398          0.060
 399          0.058
 400          0.051
 401          0.055
 402          0.035
 403          0.052
 404          0.039
 405          0.041
 406          0.061
 407          0.071
 408          0.083
 409          0.074
 410          0.084
 411          0.033
 412          0.041
 413          0.042
 414          0.055
 415          0.065
 416          0.070
 417          0.038
 418          0.017
 419          0.034
 420          0.038
 421          0.042
 422          0.106
 423          0.159
 424          0.130
 425          0.088
 426          0.071
 427          0.071
 428          0.084
 429          0.086
 430          0.035
 431          0.127
 432          0.137
 433          0.081
 434          0.099
 435          0.061
 436          0.064
 437          0.090
 438          0.092
 439          0.057
 440          0.037
 441          0.065
 442          0.110
 443          0.076
 444          0.038
 445          0.050
 446          0.072
 447          0.065
 448          0.056
 449          0.067
 450          0.056
 451          0.059
 452          0.072
 453          0.060
 454          0.041
 455          0.021
 456          0.015
 457          0.055
 458          0.052
 459          0.058
 460          0.059
 461          0.068
 462          0.082
 463          0.083
 464          0.049
 465          0.039
 466          0.055
 467          0.065
 468          0.123
 469          0.107
 470          0.095
 471          0.084
 472          0.071
 473          0.034
 474          0.069
 475          0.092
 476          0.066
 477          0.045
 478          0.031
 479          0.037
 480          0.082
 481          0.092
 482          0.089
 483          0.040
 484          0.035
 485          0.034
 486          0.038
 487          0.068

# Average distance: 0.073 nm
