# Atom index    Distance (nm)
   1          0.265
   2          0.141
   3          0.096
   4          0.076
   5          0.114
   6          0.071
   7          0.074
   8          0.066
   9          0.083
  10          0.044
  11          0.065
  12          0.071
  13          0.099
  14          0.112
  15          0.076
  16          0.083
  17          0.090
  18          0.080
  19          0.069
  20          0.065
  21          0.187
  22          0.153
  23          0.142
  24          0.107
  25          0.114
  26          0.115
  27          0.122
  28          0.102
  29          0.095
  30          0.085
  31          0.104
  32          0.101
  33          0.115
  34          0.112
  35          0.080
  36          0.153
  37          0.184
  38          0.088
  39          0.043
  40          0.108
  41          0.096
  42          0.066
  43          0.086
  44          0.107
  45          0.208
  46          0.180
  47          0.087
  48          0.148
  49          0.111
  50          0.097
  51          0.119
  52          0.163
  53          0.121
  54          0.092
  55          0.060
  56          0.093
  57          0.108
  58          0.079
  59          0.101
  60          0.094
  61          0.087
  62          0.108
  63          0.081
  64          0.051
  65          0.034
  66          0.050
  67          0.017
  68          0.140
  69          0.135
  70          0.147
  71          0.061
  72          0.044
  73          0.042
  74          0.051
  75          0.058
  76          0.053
  77          0.027
  78          0.075
  79          0.128
  80          0.154
  81          0.141
  82          0.064
  83          0.040
  84          0.032
  85          0.108
  86          0.095
  87          0.068
  88          0.059
  89          0.072
  90          0.092
  91          0.069
  92          0.189
  93          0.154
  94          0.092
  95          0.043
  96          0.065
  97          0.058
  98          0.080
  99          0.082
 100          0.094
 101          0.104
 102          0.038
 103          0.061
 104          0.108
 105          0.087
 106          0.060
 107          0.078
 108          0.121
 109          0.113
 110          0.069
 111          0.098
 112          0.100
 113          0.087
 114          0.099
 115          0.091
 116          0.082
 117          0.082
 118          0.093
 119          0.055
 120          0.046
 121          0.032
 122          0.044
 123          0.037
 124          0.044
 125          0.086
 126          0.046
 127          0.049
 128          0.053
 129          0.039
 130          0.035
 131          0.045
 132          0.069
 133          0.083
 134          0.076
 135          0.060
 136          0.067
 137          0.067
 138          0.026
 139          0.028
 140          0.047
 141          0.060
 142          0.063
 143          0.063
 144          0.063
 145          0.066
 146          0.056
 147          0.052
 148          0.059
 149          0.082
 150          0.082
 151          0.154
 152          0.237
 153          0.157
 154          0.112
 155          0.096
 156          0.074
 157          0.062
 158          0.065
 159          0.080
 160          0.040
 161          0.032
 162          0.023
 163          0.045
 164          0.027
 165          0.078
 166          0.062
 167          0.043
 168          0.062
 169          0.056
 170          0.046
 171          0.061
 172          0.071
 173          0.075
 174          0.050
 175          0.031
 176          0.043
 177          0.080
 178          0.027
 179          0.035
 180          0.044
 181          0.028
 182          0.026
 183          0.058
 184          0.056
 185          0.042
 186          0.059
 187          0.059
 188          0.045
 189          0.037
 190          0.046
 191          0.070
 192          0.032
 193          0.041
 194          0.053
 195          0.034
 196          0.064
 197          0.064
 198          0.082
 199          0.074
 200          0.078
 201          0.049
 202          0.057
 203          0.095
 204          0.061
 205          0.072
 206          0.049
 207          0.090
 208          0.097
 209          0.070
 210          0.107
 211          0.050
 212          0.062
 213          0.188
 214          0.026
 215          0.028
 216          0.089
 217          0.044
 218          0.124
 219          0.128
 220          0.093
 221          0.201
 222          0.185
 223          0.150
 224          0.043
 225          0.064
 226          0.044
 227          0.021
 228          0.029
 229          0.049
 230          0.096
 231          0.095
 232          0.087
 233          0.098
 234          0.069
 235          0.054
 236          0.094
 237          0.321
 238          0.101
 239          0.110
 240          0.110
 241          0.091
 242          0.084
 243          0.033
 244          0.078
 245          0.074
 246          0.036
 247          0.027
 248          0.037
 249          0.061
 250          0.052
 251          0.095
 252          0.075
 253          0.028
 254          0.046
 255          0.049
 256          0.024
 257          0.058
 258          0.031
 259          0.036
 260          0.037
 261          0.022
 262          0.049
 263          0.041
 264          0.026
 265          0.057
 266          0.032
 267          0.037
 268          0.042
 269          0.074
 270          0.159
 271          0.229
 272          0.162
 273          0.131
 274          0.030
 275          0.042
 276          0.042
 277          0.046
 278          0.090
 279          0.096
 280          0.110
 281          0.107
 282          0.090
 283          0.065
 284          0.052
 285          0.078
 286          0.074
 287          0.056
 288          0.041
 289          0.074
 290          0.115
 291          0.111
 292          0.120
 293          0.074
 294          0.041
 295          0.018
 296          0.017
 297          0.093
 298          0.127
 299          0.096
 300          0.107
 301          0.036
 302          0.056
 303          0.081
 304          0.112
 305          0.042
 306          0.054
 307          0.047
 308          0.042
 309          0.035
 310          0.062
 311          0.067
 312          0.105
 313          0.152
 314          0.174
 315          0.174
 316          0.085
 317          0.056
 318          0.050
 319          0.045
 320          0.109
 321          0.021
 322          0.117
 323          0.140
 324          0.168
 325          0.178
 326          0.172
 327          0.122
 328          0.082
 329          0.120
 330          0.129
 331          0.062
 332          0.075
 333          0.046
 334          0.069
 335          0.088
 336          0.105
 337          0.101
 338          0.093
 339          0.087
 340          0.081
 341          0.076
 342          0.068
 343          0.122
 344          0.149
 345          0.151
 346          0.206
 347          0.113
 348          0.099
 349          0.103
 350          0.073
 351          0.076
 352          0.082
 353          0.087
 354          0.076
 355          0.095
 356          0.076
 357          0.090
 358          0.074
 359          0.066
 360          0.109
 361          0.134
 362          0.203
 363          0.099
 364          0.040
 365          0.124
 366          0.041
 367          0.038
 368          0.070
 369          0.067
 370          0.047
 371          0.059
 372          0.034
 373          0.021
 374          0.063
 375          0.044
 376          0.047
 377          0.043
 378          0.029
 379          0.053
 380          0.059
 381          0.046
 382          0.068
 383          0.072
 384          0.072
 385          0.069
 386          0.138
 387          0.156
 388          0.107
 389          0.104
 390          0.073
 391          0.061
 392          0.077
 393          0.102
 394          0.201
 395          0.150
 396          0.073
 397          0.082
 398          0.082
 399          0.102
 400          0.066
 401          0.083
 402          0.089
 403          0.110
 404          0.099
 405          0.109
 406          0.062
 407          0.078
 408          0.030
 409          0.053
 410          0.034
 411          0.059
 412          0.021
 413          0.082
 414          0.130
 415          0.123
 416          0.072
 417          0.043
 418          0.053
 419          0.062
 420          0.057
 421          0.065
 422          0.099
 423          0.065
 424          0.063
 425          0.067
 426          0.053
 427          0.078
 428          0.075
 429          0.074
 430          0.124
 431          0.238
 432          0.172
 433          0.164
 434          0.118
 435          0.108
 436          0.061
 437          0.057
 438          0.061
 439          0.067
 440          0.076
 441          0.076
 442          0.146
 443          0.093
 444          0.022
 445          0.040
 446          0.024
 447          0.034
 448          0.034
 449          0.021
 450          0.062
 451          0.038
 452          0.137
 453          0.138
 454          0.096
 455          0.032
 456          0.046
 457          0.075
 458          0.057
 459          0.156
 460          0.180
 461          0.134
 462          0.109
 463          0.086
 464          0.067
 465          0.122
 466          0.099
 467          0.114
 468          0.100
 469          0.143
 470          0.113
 471          0.156
 472          0.119
 473          0.099
 474          0.079
 475          0.027
 476          0.024
 477          0.113
 478          0.059
 479          0.062
 480          0.137
 481          0.265
 482          0.252
 483          0.133
 484          0.080
 485          0.068
 486          0.046
 487          0.049

# Average distance: 0.083 nm
