# Atom index    Distance (nm)
   1          0.291
   2          0.176
   3          0.105
   4          0.121
   5          0.160
   6          0.090
   7          0.045
   8          0.046
   9          0.071
  10          0.075
  11          0.071
  12          0.056
  13          0.103
  14          0.192
  15          0.171
  16          0.088
  17          0.036
  18          0.030
  19          0.022
  20          0.035
  21          0.075
  22          0.164
  23          0.168
  24          0.114
  25          0.070
  26          0.095
  27          0.060
  28          0.036
  29          0.036
  30          0.061
  31          0.049
  32          0.091
  33          0.054
  34          0.057
  35          0.032
  36          0.067
  37          0.057
  38          0.035
  39          0.012
  40          0.028
  41          0.097
  42          0.198
  43          0.125
  44          0.151
  45          0.126
  46          0.088
  47          0.184
  48          0.460
  49          0.258
  50          0.174
  51          0.124
  52          0.410
  53          0.260
  54          0.154
  55          0.103
  56          0.105
  57          0.070
  58          0.071
  59          0.115
  60          0.142
  61          0.154
  62          0.101
  63          0.071
  64          0.092
  65          0.161
  66          0.186
  67          0.149
  68          0.262
  69          0.264
  70          0.252
  71          0.239
  72          0.170
  73          0.166
  74          0.052
  75          0.027
  76          0.064
  77          0.067
  78          0.092
  79          0.145
  80          0.131
  81          0.286
  82          0.234
  83          0.110
  84          0.143
  85          0.202
  86          0.235
  87          0.199
  88          0.183
  89          0.181
  90          0.212
  91          0.281
  92          0.232
  93          0.196
  94          0.162
  95          0.137
  96          0.113
  97          0.143
  98          0.179
  99          0.186
 100          0.240
 101          0.254
 102          0.252
 103          0.234
 104          0.208
 105          0.165
 106          0.108
 107          0.080
 108          0.095
 109          0.124
 110          0.045
 111          0.138
 112          0.143
 113          0.091
 114          0.127
 115          0.155
 116          0.249
 117          0.224
 118          0.200
 119          0.216
 120          0.186
 121          0.156
 122          0.113
 123          0.080
 124          0.086
 125          0.086
 126          0.090
 127          0.066
 128          0.049
 129          0.023
 130          0.041
 131          0.069
 132          0.096
 133          0.106
 134          0.047
 135          0.063
 136          0.067
 137          0.097
 138          0.101
 139          0.085
 140          0.072
 141          0.113
 142          0.129
 143          0.119
 144          0.093
 145          0.091
 146          0.066
 147          0.075
 148          0.054
 149          0.062
 150          0.089
 151          0.129
 152          0.218
 153          0.275
 154          0.210
 155          0.109
 156          0.186
 157          0.103
 158          0.092
 159          0.080
 160          0.082
 161          0.044
 162          0.048
 163          0.033
 164          0.037
 165          0.065
 166          0.060
 167          0.062
 168          0.045
 169          0.056
 170          0.066
 171          0.098
 172          0.089
 173          0.152
 174          0.128
 175          0.084
 176          0.086
 177          0.114
 178          0.137
 179          0.086
 180          0.092
 181          0.106
 182          0.104
 183          0.114
 184          0.074
 185          0.069
 186          0.052
 187          0.112
 188          0.098
 189          0.097
 190          0.059
 191          0.127
 192          0.143
 193          0.149
 194          0.117
 195          0.107
 196          0.095
 197          0.098
 198          0.104
 199          0.112
 200          0.092
 201          0.090
 202          0.100
 203          0.076
 204          0.147
 205          0.165
 206          0.117
 207          0.133
 208          0.135
 209          0.085
 210          0.173
 211          0.156
 212          0.231
 213          0.270
 214          0.131
 215          0.105
 216          0.072
 217          0.088
 218          0.098
 219          0.195
 220          0.123
 221          0.187
 222          0.137
 223          0.051
 224          0.080
 225          0.075
 226          0.079
 227          0.083
 228          0.036
 229          0.082
 230          0.208
 231          0.119
 232          0.100
 233          0.134
 234          0.114
 235          0.053
 236          0.028
 237          0.103
 238          0.128
 239          0.053
 240          0.045
 241          0.037
 242          0.076
 243          0.105
 244          0.109
 245          0.076
 246          0.062
 247          0.078
 248          0.071
 249          0.056
 250          0.093
 251          0.132
 252          0.103
 253          0.114
 254          0.121
 255          0.112
 256          0.054
 257          0.063
 258          0.058
 259          0.009
 260          0.069
 261          0.088
 262          0.147
 263          0.166
 264          0.163
 265          0.106
 266          0.069
 267          0.043
 268          0.053
 269          0.035
 270          0.102
 271          0.110
 272          0.057
 273          0.030
 274          0.015
 275          0.021
 276          0.078
 277          0.065
 278          0.097
 279          0.082
 280          0.099
 281          0.040
 282          0.087
 283          0.086
 284          0.085
 285          0.062
 286          0.068
 287          0.054
 288          0.057
 289          0.070
 290          0.056
 291          0.034
 292          0.036
 293          0.071
 294          0.139
 295          0.089
 296          0.144
 297          0.118
 298          0.099
 299          0.043
 300          0.033
 301          0.031
 302          0.075
 303          0.069
 304          0.076
 305          0.086
 306          0.113
 307          0.077
 308          0.076
 309          0.055
 310          0.034
 311          0.096
 312          0.095
 313          0.052
 314          0.042
 315          0.054
 316          0.044
 317          0.027
 318          0.014
 319          0.078
 320          0.092
 321          0.063
 322          0.035
 323          0.126
 324          0.116
 325          0.085
 326          0.076
 327          0.072
 328          0.086
 329          0.055
 330          0.053
 331          0.095
 332          0.052
 333          0.053
 334          0.050
 335          0.033
 336          0.055
 337          0.053
 338          0.028
 339          0.047
 340          0.048
 341          0.056
 342          0.061
 343          0.079
 344          0.108
 345          0.072
 346          0.108
 347          0.107
 348          0.088
 349          0.078
 350          0.065
 351          0.087
 352          0.125
 353          0.151
 354          0.154
 355          0.104
 356          0.109
 357          0.059
 358          0.105
 359          0.080
 360          0.155
 361          0.080
 362          0.087
 363          0.089
 364          0.075
 365          0.141
 366          0.115
 367          0.111
 368          0.068
 369          0.076
 370          0.082
 371          0.078
 372          0.047
 373          0.052
 374          0.062
 375          0.052
 376          0.039
 377          0.040
 378          0.023
 379          0.088
 380          0.052
 381          0.056
 382          0.101
 383          0.134
 384          0.116
 385          0.082
 386          0.081
 387          0.049
 388          0.064
 389          0.102
 390          0.106
 391          0.156
 392          0.424
 393          0.448
 394          0.551
 395          0.188
 396          0.109
 397          0.089
 398          0.085
 399          0.097
 400          0.097
 401          0.083
 402          0.036
 403          0.026
 404          0.029
 405          0.027
 406          0.055
 407          0.088
 408          0.071
 409          0.090
 410          0.070
 411          0.066
 412          0.053
 413          0.131
 414          0.065
 415          0.093
 416          0.085
 417          0.031
 418          0.080
 419          0.108
 420          0.143
 421          0.098
 422          0.109
 423          0.118
 424          0.123
 425          0.093
 426          0.108
 427          0.100
 428          0.109
 429          0.053
 430          0.173
 431          0.221
 432          0.154
 433          0.097
 434          0.062
 435          0.093
 436          0.068
 437          0.057
 438          0.008
 439          0.076
 440          0.133
 441          0.197
 442          0.193
 443          0.197
 444          0.142
 445          0.097
 446          0.067
 447          0.069
 448          0.043
 449          0.045
 450          0.050
 451          0.035
 452          0.099
 453          0.069
 454          0.016
 455          0.051
 456          0.079
 457          0.036
 458          0.071
 459          0.093
 460          0.099
 461          0.045
 462          0.108
 463          0.052
 464          0.060
 465          0.084
 466          0.159
 467          0.155
 468          0.105
 469          0.081
 470          0.069
 471          0.025
 472          0.066
 473          0.031
 474          0.042
 475          0.214
 476          0.187
 477          0.161
 478          0.174
 479          0.143
 480          0.187
 481          0.306
 482          0.263
 483          0.082
 484          0.113
 485          0.071
 486          0.091
 487          0.118

# Average distance: 0.105 nm
