# Atom index    Distance (nm)
   1          0.516
   2          0.125
   3          0.205
   4          0.097
   5          0.129
   6          0.124
   7          0.068
   8          0.079
   9          0.083
  10          0.083
  11          0.102
  12          0.121
  13          0.155
  14          0.099
  15          0.148
  16          0.090
  17          0.065
  18          0.043
  19          0.049
  20          0.034
  21          0.134
  22          0.069
  23          0.127
  24          0.156
  25          0.050
  26          0.108
  27          0.027
  28          0.077
  29          0.068
  30          0.241
  31          0.055
  32          0.045
  33          0.045
  34          0.038
  35          0.071
  36          0.090
  37          0.028
  38          0.037
  39          0.065
  40          0.081
  41          0.070
  42          0.082
  43          0.133
  44          0.074
  45          0.111
  46          0.066
  47          0.090
  48          0.111
  49          0.087
  50          0.075
  51          0.079
  52          0.140
  53          0.142
  54          0.112
  55          0.111
  56          0.061
  57          0.086
  58          0.083
  59          0.078
  60          0.051
  61          0.064
  62          0.071
  63          0.096
  64          0.096
  65          0.099
  66          0.072
  67          0.088
  68          0.236
  69          0.158
  70          0.137
  71          0.080
  72          0.072
  73          0.087
  74          0.106
  75          0.102
  76          0.084
  77          0.076
  78          0.077
  79          0.092
  80          0.078
  81          0.122
  82          0.062
  83          0.063
  84          0.099
  85          0.167
  86          0.200
  87          0.208
  88          0.040
  89          0.035
  90          0.053
  91          0.094
  92          0.070
  93          0.070
  94          0.050
  95          0.063
  96          0.078
  97          0.117
  98          0.102
  99          0.100
 100          0.135
 101          0.133
 102          0.099
 103          0.066
 104          0.029
 105          0.034
 106          0.119
 107          0.138
 108          0.096
 109          0.083
 110          0.096
 111          0.110
 112          0.064
 113          0.019
 114          0.024
 115          0.060
 116          0.078
 117          0.039
 118          0.064
 119          0.087
 120          0.107
 121          0.221
 122          0.235
 123          0.291
 124          0.199
 125          0.087
 126          0.079
 127          0.121
 128          0.073
 129          0.067
 130          0.056
 131          0.090
 132          0.069
 133          0.036
 134          0.069
 135          0.061
 136          0.034
 137          0.047
 138          0.089
 139          0.114
 140          0.120
 141          0.175
 142          0.163
 143          0.212
 144          0.220
 145          0.133
 146          0.093
 147          0.049
 148          0.024
 149          0.024
 150          0.064
 151          0.054
 152          0.062
 153          0.061
 154          0.069
 155          0.017
 156          0.069
 157          0.056
 158          0.060
 159          0.083
 160          0.080
 161          0.085
 162          0.127
 163          0.088
 164          0.066
 165          0.029
 166          0.047
 167          0.023
 168          0.057
 169          0.060
 170          0.037
 171          0.024
 172          0.015
 173          0.033
 174          0.074
 175          0.114
 176          0.119
 177          0.059
 178          0.073
 179          0.082
 180          0.052
 181          0.050
 182          0.041
 183          0.040
 184          0.024
 185          0.035
 186          0.049
 187          0.050
 188          0.042
 189          0.066
 190          0.070
 191          0.090
 192          0.073
 193          0.131
 194          0.092
 195          0.053
 196          0.053
 197          0.040
 198          0.091
 199          0.160
 200          0.042
 201          0.007
 202          0.052
 203          0.095
 204          0.056
 205          0.054
 206          0.050
 207          0.068
 208          0.065
 209          0.030
 210          0.037
 211          0.085
 212          0.171
 213          0.235
 214          0.098
 215          0.073
 216          0.049
 217          0.060
 218          0.065
 219          0.069
 220          0.069
 221          0.027
 222          0.104
 223          0.124
 224          0.120
 225          0.102
 226          0.074
 227          0.062
 228          0.315
 229          0.446
 230          0.517
 231          0.394
 232          0.183
 233          0.077
 234          0.078
 235          0.117
 236          0.030
 237          0.157
 238          0.201
 239          0.327
 240          0.463
 241          0.191
 242          0.150
 243          0.144
 244          0.120
 245          0.054
 246          0.079
 247          0.091
 248          0.086
 249          0.117
 250          0.132
 251          0.078
 252          0.047
 253          0.020
 254          0.076
 255          0.050
 256          0.043
 257          0.062
 258          0.062
 259          0.045
 260          0.058
 261          0.075
 262          0.103
 263          0.088
 264          0.087
 265          0.043
 266          0.037
 267          0.051
 268          0.060
 269          0.014
 270          0.139
 271          0.333
 272          0.264
 273          0.091
 274          0.052
 275          0.046
 276          0.045
 277          0.061
 278          0.071
 279          0.031
 280          0.065
 281          0.086
 282          0.098
 283          0.111
 284          0.056
 285          0.030
 286          0.067
 287          0.065
 288          0.058
 289          0.068
 290          0.084
 291          0.091
 292          0.034
 293          0.075
 294          0.034
 295          0.037
 296          0.098
 297          0.089
 298          0.051
 299          0.072
 300          0.087
 301          0.064
 302          0.015
 303          0.023
 304          0.058
 305          0.085
 306          0.091
 307          0.090
 308          0.071
 309          0.034
 310          0.013
 311          0.032
 312          0.015
 313          0.119
 314          0.091
 315          0.038
 316          0.060
 317          0.048
 318          0.036
 319          0.033
 320          0.051
 321          0.047
 322          0.108
 323          0.124
 324          0.135
 325          0.061
 326          0.049
 327          0.085
 328          0.096
 329          0.095
 330          0.074
 331          0.066
 332          0.066
 333          0.060
 334          0.072
 335          0.078
 336          0.076
 337          0.078
 338          0.077
 339          0.041
 340          0.093
 341          0.076
 342          0.053
 343          0.065
 344          0.074
 345          0.042
 346          0.049
 347          0.020
 348          0.019
 349          0.055
 350          0.047
 351          0.083
 352          0.128
 353          0.174
 354          0.179
 355          0.064
 356          0.057
 357          0.055
 358          0.025
 359          0.039
 360          0.070
 361          0.036
 362          0.048
 363          0.044
 364          0.088
 365          0.083
 366          0.098
 367          0.088
 368          0.072
 369          0.087
 370          0.086
 371          0.116
 372          0.109
 373          0.084
 374          0.048
 375          0.029
 376          0.020
 377          0.015
 378          0.015
 379          0.021
 380          0.004
 381          0.023
 382          0.024
 383          0.027
 384          0.076
 385          0.044
 386          0.157
 387          0.038
 388          0.022
 389          0.018
 390          0.119
 391          0.168
 392          0.194
 393          0.154
 394          0.137
 395          0.198
 396          0.127
 397          0.096
 398          0.079
 399          0.071
 400          0.056
 401          0.073
 402          0.054
 403          0.071
 404          0.095
 405          0.113
 406          0.078
 407          0.036
 408          0.036
 409          0.026
 410          0.045
 411          0.052
 412          0.064
 413          0.135
 414          0.153
 415          0.139
 416          0.127
 417          0.097
 418          0.108
 419          0.107
 420          0.093
 421          0.102
 422          0.173
 423          0.190
 424          0.046
 425          0.116
 426          0.148
 427          0.090
 428          0.054
 429          0.089
 430          0.345
 431          0.155
 432          0.074
 433          0.135
 434          0.108
 435          0.087
 436          0.193
 437          0.124
 438          0.184
 439          0.223
 440          0.125
 441          0.199
 442          0.219
 443          0.105
 444          0.088
 445          0.042
 446          0.047
 447          0.065
 448          0.075
 449          0.073
 450          0.063
 451          0.048
 452          0.045
 453          0.056
 454          0.034
 455          0.054
 456          0.067
 457          0.065
 458          0.079
 459          0.106
 460          0.173
 461          0.186
 462          0.102
 463          0.093
 464          0.022
 465          0.023
 466          0.040
 467          0.142
 468          0.258
 469          0.094
 470          0.166
 471          0.104
 472          0.040
 473          0.068
 474          0.125
 475          0.181
 476          0.122
 477          0.178
 478          0.121
 479          0.106
 480          0.059
 481          0.064
 482          0.063
 483          0.069
 484          0.046
 485          0.061
 486          0.061
 487          0.023

# Average distance: 0.090 nm
