# Atom index    Distance (nm)
   1          0.177
   2          0.103
   3          0.052
   4          0.089
   5          0.126
   6          0.071
   7          0.084
   8          0.058
   9          0.120
  10          0.105
  11          0.128
  12          0.138
  13          0.138
  14          0.189
  15          0.178
  16          0.125
  17          0.110
  18          0.080
  19          0.142
  20          0.132
  21          0.181
  22          0.168
  23          0.100
  24          0.101
  25          0.115
  26          0.099
  27          0.128
  28          0.129
  29          0.163
  30          0.187
  31          0.208
  32          0.229
  33          0.153
  34          0.134
  35          0.113
  36          0.144
  37          0.177
  38          0.132
  39          0.113
  40          0.061
  41          0.057
  42          0.055
  43          0.083
  44          0.085
  45          0.087
  46          0.090
  47          0.069
  48          0.058
  49          0.061
  50          0.021
  51          0.014
  52          0.053
  53          0.038
  54          0.044
  55          0.034
  56          0.031
  57          0.066
  58          0.100
  59          0.070
  60          0.204
  61          0.150
  62          0.136
  63          0.107
  64          0.085
  65          0.051
  66          0.093
  67          0.149
  68          0.187
  69          0.217
  70          0.161
  71          0.163
  72          0.109
  73          0.104
  74          0.136
  75          0.130
  76          0.098
  77          0.182
  78          0.173
  79          0.126
  80          0.135
  81          0.140
  82          0.099
  83          0.029
  84          0.044
  85          0.041
  86          0.053
  87          0.068
  88          0.060
  89          0.062
  90          0.078
  91          0.106
  92          0.084
  93          0.030
  94          0.102
  95          0.067
  96          0.074
  97          0.049
  98          0.080
  99          0.069
 100          0.101
 101          0.108
 102          0.143
 103          0.164
 104          0.157
 105          0.085
 106          0.076
 107          0.122
 108          0.195
 109          0.215
 110          0.205
 111          0.205
 112          0.168
 113          0.129
 114          0.125
 115          0.124
 116          0.176
 117          0.181
 118          0.176
 119          0.137
 120          0.127
 121          0.128
 122          0.130
 123          0.115
 124          0.117
 125          0.107
 126          0.099
 127          0.095
 128          0.101
 129          0.103
 130          0.075
 131          0.028
 132          0.042
 133          0.082
 134          0.076
 135          0.070
 136          0.075
 137          0.058
 138          0.081
 139          0.098
 140          0.067
 141          0.087
 142          0.082
 143          0.069
 144          0.088
 145          0.071
 146          0.028
 147          0.061
 148          0.071
 149          0.061
 150          0.106
 151          0.144
 152          0.170
 153          0.157
 154          0.066
 155          0.082
 156          0.035
 157          0.053
 158          0.100
 159          0.096
 160          0.075
 161          0.059
 162          0.054
 163          0.061
 164          0.031
 165          0.043
 166          0.050
 167          0.039
 168          0.050
 169          0.034
 170          0.050
 171          0.044
 172          0.071
 173          0.062
 174          0.058
 175          0.041
 176          0.046
 177          0.054
 178          0.047
 179          0.049
 180          0.056
 181          0.084
 182          0.090
 183          0.093
 184          0.111
 185          0.137
 186          0.136
 187          0.090
 188          0.066
 189          0.048
 190          0.046
 191          0.035
 192          0.051
 193          0.076
 194          0.059
 195          0.061
 196          0.053
 197          0.023
 198          0.044
 199          0.084
 200          0.100
 201          0.110
 202          0.076
 203          0.033
 204          0.075
 205          0.024
 206          0.042
 207          0.039
 208          0.034
 209          0.105
 210          0.141
 211          0.118
 212          0.069
 213          0.067
 214          0.102
 215          0.129
 216          0.133
 217          0.089
 218          0.078
 219          0.126
 220          0.243
 221          0.298
 222          0.261
 223          0.118
 224          0.056
 225          0.085
 226          0.069
 227          0.049
 228          0.042
 229          0.041
 230          0.060
 231          0.166
 232          0.114
 233          0.054
 234          0.038
 235          0.080
 236          0.072
 237          0.133
 238          0.210
 239          0.303
 240          0.213
 241          0.095
 242          0.096
 243          0.046
 244          0.058
 245          0.055
 246          0.101
 247          0.102
 248          0.083
 249          0.090
 250          0.079
 251          0.086
 252          0.060
 253          0.022
 254          0.034
 255          0.031
 256          0.025
 257          0.007
 258          0.016
 259          0.068
 260          0.066
 261          0.058
 262          0.053
 263          0.063
 264          0.075
 265          0.058
 266          0.070
 267          0.076
 268          0.090
 269          0.071
 270          0.064
 271          0.083
 272          0.100
 273          0.093
 274          0.076
 275          0.045
 276          0.051
 277          0.071
 278          0.075
 279          0.081
 280          0.032
 281          0.043
 282          0.061
 283          0.051
 284          0.056
 285          0.059
 286          0.038
 287          0.048
 288          0.019
 289          0.028
 290          0.037
 291          0.082
 292          0.054
 293          0.065
 294          0.116
 295          0.140
 296          0.090
 297          0.061
 298          0.041
 299          0.051
 300          0.071
 301          0.034
 302          0.105
 303          0.101
 304          0.030
 305          0.088
 306          0.060
 307          0.065
 308          0.058
 309          0.039
 310          0.046
 311          0.072
 312          0.134
 313          0.078
 314          0.055
 315          0.083
 316          0.111
 317          0.092
 318          0.118
 319          0.055
 320          0.102
 321          0.116
 322          0.132
 323          0.112
 324          0.103
 325          0.113
 326          0.097
 327          0.106
 328          0.052
 329          0.064
 330          0.091
 331          0.069
 332          0.082
 333          0.076
 334          0.093
 335          0.055
 336          0.069
 337          0.063
 338          0.042
 339          0.056
 340          0.056
 341          0.071
 342          0.086
 343          0.067
 344          0.084
 345          0.094
 346          0.033
 347          0.088
 348          0.094
 349          0.090
 350          0.051
 351          0.030
 352          0.064
 353          0.109
 354          0.112
 355          0.037
 356          0.019
 357          0.050
 358          0.090
 359          0.104
 360          0.104
 361          0.090
 362          0.132
 363          0.134
 364          0.100
 365          0.086
 366          0.083
 367          0.107
 368          0.094
 369          0.063
 370          0.092
 371          0.071
 372          0.056
 373          0.065
 374          0.031
 375          0.041
 376          0.015
 377          0.048
 378          0.050
 379          0.053
 380          0.062
 381          0.066
 382          0.081
 383          0.075
 384          0.087
 385          0.094
 386          0.123
 387          0.162
 388          0.175
 389          0.224
 390          0.173
 391          0.065
 392          0.084
 393          0.079
 394          0.087
 395          0.089
 396          0.064
 397          0.099
 398          0.084
 399          0.104
 400          0.109
 401          0.163
 402          0.181
 403          0.254
 404          0.117
 405          0.078
 406          0.068
 407          0.083
 408          0.046
 409          0.049
 410          0.007
 411          0.038
 412          0.082
 413          0.110
 414          0.195
 415          0.210
 416          0.114
 417          0.088
 418          0.018
 419          0.033
 420          0.041
 421          0.090
 422          0.101
 423          0.074
 424          0.042
 425          0.040
 426          0.039
 427          0.032
 428          0.068
 429          0.089
 430          0.098
 431          0.172
 432          0.104
 433          0.117
 434          0.111
 435          0.112
 436          0.068
 437          0.034
 438          0.062
 439          0.056
 440          0.078
 441          0.078
 442          0.080
 443          0.080
 444          0.063
 445          0.064
 446          0.079
 447          0.080
 448          0.051
 449          0.052
 450          0.040
 451          0.029
 452          0.066
 453          0.032
 454          0.027
 455          0.084
 456          0.069
 457          0.073
 458          0.059
 459          0.070
 460          0.082
 461          0.099
 462          0.044
 463          0.057
 464          0.054
 465          0.045
 466          0.158
 467          0.204
 468          0.340
 469          0.454
 470          0.353
 471          0.236
 472          0.095
 473          0.105
 474          0.069
 475          0.078
 476          0.077
 477          0.095
 478          0.101
 479          0.100
 480          0.144
 481          0.125
 482          0.119
 483          0.115
 484          0.073
 485          0.066
 486          0.052
 487          0.050

# Average distance: 0.091 nm
