# Atom index    Distance (nm)
   1          0.167
   2          0.101
   3          0.088
   4          0.049
   5          0.104
   6          0.040
   7          0.064
   8          0.071
   9          0.062
  10          0.052
  11          0.061
  12          0.066
  13          0.086
  14          0.084
  15          0.062
  16          0.036
  17          0.037
  18          0.063
  19          0.086
  20          0.093
  21          0.145
  22          0.153
  23          0.153
  24          0.157
  25          0.149
  26          0.113
  27          0.091
  28          0.084
  29          0.135
  30          0.151
  31          0.091
  32          0.083
  33          0.061
  34          0.048
  35          0.073
  36          0.075
  37          0.043
  38          0.051
  39          0.083
  40          0.070
  41          0.062
  42          0.067
  43          0.141
  44          0.121
  45          0.098
  46          0.248
  47          0.315
  48          0.423
  49          0.203
  50          0.127
  51          0.118
  52          0.049
  53          0.038
  54          0.067
  55          0.053
  56          0.089
  57          0.082
  58          0.073
  59          0.129
  60          0.179
  61          0.163
  62          0.142
  63          0.098
  64          0.087
  65          0.095
  66          0.130
  67          0.186
  68          0.236
  69          0.246
  70          0.187
  71          0.198
  72          0.138
  73          0.125
  74          0.091
  75          0.078
  76          0.149
  77          0.148
  78          0.164
  79          0.122
  80          0.146
  81          0.121
  82          0.123
  83          0.121
  84          0.072
  85          0.055
  86          0.044
  87          0.034
  88          0.080
  89          0.085
  90          0.080
  91          0.115
  92          0.117
  93          0.103
  94          0.081
  95          0.086
  96          0.071
  97          0.042
  98          0.014
  99          0.033
 100          0.057
 101          0.115
 102          0.192
 103          0.162
 104          0.146
 105          0.068
 106          0.062
 107          0.084
 108          0.204
 109          0.177
 110          0.167
 111          0.195
 112          0.185
 113          0.143
 114          0.140
 115          0.142
 116          0.142
 117          0.087
 118          0.102
 119          0.119
 120          0.036
 121          0.060
 122          0.057
 123          0.089
 124          0.081
 125          0.098
 126          0.049
 127          0.115
 128          0.086
 129          0.062
 130          0.069
 131          0.078
 132          0.145
 133          0.062
 134          0.049
 135          0.026
 136          0.059
 137          0.058
 138          0.040
 139          0.111
 140          0.100
 141          0.072
 142          0.112
 143          0.130
 144          0.156
 145          0.160
 146          0.108
 147          0.057
 148          0.063
 149          0.068
 150          0.124
 151          0.093
 152          0.155
 153          0.270
 154          0.182
 155          0.144
 156          0.108
 157          0.030
 158          0.071
 159          0.085
 160          0.115
 161          0.088
 162          0.098
 163          0.062
 164          0.070
 165          0.047
 166          0.033
 167          0.038
 168          0.056
 169          0.073
 170          0.051
 171          0.033
 172          0.023
 173          0.060
 174          0.087
 175          0.118
 176          0.102
 177          0.157
 178          0.150
 179          0.130
 180          0.147
 181          0.113
 182          0.103
 183          0.076
 184          0.045
 185          0.069
 186          0.086
 187          0.090
 188          0.124
 189          0.119
 190          0.104
 191          0.054
 192          0.053
 193          0.053
 194          0.053
 195          0.090
 196          0.131
 197          0.160
 198          0.254
 199          0.358
 200          0.322
 201          0.314
 202          0.260
 203          0.116
 204          0.116
 205          0.169
 206          0.147
 207          0.171
 208          0.134
 209          0.165
 210          0.187
 211          0.157
 212          0.106
 213          0.124
 214          0.169
 215          0.159
 216          0.164
 217          0.158
 218          0.160
 219          0.156
 220          0.186
 221          0.181
 222          0.184
 223          0.151
 224          0.151
 225          0.138
 226          0.123
 227          0.130
 228          0.191
 229          0.194
 230          0.232
 231          0.156
 232          0.134
 233          0.114
 234          0.093
 235          0.062
 236          0.085
 237          0.088
 238          0.208
 239          0.100
 240          0.232
 241          0.036
 242          0.203
 243          0.282
 244          0.162
 245          0.126
 246          0.122
 247          0.182
 248          0.156
 249          0.108
 250          0.095
 251          0.057
 252          0.057
 253          0.039
 254          0.042
 255          0.048
 256          0.051
 257          0.049
 258          0.081
 259          0.097
 260          0.077
 261          0.083
 262          0.112
 263          0.101
 264          0.104
 265          0.130
 266          0.083
 267          0.069
 268          0.054
 269          0.038
 270          0.043
 271          0.056
 272          0.057
 273          0.043
 274          0.018
 275          0.015
 276          0.046
 277          0.090
 278          0.083
 279          0.085
 280          0.149
 281          0.092
 282          0.079
 283          0.049
 284          0.027
 285          0.026
 286          0.027
 287          0.003
 288          0.063
 289          0.045
 290          0.058
 291          0.066
 292          0.060
 293          0.076
 294          0.136
 295          0.225
 296          0.235
 297          0.133
 298          0.096
 299          0.086
 300          0.081
 301          0.071
 302          0.055
 303          0.022
 304          0.064
 305          0.084
 306          0.093
 307          0.073
 308          0.034
 309          0.064
 310          0.071
 311          0.091
 312          0.112
 313          0.060
 314          0.077
 315          0.047
 316          0.050
 317          0.029
 318          0.035
 319          0.041
 320          0.077
 321          0.063
 322          0.037
 323          0.086
 324          0.117
 325          0.109
 326          0.156
 327          0.064
 328          0.068
 329          0.093
 330          0.131
 331          0.152
 332          0.083
 333          0.057
 334          0.145
 335          0.128
 336          0.094
 337          0.083
 338          0.047
 339          0.058
 340          0.050
 341          0.057
 342          0.049
 343          0.032
 344          0.038
 345          0.081
 346          0.065
 347          0.081
 348          0.075
 349          0.069
 350          0.088
 351          0.062
 352          0.012
 353          0.017
 354          0.038
 355          0.045
 356          0.026
 357          0.024
 358          0.037
 359          0.045
 360          0.071
 361          0.106
 362          0.112
 363          0.104
 364          0.106
 365          0.093
 366          0.094
 367          0.062
 368          0.046
 369          0.051
 370          0.041
 371          0.052
 372          0.077
 373          0.050
 374          0.034
 375          0.094
 376          0.065
 377          0.053
 378          0.052
 379          0.045
 380          0.055
 381          0.057
 382          0.054
 383          0.083
 384          0.056
 385          0.175
 386          0.188
 387          0.072
 388          0.079
 389          0.079
 390          0.116
 391          0.066
 392          0.166
 393          0.425
 394          0.104
 395          0.070
 396          0.092
 397          0.096
 398          0.096
 399          0.058
 400          0.203
 401          0.177
 402          0.105
 403          0.088
 404          0.102
 405          0.063
 406          0.052
 407          0.055
 408          0.076
 409          0.009
 410          0.035
 411          0.038
 412          0.040
 413          0.127
 414          0.072
 415          0.024
 416          0.044
 417          0.068
 418          0.063
 419          0.019
 420          0.041
 421          0.067
 422          0.160
 423          0.156
 424          0.151
 425          0.085
 426          0.065
 427          0.028
 428          0.038
 429          0.082
 430          0.198
 431          0.294
 432          0.241
 433          0.147
 434          0.054
 435          0.058
 436          0.032
 437          0.031
 438          0.061
 439          0.059
 440          0.097
 441          0.094
 442          0.086
 443          0.085
 444          0.064
 445          0.085
 446          0.095
 447          0.068
 448          0.057
 449          0.027
 450          0.015
 451          0.086
 452          0.156
 453          0.144
 454          0.089
 455          0.077
 456          0.061
 457          0.052
 458          0.047
 459          0.085
 460          0.114
 461          0.105
 462          0.097
 463          0.082
 464          0.103
 465          0.125
 466          0.136
 467          0.277
 468          0.391
 469          0.097
 470          0.331
 471          0.175
 472          0.133
 473          0.111
 474          0.093
 475          0.117
 476          0.117
 477          0.102
 478          0.054
 479          0.047
 480          0.059
 481          0.065
 482          0.115
 483          0.023
 484          0.071
 485          0.117
 486          0.108
 487          0.106

# Average distance: 0.100 nm
