# Atom index    Distance (nm)
   1          0.091
   2          0.097
   3          0.178
   4          0.119
   5          0.089
   6          0.104
   7          0.123
   8          0.081
   9          0.134
  10          0.065
  11          0.052
  12          0.063
  13          0.184
  14          0.155
  15          0.114
  16          0.085
  17          0.050
  18          0.073
  19          0.091
  20          0.091
  21          0.164
  22          0.180
  23          0.136
  24          0.066
  25          0.143
  26          0.132
  27          0.102
  28          0.055
  29          0.067
  30          0.036
  31          0.057
  32          0.043
  33          0.086
  34          0.094
  35          0.150
  36          0.110
  37          0.123
  38          0.107
  39          0.080
  40          0.100
  41          0.101
  42          0.150
  43          0.133
  44          0.129
  45          0.120
  46          0.182
  47          0.178
  48          0.207
  49          0.213
  50          0.260
  51          0.207
  52          0.341
  53          0.255
  54          0.214
  55          0.123
  56          0.166
  57          0.163
  58          0.139
  59          0.200
  60          0.172
  61          0.217
  62          0.098
  63          0.106
  64          0.093
  65          0.069
  66          0.083
  67          0.130
  68          0.188
  69          0.188
  70          0.187
  71          0.098
  72          0.051
  73          0.069
  74          0.064
  75          0.097
  76          0.102
  77          0.085
  78          0.102
  79          0.184
  80          0.255
  81          0.245
  82          0.148
  83          0.097
  84          0.158
  85          0.131
  86          0.160
  87          0.145
  88          0.101
  89          0.061
  90          0.096
  91          0.110
  92          0.097
  93          0.023
  94          0.059
  95          0.077
  96          0.060
  97          0.106
  98          0.138
  99          0.134
 100          0.157
 101          0.174
 102          0.209
 103          0.211
 104          0.152
 105          0.070
 106          0.041
 107          0.096
 108          0.125
 109          0.167
 110          0.185
 111          0.186
 112          0.214
 113          0.129
 114          0.108
 115          0.097
 116          0.113
 117          0.080
 118          0.180
 119          0.102
 120          0.108
 121          0.088
 122          0.106
 123          0.109
 124          0.055
 125          0.065
 126          0.070
 127          0.054
 128          0.086
 129          0.081
 130          0.101
 131          0.093
 132          0.052
 133          0.027
 134          0.029
 135          0.037
 136          0.074
 137          0.060
 138          0.079
 139          0.048
 140          0.041
 141          0.061
 142          0.079
 143          0.048
 144          0.017
 145          0.036
 146          0.064
 147          0.087
 148          0.083
 149          0.086
 150          0.116
 151          0.098
 152          0.085
 153          0.203
 154          0.303
 155          0.347
 156          0.184
 157          0.079
 158          0.111
 159          0.083
 160          0.094
 161          0.080
 162          0.093
 163          0.070
 164          0.021
 165          0.033
 166          0.028
 167          0.068
 168          0.043
 169          0.066
 170          0.067
 171          0.074
 172          0.071
 173          0.058
 174          0.079
 175          0.073
 176          0.083
 177          0.178
 178          0.090
 179          0.093
 180          0.058
 181          0.078
 182          0.071
 183          0.065
 184          0.047
 185          0.009
 186          0.012
 187          0.045
 188          0.036
 189          0.057
 190          0.068
 191          0.104
 192          0.137
 193          0.114
 194          0.089
 195          0.069
 196          0.063
 197          0.057
 198          0.047
 199          0.194
 200          0.169
 201          0.164
 202          0.162
 203          0.163
 204          0.105
 205          0.115
 206          0.099
 207          0.067
 208          0.060
 209          0.104
 210          0.138
 211          0.076
 212          0.082
 213          0.080
 214          0.062
 215          0.049
 216          0.045
 217          0.069
 218          0.087
 219          0.121
 220          0.104
 221          0.109
 222          0.038
 223          0.089
 224          0.121
 225          0.056
 226          0.021
 227          0.081
 228          0.076
 229          0.172
 230          0.130
 231          0.127
 232          0.055
 233          0.069
 234          0.067
 235          0.080
 236          0.101
 237          0.438
 238          0.321
 239          0.252
 240          0.204
 241          0.106
 242          0.072
 243          0.064
 244          0.074
 245          0.105
 246          0.069
 247          0.048
 248          0.053
 249          0.048
 250          0.046
 251          0.056
 252          0.067
 253          0.060
 254          0.053
 255          0.088
 256          0.056
 257          0.072
 258          0.089
 259          0.062
 260          0.095
 261          0.088
 262          0.096
 263          0.053
 264          0.061
 265          0.064
 266          0.061
 267          0.047
 268          0.041
 269          0.095
 270          0.163
 271          0.258
 272          0.076
 273          0.101
 274          0.093
 275          0.058
 276          0.088
 277          0.070
 278          0.096
 279          0.049
 280          0.101
 281          0.058
 282          0.039
 283          0.051
 284          0.056
 285          0.057
 286          0.050
 287          0.061
 288          0.059
 289          0.061
 290          0.073
 291          0.055
 292          0.029
 293          0.034
 294          0.031
 295          0.079
 296          0.046
 297          0.020
 298          0.052
 299          0.047
 300          0.085
 301          0.088
 302          0.093
 303          0.085
 304          0.078
 305          0.052
 306          0.056
 307          0.075
 308          0.067
 309          0.068
 310          0.060
 311          0.044
 312          0.052
 313          0.143
 314          0.140
 315          0.077
 316          0.065
 317          0.059
 318          0.078
 319          0.117
 320          0.140
 321          0.103
 322          0.122
 323          0.141
 324          0.186
 325          0.176
 326          0.110
 327          0.051
 328          0.061
 329          0.022
 330          0.038
 331          0.051
 332          0.063
 333          0.042
 334          0.127
 335          0.107
 336          0.101
 337          0.060
 338          0.016
 339          0.007
 340          0.052
 341          0.063
 342          0.034
 343          0.047
 344          0.038
 345          0.037
 346          0.037
 347          0.028
 348          0.065
 349          0.066
 350          0.108
 351          0.113
 352          0.146
 353          0.217
 354          0.214
 355          0.151
 356          0.130
 357          0.057
 358          0.042
 359          0.048
 360          0.102
 361          0.098
 362          0.075
 363          0.105
 364          0.095
 365          0.148
 366          0.232
 367          0.251
 368          0.156
 369          0.033
 370          0.073
 371          0.084
 372          0.086
 373          0.052
 374          0.091
 375          0.095
 376          0.043
 377          0.059
 378          0.035
 379          0.017
 380          0.018
 381          0.022
 382          0.025
 383          0.013
 384          0.034
 385          0.102
 386          0.133
 387          0.053
 388          0.023
 389          0.061
 390          0.067
 391          0.107
 392          0.111
 393          0.103
 394          0.135
 395          0.085
 396          0.080
 397          0.077
 398          0.106
 399          0.038
 400          0.139
 401          0.108
 402          0.069
 403          0.049
 404          0.061
 405          0.058
 406          0.069
 407          0.021
 408          0.021
 409          0.028
 410          0.032
 411          0.023
 412          0.049
 413          0.074
 414          0.069
 415          0.037
 416          0.054
 417          0.018
 418          0.044
 419          0.036
 420          0.030
 421          0.065
 422          0.236
 423          0.229
 424          0.192
 425          0.066
 426          0.028
 427          0.040
 428          0.037
 429          0.072
 430          0.116
 431          0.072
 432          0.124
 433          0.116
 434          0.104
 435          0.113
 436          0.086
 437          0.096
 438          0.102
 439          0.059
 440          0.131
 441          0.109
 442          0.167
 443          0.087
 444          0.050
 445          0.049
 446          0.040
 447          0.048
 448          0.044
 449          0.078
 450          0.075
 451          0.112
 452          0.084
 453          0.079
 454          0.059
 455          0.052
 456          0.060
 457          0.076
 458          0.061
 459          0.113
 460          0.183
 461          0.156
 462          0.150
 463          0.100
 464          0.083
 465          0.089
 466          0.043
 467          0.061
 468          0.143
 469          0.103
 470          0.074
 471          0.078
 472          0.105
 473          0.096
 474          0.114
 475          0.098
 476          0.079
 477          0.132
 478          0.077
 479          0.088
 480          0.087
 481          0.082
 482          0.045
 483          0.052
 484          0.063
 485          0.074
 486          0.032
 487          0.026

# Average distance: 0.094 nm
