# Atom index    Distance (nm)
   1          0.308
   2          0.190
   3          0.333
   4          0.258
   5          0.214
   6          0.064
   7          0.034
   8          0.077
   9          0.058
  10          0.060
  11          0.060
  12          0.056
  13          0.120
  14          0.128
  15          0.116
  16          0.034
  17          0.044
  18          0.036
  19          0.054
  20          0.057
  21          0.061
  22          0.064
  23          0.041
  24          0.112
  25          0.048
  26          0.046
  27          0.027
  28          0.048
  29          0.047
  30          0.030
  31          0.056
  32          0.045
  33          0.085
  34          0.112
  35          0.065
  36          0.058
  37          0.066
  38          0.052
  39          0.044
  40          0.057
  41          0.063
  42          0.060
  43          0.092
  44          0.099
  45          0.084
  46          0.083
  47          0.132
  48          0.168
  49          0.150
  50          0.100
  51          0.067
  52          0.134
  53          0.151
  54          0.133
  55          0.133
  56          0.105
  57          0.086
  58          0.068
  59          0.086
  60          0.138
  61          0.130
  62          0.100
  63          0.123
  64          0.107
  65          0.120
  66          0.141
  67          0.213
  68          0.288
  69          0.172
  70          0.080
  71          0.176
  72          0.124
  73          0.110
  74          0.095
  75          0.025
  76          0.133
  77          0.221
  78          0.254
  79          0.234
  80          0.240
  81          0.290
  82          0.180
  83          0.133
  84          0.130
  85          0.130
  86          0.132
  87          0.160
  88          0.167
  89          0.125
  90          0.057
  91          0.045
  92          0.047
  93          0.047
  94          0.099
  95          0.127
  96          0.122
  97          0.095
  98          0.123
  99          0.142
 100          0.148
 101          0.171
 102          0.182
 103          0.178
 104          0.149
 105          0.093
 106          0.076
 107          0.060
 108          0.072
 109          0.095
 110          0.052
 111          0.067
 112          0.071
 113          0.079
 114          0.121
 115          0.127
 116          0.160
 117          0.135
 118          0.124
 119          0.108
 120          0.114
 121          0.165
 122          0.209
 123          0.242
 124          0.114
 125          0.028
 126          0.033
 127          0.078
 128          0.155
 129          0.092
 130          0.027
 131          0.021
 132          0.045
 133          0.063
 134          0.076
 135          0.098
 136          0.082
 137          0.055
 138          0.057
 139          0.047
 140          0.059
 141          0.038
 142          0.062
 143          0.060
 144          0.064
 145          0.055
 146          0.047
 147          0.063
 148          0.037
 149          0.074
 150          0.142
 151          0.134
 152          0.222
 153          0.233
 154          0.144
 155          0.121
 156          0.123
 157          0.097
 158          0.041
 159          0.049
 160          0.058
 161          0.042
 162          0.039
 163          0.072
 164          0.063
 165          0.063
 166          0.160
 167          0.157
 168          0.128
 169          0.088
 170          0.093
 171          0.086
 172          0.082
 173          0.060
 174          0.067
 175          0.046
 176          0.045
 177          0.078
 178          0.041
 179          0.035
 180          0.031
 181          0.047
 182          0.066
 183          0.080
 184          0.107
 185          0.087
 186          0.090
 187          0.133
 188          0.111
 189          0.100
 190          0.052
 191          0.058
 192          0.056
 193          0.037
 194          0.060
 195          0.080
 196          0.098
 197          0.097
 198          0.113
 199          0.100
 200          0.101
 201          0.081
 202          0.052
 203          0.067
 204          0.049
 205          0.038
 206          0.055
 207          0.102
 208          0.058
 209          0.080
 210          0.112
 211          0.096
 212          0.094
 213          0.118
 214          0.073
 215          0.093
 216          0.046
 217          0.083
 218          0.110
 219          0.093
 220          0.140
 221          0.132
 222          0.076
 223          0.124
 224          0.132
 225          0.127
 226          0.117
 227          0.052
 228          0.041
 229          0.035
 230          0.029
 231          0.047
 232          0.048
 233          0.075
 234          0.072
 235          0.046
 236          0.070
 237          0.116
 238          0.156
 239          0.182
 240          0.135
 241          0.239
 242          0.117
 243          0.096
 244          0.108
 245          0.087
 246          0.061
 247          0.041
 248          0.030
 249          0.090
 250          0.106
 251          0.087
 252          0.079
 253          0.077
 254          0.054
 255          0.043
 256          0.056
 257          0.034
 258          0.051
 259          0.051
 260          0.080
 261          0.101
 262          0.105
 263          0.117
 264          0.108
 265          0.075
 266          0.061
 267          0.043
 268          0.035
 269          0.059
 270          0.074
 271          0.028
 272          0.081
 273          0.113
 274          0.072
 275          0.065
 276          0.063
 277          0.064
 278          0.136
 279          0.115
 280          0.154
 281          0.173
 282          0.063
 283          0.068
 284          0.059
 285          0.067
 286          0.019
 287          0.033
 288          0.022
 289          0.045
 290          0.007
 291          0.035
 292          0.044
 293          0.069
 294          0.085
 295          0.125
 296          0.150
 297          0.137
 298          0.108
 299          0.042
 300          0.031
 301          0.026
 302          0.027
 303          0.047
 304          0.065
 305          0.065
 306          0.095
 307          0.073
 308          0.090
 309          0.086
 310          0.056
 311          0.062
 312          0.121
 313          0.103
 314          0.255
 315          0.134
 316          0.117
 317          0.071
 318          0.078
 319          0.069
 320          0.140
 321          0.123
 322          0.148
 323          0.139
 324          0.091
 325          0.211
 326          0.134
 327          0.069
 328          0.051
 329          0.050
 330          0.061
 331          0.096
 332          0.076
 333          0.112
 334          0.119
 335          0.161
 336          0.153
 337          0.129
 338          0.120
 339          0.115
 340          0.117
 341          0.089
 342          0.053
 343          0.045
 344          0.067
 345          0.078
 346          0.091
 347          0.067
 348          0.046
 349          0.067
 350          0.111
 351          0.068
 352          0.141
 353          0.142
 354          0.084
 355          0.090
 356          0.104
 357          0.054
 358          0.083
 359          0.076
 360          0.100
 361          0.097
 362          0.106
 363          0.119
 364          0.101
 365          0.128
 366          0.118
 367          0.103
 368          0.112
 369          0.126
 370          0.089
 371          0.090
 372          0.051
 373          0.027
 374          0.064
 375          0.046
 376          0.070
 377          0.091
 378          0.085
 379          0.073
 380          0.086
 381          0.086
 382          0.082
 383          0.093
 384          0.121
 385          0.145
 386          0.178
 387          0.142
 388          0.120
 389          0.116
 390          0.105
 391          0.108
 392          0.155
 393          0.140
 394          0.150
 395          0.150
 396          0.164
 397          0.135
 398          0.127
 399          0.076
 400          0.078
 401          0.131
 402          0.106
 403          0.073
 404          0.127
 405          0.132
 406          0.106
 407          0.103
 408          0.087
 409          0.128
 410          0.130
 411          0.091
 412          0.101
 413          0.207
 414          0.263
 415          0.243
 416          0.210
 417          0.066
 418          0.061
 419          0.060
 420          0.133
 421          0.130
 422          0.123
 423          0.133
 424          0.133
 425          0.126
 426          0.085
 427          0.072
 428          0.083
 429          0.063
 430          0.027
 431          0.060
 432          0.046
 433          0.048
 434          0.045
 435          0.037
 436          0.074
 437          0.081
 438          0.107
 439          0.126
 440          0.149
 441          0.086
 442          0.104
 443          0.128
 444          0.129
 445          0.052
 446          0.089
 447          0.060
 448          0.050
 449          0.034
 450          0.037
 451          0.063
 452          0.118
 453          0.127
 454          0.082
 455          0.029
 456          0.039
 457          0.050
 458          0.045
 459          0.045
 460          0.076
 461          0.109
 462          0.076
 463          0.070
 464          0.038
 465          0.091
 466          0.099
 467          0.124
 468          0.169
 469          0.217
 470          0.397
 471          0.168
 472          0.108
 473          0.078
 474          0.087
 475          0.079
 476          0.098
 477          0.116
 478          0.108
 479          0.065
 480          0.047
 481          0.129
 482          0.139
 483          0.056
 484          0.053
 485          0.084
 486          0.067
 487          0.096

# Average distance: 0.096 nm
