# Atom index    Distance (nm)
   1          0.428
   2          0.191
   3          0.220
   4          0.216
   5          0.201
   6          0.222
   7          0.227
   8          0.250
   9          0.208
  10          0.111
  11          0.173
  12          0.137
  13          0.278
  14          0.313
  15          0.303
  16          0.206
  17          0.180
  18          0.128
  19          0.204
  20          0.287
  21          0.351
  22          0.498
  23          0.421
  24          0.401
  25          0.412
  26          0.242
  27          0.251
  28          0.125
  29          0.093
  30          0.177
  31          0.240
  32          0.326
  33          0.386
  34          0.349
  35          0.390
  36          0.396
  37          0.327
  38          0.243
  39          0.280
  40          0.230
  41          0.303
  42          0.314
  43          0.431
  44          0.518
  45          0.597
  46          0.448
  47          0.438
  48          0.256
  49          0.776
  50          0.615
  51          0.564
  52          0.598
  53          0.438
  54          0.418
  55          0.484
  56          0.325
  57          0.416
  58          0.413
  59          0.454
  60          0.526
  61          0.532
  62          0.508
  63          0.452
  64          0.376
  65          0.406
  66          0.455
  67          0.493
  68          0.523
  69          0.520
  70          0.485
  71          0.351
  72          0.324
  73          0.340
  74          0.367
  75          0.470
  76          0.585
  77          0.659
  78          0.611
  79          0.680
  80          0.729
  81          0.732
  82          0.608
  83          0.474
  84          0.513
  85          0.421
  86          0.442
  87          0.321
  88          0.397
  89          0.360
  90          0.395
  91          0.537
  92          0.458
  93          0.288
  94          0.292
  95          0.273
  96          0.281
  97          0.298
  98          0.413
  99          0.475
 100          0.596
 101          0.589
 102          0.559
 103          0.574
 104          0.482
 105          0.359
 106          0.273
 107          0.223
 108          0.211
 109          0.209
 110          0.116
 111          0.098
 112          0.044
 113          0.104
 114          0.246
 115          0.353
 116          0.460
 117          0.440
 118          0.547
 119          0.529
 120          0.419
 121          0.410
 122          0.357
 123          0.277
 124          0.250
 125          0.238
 126          0.138
 127          0.152
 128          0.119
 129          0.224
 130          0.345
 131          0.297
 132          0.238
 133          0.201
 134          0.183
 135          0.204
 136          0.182
 137          0.141
 138          0.132
 139          0.101
 140          0.095
 141          0.097
 142          0.048
 143          0.044
 144          0.137
 145          0.137
 146          0.154
 147          0.155
 148          0.160
 149          0.127
 150          0.140
 151          0.142
 152          0.206
 153          0.179
 154          0.165
 155          0.169
 156          0.144
 157          0.140
 158          0.136
 159          0.154
 160          0.131
 161          0.133
 162          0.139
 163          0.196
 164          0.171
 165          0.161
 166          0.195
 167          0.190
 168          0.149
 169          0.122
 170          0.150
 171          0.110
 172          0.129
 173          0.117
 174          0.138
 175          0.094
 176          0.166
 177          0.281
 178          0.296
 179          0.176
 180          0.126
 181          0.141
 182          0.133
 183          0.139
 184          0.118
 185          0.147
 186          0.145
 187          0.133
 188          0.116
 189          0.108
 190          0.107
 191          0.128
 192          0.132
 193          0.137
 194          0.129
 195          0.113
 196          0.087
 197          0.078
 198          0.034
 199          0.196
 200          0.260
 201          0.241
 202          0.238
 203          0.161
 204          0.154
 205          0.123
 206          0.125
 207          0.210
 208          0.280
 209          0.176
 210          0.251
 211          0.177
 212          0.209
 213          0.075
 214          0.037
 215          0.093
 216          0.061
 217          0.155
 218          0.185
 219          0.186
 220          0.280
 221          0.219
 222          0.132
 223          0.160
 224          0.135
 225          0.108
 226          0.080
 227          0.128
 228          0.018
 229          0.168
 230          0.199
 231          0.097
 232          0.085
 233          0.118
 234          0.104
 235          0.123
 236          0.103
 237          0.194
 238          0.225
 239          0.460
 240          0.198
 241          0.221
 242          0.174
 243          0.087
 244          0.168
 245          0.151
 246          0.062
 247          0.055
 248          0.099
 249          0.104
 250          0.134
 251          0.156
 252          0.176
 253          0.188
 254          0.189
 255          0.159
 256          0.122
 257          0.065
 258          0.064
 259          0.102
 260          0.132
 261          0.227
 262          0.269
 263          0.348
 264          0.278
 265          0.238
 266          0.155
 267          0.095
 268          0.122
 269          0.156
 270          0.112
 271          0.185
 272          0.156
 273          0.177
 274          0.182
 275          0.180
 276          0.185
 277          0.182
 278          0.163
 279          0.201
 280          0.244
 281          0.174
 282          0.139
 283          0.149
 284          0.135
 285          0.106
 286          0.051
 287          0.070
 288          0.100
 289          0.116
 290          0.160
 291          0.167
 292          0.197
 293          0.231
 294          0.279
 295          0.301
 296          0.285
 297          0.257
 298          0.233
 299          0.224
 300          0.203
 301          0.142
 302          0.148
 303          0.178
 304          0.180
 305          0.193
 306          0.260
 307          0.256
 308          0.216
 309          0.209
 310          0.276
 311          0.314
 312          0.399
 313          0.447
 314          0.422
 315          0.380
 316          0.317
 317          0.255
 318          0.240
 319          0.226
 320          0.255
 321          0.299
 322          0.322
 323          0.400
 324          0.312
 325          0.325
 326          0.344
 327          0.371
 328          0.333
 329          0.308
 330          0.255
 331          0.333
 332          0.218
 333          0.246
 334          0.218
 335          0.281
 336          0.262
 337          0.257
 338          0.202
 339          0.169
 340          0.241
 341          0.266
 342          0.322
 343          0.360
 344          0.405
 345          0.429
 346          0.456
 347          0.411
 348          0.332
 349          0.280
 350          0.268
 351          0.290
 352          0.318
 353          0.355
 354          0.340
 355          0.275
 356          0.272
 357          0.219
 358          0.284
 359          0.338
 360          0.382
 361          0.446
 362          0.491
 363          0.462
 364          0.372
 365          0.393
 366          0.410
 367          0.286
 368          0.272
 369          0.256
 370          0.186
 371          0.136
 372          0.062
 373          0.107
 374          0.101
 375          0.110
 376          0.125
 377          0.141
 378          0.203
 379          0.206
 380          0.169
 381          0.209
 382          0.206
 383          0.235
 384          0.275
 385          0.216
 386          0.212
 387          0.222
 388          0.221
 389          0.200
 390          0.224
 391          0.194
 392          0.182
 393          0.288
 394          0.274
 395          0.279
 396          0.156
 397          0.081
 398          0.068
 399          0.117
 400          0.120
 401          0.142
 402          0.167
 403          0.269
 404          0.269
 405          0.301
 406          0.260
 407          0.289
 408          0.259
 409          0.215
 410          0.114
 411          0.162
 412          0.187
 413          0.315
 414          0.322
 415          0.336
 416          0.253
 417          0.142
 418          0.119
 419          0.110
 420          0.167
 421          0.192
 422          0.298
 423          0.322
 424          0.288
 425          0.227
 426          0.130
 427          0.111
 428          0.118
 429          0.101
 430          0.088
 431          0.185
 432          0.113
 433          0.058
 434          0.049
 435          0.070
 436          0.086
 437          0.128
 438          0.085
 439          0.119
 440          0.247
 441          0.201
 442          0.178
 443          0.142
 444          0.135
 445          0.136
 446          0.164
 447          0.088
 448          0.094
 449          0.120
 450          0.161
 451          0.228
 452          0.265
 453          0.199
 454          0.190
 455          0.136
 456          0.127
 457          0.084
 458          0.166
 459          0.194
 460          0.303
 461          0.285
 462          0.175
 463          0.114
 464          0.057
 465          0.087
 466          0.145
 467          0.147
 468          0.189
 469          0.194
 470          0.200
 471          0.132
 472          0.087
 473          0.052
 474          0.056
 475          0.013
 476          0.171
 477          0.252
 478          0.185
 479          0.124
 480          0.146
 481          0.159
 482          0.211
 483          0.148
 484          0.176
 485          0.162
 486          0.197
 487          0.219

# Average distance: 0.238 nm
