# Atom index    Distance (nm)
   1          0.116
   2          0.090
   3          0.116
   4          0.040
   5          0.089
   6          0.079
   7          0.066
   8          0.043
   9          0.038
  10          0.026
  11          0.027
  12          0.046
  13          0.140
  14          0.159
  15          0.134
  16          0.114
  17          0.092
  18          0.088
  19          0.131
  20          0.129
  21          0.128
  22          0.156
  23          0.248
  24          0.252
  25          0.144
  26          0.135
  27          0.145
  28          0.118
  29          0.125
  30          0.114
  31          0.154
  32          0.151
  33          0.131
  34          0.125
  35          0.098
  36          0.103
  37          0.147
  38          0.117
  39          0.106
  40          0.068
  41          0.098
  42          0.149
  43          0.085
  44          0.062
  45          0.076
  46          0.111
  47          0.058
  48          0.108
  49          0.088
  50          0.105
  51          0.077
  52          0.140
  53          0.211
  54          0.100
  55          0.082
  56          0.098
  57          0.120
  58          0.115
  59          0.128
  60          0.166
  61          0.177
  62          0.153
  63          0.134
  64          0.101
  65          0.146
  66          0.125
  67          0.093
  68          0.135
  69          0.096
  70          0.108
  71          0.099
  72          0.102
  73          0.137
  74          0.124
  75          0.139
  76          0.188
  77          0.214
  78          0.236
  79          0.216
  80          0.319
  81          0.303
  82          0.212
  83          0.161
  84          0.209
  85          0.196
  86          0.194
  87          0.176
  88          0.143
  89          0.151
  90          0.152
  91          0.149
  92          0.146
  93          0.153
  94          0.083
  95          0.086
  96          0.160
  97          0.148
  98          0.204
  99          0.205
 100          0.187
 101          0.217
 102          0.199
 103          0.207
 104          0.171
 105          0.136
 106          0.081
 107          0.068
 108          0.130
 109          0.073
 110          0.058
 111          0.065
 112          0.124
 113          0.067
 114          0.116
 115          0.149
 116          0.130
 117          0.130
 118          0.186
 119          0.222
 120          0.191
 121          0.179
 122          0.147
 123          0.117
 124          0.133
 125          0.117
 126          0.080
 127          0.085
 128          0.061
 129          0.039
 130          0.056
 131          0.044
 132          0.069
 133          0.091
 134          0.064
 135          0.041
 136          0.064
 137          0.052
 138          0.103
 139          0.147
 140          0.157
 141          0.226
 142          0.253
 143          0.219
 144          0.173
 145          0.111
 146          0.120
 147          0.131
 148          0.077
 149          0.089
 150          0.108
 151          0.090
 152          0.076
 153          0.126
 154          0.149
 155          0.090
 156          0.073
 157          0.057
 158          0.092
 159          0.117
 160          0.091
 161          0.106
 162          0.138
 163          0.118
 164          0.110
 165          0.038
 166          0.064
 167          0.066
 168          0.069
 169          0.051
 170          0.061
 171          0.063
 172          0.074
 173          0.079
 174          0.048
 175          0.078
 176          0.122
 177          0.152
 178          0.102
 179          0.058
 180          0.060
 181          0.068
 182          0.073
 183          0.072
 184          0.078
 185          0.086
 186          0.100
 187          0.108
 188          0.100
 189          0.097
 190          0.053
 191          0.045
 192          0.072
 193          0.074
 194          0.094
 195          0.096
 196          0.071
 197          0.066
 198          0.044
 199          0.055
 200          0.119
 201          0.134
 202          0.139
 203          0.114
 204          0.090
 205          0.075
 206          0.063
 207          0.058
 208          0.068
 209          0.088
 210          0.255
 211          0.101
 212          0.131
 213          0.223
 214          0.191
 215          0.219
 216          0.122
 217          0.070
 218          0.035
 219          0.092
 220          0.142
 221          0.168
 222          0.165
 223          0.099
 224          0.077
 225          0.068
 226          0.117
 227          0.123
 228          0.139
 229          0.260
 230          0.387
 231          0.419
 232          0.256
 233          0.142
 234          0.103
 235          0.082
 236          0.034
 237          0.024
 238          0.066
 239          0.128
 240          0.098
 241          0.056
 242          0.069
 243          0.102
 244          0.152
 245          0.143
 246          0.126
 247          0.119
 248          0.182
 249          0.144
 250          0.106
 251          0.114
 252          0.083
 253          0.050
 254          0.071
 255          0.055
 256          0.047
 257          0.036
 258          0.026
 259          0.074
 260          0.085
 261          0.040
 262          0.110
 263          0.057
 264          0.066
 265          0.037
 266          0.051
 267          0.032
 268          0.037
 269          0.063
 270          0.069
 271          0.103
 272          0.155
 273          0.126
 274          0.149
 275          0.090
 276          0.051
 277          0.048
 278          0.051
 279          0.041
 280          0.123
 281          0.103
 282          0.104
 283          0.070
 284          0.053
 285          0.049
 286          0.047
 287          0.048
 288          0.037
 289          0.057
 290          0.045
 291          0.051
 292          0.113
 293          0.091
 294          0.169
 295          0.089
 296          0.057
 297          0.128
 298          0.073
 299          0.068
 300          0.077
 301          0.080
 302          0.083
 303          0.100
 304          0.093
 305          0.153
 306          0.151
 307          0.150
 308          0.159
 309          0.162
 310          0.173
 311          0.179
 312          0.217
 313          0.201
 314          0.199
 315          0.119
 316          0.198
 317          0.189
 318          0.171
 319          0.134
 320          0.120
 321          0.133
 322          0.135
 323          0.108
 324          0.085
 325          0.146
 326          0.179
 327          0.161
 328          0.121
 329          0.090
 330          0.053
 331          0.063
 332          0.095
 333          0.067
 334          0.064
 335          0.051
 336          0.060
 337          0.112
 338          0.067
 339          0.051
 340          0.052
 341          0.064
 342          0.058
 343          0.116
 344          0.143
 345          0.087
 346          0.189
 347          0.064
 348          0.088
 349          0.064
 350          0.062
 351          0.121
 352          0.122
 353          0.133
 354          0.095
 355          0.052
 356          0.054
 357          0.049
 358          0.073
 359          0.066
 360          0.070
 361          0.044
 362          0.044
 363          0.113
 364          0.163
 365          0.141
 366          0.109
 367          0.108
 368          0.088
 369          0.065
 370          0.067
 371          0.061
 372          0.071
 373          0.015
 374          0.031
 375          0.018
 376          0.058
 377          0.064
 378          0.047
 379          0.023
 380          0.033
 381          0.027
 382          0.065
 383          0.075
 384          0.063
 385          0.035
 386          0.037
 387          0.054
 388          0.048
 389          0.042
 390          0.095
 391          0.129
 392          0.082
 393          0.174
 394          0.052
 395          0.096
 396          0.053
 397          0.060
 398          0.059
 399          0.056
 400          0.085
 401          0.067
 402          0.065
 403          0.091
 404          0.093
 405          0.075
 406          0.091
 407          0.124
 408          0.120
 409          0.129
 410          0.038
 411          0.077
 412          0.035
 413          0.134
 414          0.137
 415          0.155
 416          0.114
 417          0.042
 418          0.048
 419          0.052
 420          0.099
 421          0.094
 422          0.060
 423          0.122
 424          0.122
 425          0.085
 426          0.089
 427          0.074
 428          0.070
 429          0.095
 430          0.077
 431          0.064
 432          0.120
 433          0.091
 434          0.071
 435          0.075
 436          0.060
 437          0.083
 438          0.148
 439          0.097
 440          0.092
 441          0.112
 442          0.137
 443          0.109
 444          0.056
 445          0.093
 446          0.097
 447          0.045
 448          0.030
 449          0.056
 450          0.053
 451          0.043
 452          0.038
 453          0.061
 454          0.050
 455          0.041
 456          0.022
 457          0.046
 458          0.095
 459          0.128
 460          0.160
 461          0.152
 462          0.111
 463          0.045
 464          0.029
 465          0.055
 466          0.057
 467          0.077
 468          0.060
 469          0.079
 470          0.079
 471          0.086
 472          0.069
 473          0.075
 474          0.101
 475          0.129
 476          0.119
 477          0.112
 478          0.144
 479          0.065
 480          0.123
 481          0.137
 482          0.113
 483          0.113
 484          0.066
 485          0.058
 486          0.043
 487          0.061

# Average distance: 0.104 nm
