# Atom index    Distance (nm)
   1          0.280
   2          0.155
   3          0.284
   4          0.286
   5          0.145
   6          0.110
   7          0.049
   8          0.059
   9          0.119
  10          0.087
  11          0.032
  12          0.039
  13          0.054
  14          0.047
  15          0.080
  16          0.105
  17          0.055
  18          0.060
  19          0.067
  20          0.036
  21          0.077
  22          0.228
  23          0.216
  24          0.227
  25          0.125
  26          0.112
  27          0.069
  28          0.078
  29          0.062
  30          0.123
  31          0.099
  32          0.080
  33          0.083
  34          0.094
  35          0.133
  36          0.100
  37          0.128
  38          0.117
  39          0.071
  40          0.088
  41          0.072
  42          0.085
  43          0.019
  44          0.053
  45          0.104
  46          0.191
  47          0.192
  48          0.200
  49          0.101
  50          0.103
  51          0.113
  52          0.099
  53          0.088
  54          0.024
  55          0.037
  56          0.029
  57          0.037
  58          0.045
  59          0.072
  60          0.092
  61          0.063
  62          0.055
  63          0.039
  64          0.044
  65          0.096
  66          0.071
  67          0.085
  68          0.073
  69          0.161
  70          0.111
  71          0.139
  72          0.123
  73          0.073
  74          0.064
  75          0.068
  76          0.066
  77          0.069
  78          0.047
  79          0.090
  80          0.071
  81          0.098
  82          0.092
  83          0.058
  84          0.074
  85          0.028
  86          0.054
  87          0.093
  88          0.078
  89          0.113
  90          0.085
  91          0.188
  92          0.144
  93          0.059
  94          0.048
  95          0.045
  96          0.047
  97          0.031
  98          0.024
  99          0.030
 100          0.040
 101          0.066
 102          0.072
 103          0.068
 104          0.064
 105          0.029
 106          0.067
 107          0.082
 108          0.113
 109          0.172
 110          0.183
 111          0.125
 112          0.061
 113          0.056
 114          0.044
 115          0.043
 116          0.025
 117          0.021
 118          0.056
 119          0.180
 120          0.071
 121          0.047
 122          0.075
 123          0.091
 124          0.016
 125          0.032
 126          0.019
 127          0.061
 128          0.078
 129          0.049
 130          0.057
 131          0.050
 132          0.036
 133          0.054
 134          0.020
 135          0.042
 136          0.063
 137          0.057
 138          0.067
 139          0.063
 140          0.058
 141          0.095
 142          0.082
 143          0.061
 144          0.079
 145          0.039
 146          0.031
 147          0.018
 148          0.013
 149          0.027
 150          0.051
 151          0.108
 152          0.086
 153          0.112
 154          0.088
 155          0.129
 156          0.086
 157          0.032
 158          0.033
 159          0.049
 160          0.071
 161          0.051
 162          0.056
 163          0.065
 164          0.013
 165          0.032
 166          0.057
 167          0.019
 168          0.045
 169          0.042
 170          0.063
 171          0.046
 172          0.033
 173          0.043
 174          0.037
 175          0.098
 176          0.078
 177          0.027
 178          0.078
 179          0.074
 180          0.036
 181          0.038
 182          0.061
 183          0.040
 184          0.041
 185          0.057
 186          0.096
 187          0.105
 188          0.086
 189          0.071
 190          0.051
 191          0.028
 192          0.037
 193          0.052
 194          0.018
 195          0.024
 196          0.091
 197          0.169
 198          0.171
 199          0.225
 200          0.218
 201          0.201
 202          0.165
 203          0.032
 204          0.028
 205          0.032
 206          0.056
 207          0.130
 208          0.135
 209          0.105
 210          0.127
 211          0.079
 212          0.079
 213          0.117
 214          0.092
 215          0.049
 216          0.067
 217          0.062
 218          0.096
 219          0.118
 220          0.184
 221          0.211
 222          0.109
 223          0.063
 224          0.022
 225          0.044
 226          0.074
 227          0.048
 228          0.036
 229          0.086
 230          0.084
 231          0.120
 232          0.022
 233          0.040
 234          0.053
 235          0.045
 236          0.055
 237          0.097
 238          0.148
 239          0.079
 240          0.175
 241          0.109
 242          0.090
 243          0.095
 244          0.117
 245          0.090
 246          0.070
 247          0.065
 248          0.029
 249          0.065
 250          0.053
 251          0.044
 252          0.054
 253          0.093
 254          0.089
 255          0.060
 256          0.024
 257          0.045
 258          0.060
 259          0.064
 260          0.063
 261          0.063
 262          0.056
 263          0.061
 264          0.082
 265          0.030
 266          0.055
 267          0.042
 268          0.062
 269          0.082
 270          0.142
 271          0.162
 272          0.157
 273          0.127
 274          0.071
 275          0.051
 276          0.031
 277          0.084
 278          0.090
 279          0.033
 280          0.061
 281          0.136
 282          0.073
 283          0.040
 284          0.005
 285          0.037
 286          0.035
 287          0.027
 288          0.022
 289          0.026
 290          0.063
 291          0.072
 292          0.084
 293          0.077
 294          0.077
 295          0.095
 296          0.107
 297          0.063
 298          0.106
 299          0.055
 300          0.029
 301          0.048
 302          0.041
 303          0.080
 304          0.040
 305          0.042
 306          0.015
 307          0.063
 308          0.033
 309          0.071
 310          0.027
 311          0.059
 312          0.110
 313          0.170
 314          0.186
 315          0.171
 316          0.088
 317          0.059
 318          0.073
 319          0.102
 320          0.109
 321          0.067
 322          0.031
 323          0.038
 324          0.058
 325          0.122
 326          0.101
 327          0.071
 328          0.018
 329          0.052
 330          0.013
 331          0.014
 332          0.043
 333          0.041
 334          0.056
 335          0.105
 336          0.106
 337          0.065
 338          0.047
 339          0.050
 340          0.065
 341          0.058
 342          0.047
 343          0.050
 344          0.054
 345          0.087
 346          0.067
 347          0.088
 348          0.069
 349          0.084
 350          0.073
 351          0.028
 352          0.027
 353          0.026
 354          0.060
 355          0.057
 356          0.036
 357          0.061
 358          0.077
 359          0.102
 360          0.089
 361          0.113
 362          0.105
 363          0.103
 364          0.091
 365          0.080
 366          0.084
 367          0.099
 368          0.077
 369          0.044
 370          0.024
 371          0.046
 372          0.090
 373          0.071
 374          0.042
 375          0.031
 376          0.075
 377          0.049
 378          0.014
 379          0.022
 380          0.052
 381          0.052
 382          0.072
 383          0.070
 384          0.102
 385          0.112
 386          0.101
 387          0.033
 388          0.045
 389          0.055
 390          0.100
 391          0.143
 392          0.084
 393          0.098
 394          0.084
 395          0.109
 396          0.114
 397          0.125
 398          0.115
 399          0.109
 400          0.019
 401          0.046
 402          0.056
 403          0.054
 404          0.086
 405          0.051
 406          0.071
 407          0.073
 408          0.017
 409          0.044
 410          0.078
 411          0.072
 412          0.094
 413          0.119
 414          0.121
 415          0.123
 416          0.096
 417          0.064
 418          0.034
 419          0.051
 420          0.072
 421          0.077
 422          0.098
 423          0.121
 424          0.093
 425          0.090
 426          0.089
 427          0.070
 428          0.031
 429          0.015
 430          0.082
 431          0.071
 432          0.118
 433          0.107
 434          0.098
 435          0.095
 436          0.067
 437          0.079
 438          0.105
 439          0.116
 440          0.104
 441          0.084
 442          0.078
 443          0.070
 444          0.062
 445          0.073
 446          0.074
 447          0.036
 448          0.035
 449          0.030
 450          0.075
 451          0.099
 452          0.095
 453          0.114
 454          0.039
 455          0.045
 456          0.060
 457          0.047
 458          0.118
 459          0.082
 460          0.102
 461          0.115
 462          0.082
 463          0.094
 464          0.054
 465          0.078
 466          0.076
 467          0.106
 468          0.155
 469          0.128
 470          0.134
 471          0.137
 472          0.111
 473          0.115
 474          0.096
 475          0.164
 476          0.173
 477          0.242
 478          0.186
 479          0.129
 480          0.173
 481          0.124
 482          0.085
 483          0.102
 484          0.092
 485          0.070
 486          0.076
 487          0.085

# Average distance: 0.079 nm
