# Atom index    Distance (nm)
   1          0.592
   2          0.415
   3          0.247
   4          0.064
   5          0.131
   6          0.115
   7          0.113
   8          0.106
   9          0.093
  10          0.153
  11          0.190
  12          0.128
  13          0.087
  14          0.120
  15          0.181
  16          0.170
  17          0.167
  18          0.097
  19          0.062
  20          0.036
  21          0.064
  22          0.127
  23          0.131
  24          0.100
  25          0.065
  26          0.083
  27          0.064
  28          0.076
  29          0.107
  30          0.144
  31          0.184
  32          0.245
  33          0.234
  34          0.241
  35          0.165
  36          0.066
  37          0.066
  38          0.107
  39          0.119
  40          0.115
  41          0.204
  42          0.243
  43          0.259
  44          0.292
  45          0.222
  46          0.195
  47          0.189
  48          0.260
  49          0.266
  50          0.336
  51          0.408
  52          0.486
  53          0.341
  54          0.263
  55          0.246
  56          0.232
  57          0.214
  58          0.193
  59          0.229
  60          0.173
  61          0.215
  62          0.200
  63          0.250
  64          0.202
  65          0.212
  66          0.236
  67          0.265
  68          0.294
  69          0.323
  70          0.173
  71          0.156
  72          0.126
  73          0.128
  74          0.139
  75          0.153
  76          0.192
  77          0.245
  78          0.285
  79          0.380
  80          0.444
  81          0.321
  82          0.268
  83          0.257
  84          0.249
  85          0.277
  86          0.318
  87          0.264
  88          0.216
  89          0.199
  90          0.143
  91          0.203
  92          0.193
  93          0.162
  94          0.136
  95          0.157
  96          0.116
  97          0.165
  98          0.217
  99          0.263
 100          0.272
 101          0.309
 102          0.267
 103          0.269
 104          0.275
 105          0.178
 106          0.131
 107          0.099
 108          0.162
 109          0.169
 110          0.178
 111          0.234
 112          0.199
 113          0.158
 114          0.196
 115          0.203
 116          0.247
 117          0.227
 118          0.251
 119          0.148
 120          0.101
 121          0.096
 122          0.119
 123          0.137
 124          0.085
 125          0.068
 126          0.125
 127          0.177
 128          0.073
 129          0.053
 130          0.073
 131          0.111
 132          0.063
 133          0.082
 134          0.089
 135          0.092
 136          0.105
 137          0.080
 138          0.084
 139          0.058
 140          0.124
 141          0.120
 142          0.102
 143          0.087
 144          0.066
 145          0.045
 146          0.040
 147          0.061
 148          0.071
 149          0.073
 150          0.075
 151          0.064
 152          0.149
 153          0.101
 154          0.111
 155          0.054
 156          0.033
 157          0.046
 158          0.077
 159          0.065
 160          0.038
 161          0.040
 162          0.059
 163          0.013
 164          0.035
 165          0.089
 166          0.098
 167          0.081
 168          0.081
 169          0.076
 170          0.082
 171          0.075
 172          0.084
 173          0.057
 174          0.078
 175          0.089
 176          0.157
 177          0.210
 178          0.224
 179          0.186
 180          0.098
 181          0.043
 182          0.092
 183          0.058
 184          0.051
 185          0.049
 186          0.030
 187          0.062
 188          0.031
 189          0.066
 190          0.085
 191          0.092
 192          0.064
 193          0.045
 194          0.034
 195          0.039
 196          0.043
 197          0.072
 198          0.131
 199          0.165
 200          0.121
 201          0.107
 202          0.158
 203          0.105
 204          0.095
 205          0.151
 206          0.134
 207          0.146
 208          0.149
 209          0.137
 210          0.137
 211          0.045
 212          0.082
 213          0.110
 214          0.129
 215          0.141
 216          0.091
 217          0.105
 218          0.114
 219          0.113
 220          0.098
 221          0.101
 222          0.110
 223          0.078
 224          0.076
 225          0.085
 226          0.060
 227          0.079
 228          0.053
 229          0.100
 230          0.229
 231          0.223
 232          0.152
 233          0.159
 234          0.093
 235          0.086
 236          0.121
 237          0.095
 238          0.097
 239          0.097
 240          0.059
 241          0.085
 242          0.112
 243          0.152
 244          0.088
 245          0.106
 246          0.077
 247          0.100
 248          0.056
 249          0.054
 250          0.064
 251          0.065
 252          0.090
 253          0.124
 254          0.113
 255          0.078
 256          0.067
 257          0.080
 258          0.103
 259          0.113
 260          0.110
 261          0.071
 262          0.133
 263          0.146
 264          0.176
 265          0.179
 266          0.159
 267          0.148
 268          0.141
 269          0.216
 270          0.238
 271          0.209
 272          0.227
 273          0.216
 274          0.141
 275          0.137
 276          0.140
 277          0.155
 278          0.188
 279          0.211
 280          0.227
 281          0.150
 282          0.139
 283          0.126
 284          0.100
 285          0.148
 286          0.130
 287          0.118
 288          0.165
 289          0.157
 290          0.162
 291          0.097
 292          0.076
 293          0.209
 294          0.299
 295          0.335
 296          0.307
 297          0.242
 298          0.160
 299          0.080
 300          0.059
 301          0.105
 302          0.117
 303          0.160
 304          0.199
 305          0.208
 306          0.179
 307          0.117
 308          0.085
 309          0.068
 310          0.117
 311          0.130
 312          0.187
 313          0.199
 314          0.187
 315          0.113
 316          0.108
 317          0.109
 318          0.131
 319          0.085
 320          0.108
 321          0.104
 322          0.110
 323          0.111
 324          0.147
 325          0.166
 326          0.199
 327          0.174
 328          0.149
 329          0.166
 330          0.103
 331          0.111
 332          0.061
 333          0.110
 334          0.163
 335          0.134
 336          0.098
 337          0.127
 338          0.113
 339          0.087
 340          0.073
 341          0.067
 342          0.043
 343          0.102
 344          0.119
 345          0.110
 346          0.081
 347          0.055
 348          0.057
 349          0.060
 350          0.065
 351          0.109
 352          0.189
 353          0.276
 354          0.250
 355          0.135
 356          0.144
 357          0.102
 358          0.048
 359          0.061
 360          0.064
 361          0.057
 362          0.079
 363          0.107
 364          0.131
 365          0.112
 366          0.148
 367          0.141
 368          0.098
 369          0.095
 370          0.036
 371          0.089
 372          0.075
 373          0.110
 374          0.077
 375          0.078
 376          0.034
 377          0.049
 378          0.043
 379          0.049
 380          0.079
 381          0.093
 382          0.124
 383          0.131
 384          0.165
 385          0.226
 386          0.379
 387          0.186
 388          0.062
 389          0.026
 390          0.046
 391          0.049
 392          0.169
 393          0.214
 394          0.323
 395          0.269
 396          0.161
 397          0.094
 398          0.057
 399          0.072
 400          0.046
 401          0.141
 402          0.072
 403          0.063
 404          0.064
 405          0.041
 406          0.055
 407          0.084
 408          0.028
 409          0.080
 410          0.066
 411          0.055
 412          0.073
 413          0.074
 414          0.236
 415          0.184
 416          0.054
 417          0.089
 418          0.094
 419          0.085
 420          0.065
 421          0.073
 422          0.149
 423          0.274
 424          0.224
 425          0.142
 426          0.109
 427          0.065
 428          0.052
 429          0.050
 430          0.039
 431          0.111
 432          0.121
 433          0.074
 434          0.081
 435          0.088
 436          0.046
 437          0.074
 438          0.133
 439          0.171
 440          0.143
 441          0.143
 442          0.156
 443          0.136
 444          0.110
 445          0.105
 446          0.105
 447          0.100
 448          0.097
 449          0.085
 450          0.090
 451          0.076
 452          0.058
 453          0.116
 454          0.089
 455          0.099
 456          0.128
 457          0.139
 458          0.151
 459          0.089
 460          0.039
 461          0.078
 462          0.105
 463          0.107
 464          0.105
 465          0.095
 466          0.077
 467          0.048
 468          0.033
 469          0.029
 470          0.022
 471          0.048
 472          0.064
 473          0.085
 474          0.072
 475          0.059
 476          0.054
 477          0.191
 478          0.229
 479          0.182
 480          0.139
 481          0.129
 482          0.124
 483          0.080
 484          0.100
 485          0.106
 486          0.088
 487          0.066

# Average distance: 0.132 nm
