# Atom index    Distance (nm)
   1          0.112
   2          0.084
   3          0.081
   4          0.112
   5          0.121
   6          0.069
   7          0.089
   8          0.099
   9          0.070
  10          0.075
  11          0.067
  12          0.116
  13          0.081
  14          0.096
  15          0.111
  16          0.079
  17          0.119
  18          0.085
  19          0.061
  20          0.068
  21          0.123
  22          0.177
  23          0.150
  24          0.143
  25          0.083
  26          0.062
  27          0.038
  28          0.065
  29          0.082
  30          0.102
  31          0.098
  32          0.130
  33          0.126
  34          0.125
  35          0.128
  36          0.204
  37          0.139
  38          0.058
  39          0.077
  40          0.076
  41          0.081
  42          0.060
  43          0.099
  44          0.178
  45          0.231
  46          0.323
  47          0.412
  48          0.428
  49          0.243
  50          0.161
  51          0.194
  52          0.203
  53          0.215
  54          0.157
  55          0.095
  56          0.078
  57          0.077
  58          0.069
  59          0.128
  60          0.177
  61          0.161
  62          0.130
  63          0.096
  64          0.082
  65          0.132
  66          0.168
  67          0.111
  68          0.115
  69          0.161
  70          0.137
  71          0.130
  72          0.115
  73          0.118
  74          0.103
  75          0.142
  76          0.182
  77          0.224
  78          0.191
  79          0.210
  80          0.316
  81          0.263
  82          0.179
  83          0.130
  84          0.135
  85          0.112
  86          0.161
  87          0.138
  88          0.136
  89          0.117
  90          0.103
  91          0.163
  92          0.066
  93          0.101
  94          0.055
  95          0.093
  96          0.108
  97          0.129
  98          0.148
  99          0.124
 100          0.227
 101          0.238
 102          0.208
 103          0.215
 104          0.153
 105          0.171
 106          0.138
 107          0.159
 108          0.154
 109          0.114
 110          0.079
 111          0.052
 112          0.088
 113          0.058
 114          0.045
 115          0.152
 116          0.157
 117          0.177
 118          0.140
 119          0.148
 120          0.180
 121          0.172
 122          0.150
 123          0.129
 124          0.130
 125          0.111
 126          0.045
 127          0.078
 128          0.054
 129          0.079
 130          0.079
 131          0.063
 132          0.118
 133          0.104
 134          0.102
 135          0.092
 136          0.082
 137          0.073
 138          0.123
 139          0.111
 140          0.113
 141          0.161
 142          0.162
 143          0.154
 144          0.133
 145          0.112
 146          0.068
 147          0.067
 148          0.051
 149          0.067
 150          0.077
 151          0.121
 152          0.201
 153          0.201
 154          0.122
 155          0.118
 156          0.078
 157          0.033
 158          0.050
 159          0.050
 160          0.056
 161          0.069
 162          0.099
 163          0.082
 164          0.029
 165          0.025
 166          0.060
 167          0.043
 168          0.060
 169          0.044
 170          0.052
 171          0.072
 172          0.092
 173          0.076
 174          0.079
 175          0.101
 176          0.123
 177          0.192
 178          0.077
 179          0.147
 180          0.115
 181          0.107
 182          0.113
 183          0.084
 184          0.075
 185          0.068
 186          0.054
 187          0.090
 188          0.150
 189          0.117
 190          0.106
 191          0.130
 192          0.089
 193          0.097
 194          0.098
 195          0.127
 196          0.118
 197          0.101
 198          0.139
 199          0.163
 200          0.144
 201          0.144
 202          0.164
 203          0.138
 204          0.103
 205          0.154
 206          0.123
 207          0.203
 208          0.194
 209          0.123
 210          0.106
 211          0.099
 212          0.189
 213          0.185
 214          0.113
 215          0.079
 216          0.175
 217          0.161
 218          0.192
 219          0.216
 220          0.333
 221          0.294
 222          0.245
 223          0.143
 224          0.125
 225          0.133
 226          0.142
 227          0.139
 228          0.214
 229          0.267
 230          0.301
 231          0.215
 232          0.210
 233          0.154
 234          0.143
 235          0.087
 236          0.157
 237          0.232
 238          0.098
 239          0.151
 240          0.086
 241          0.196
 242          0.245
 243          0.305
 244          0.229
 245          0.155
 246          0.112
 247          0.139
 248          0.095
 249          0.088
 250          0.084
 251          0.090
 252          0.116
 253          0.130
 254          0.079
 255          0.049
 256          0.042
 257          0.025
 258          0.027
 259          0.033
 260          0.069
 261          0.053
 262          0.027
 263          0.094
 264          0.148
 265          0.136
 266          0.062
 267          0.043
 268          0.060
 269          0.068
 270          0.094
 271          0.049
 272          0.048
 273          0.017
 274          0.076
 275          0.069
 276          0.058
 277          0.070
 278          0.124
 279          0.101
 280          0.152
 281          0.131
 282          0.121
 283          0.065
 284          0.042
 285          0.055
 286          0.077
 287          0.031
 288          0.041
 289          0.034
 290          0.052
 291          0.041
 292          0.036
 293          0.066
 294          0.085
 295          0.123
 296          0.092
 297          0.050
 298          0.039
 299          0.049
 300          0.053
 301          0.054
 302          0.048
 303          0.054
 304          0.089
 305          0.047
 306          0.056
 307          0.058
 308          0.077
 309          0.060
 310          0.037
 311          0.038
 312          0.048
 313          0.059
 314          0.040
 315          0.058
 316          0.051
 317          0.070
 318          0.032
 319          0.013
 320          0.049
 321          0.046
 322          0.018
 323          0.031
 324          0.076
 325          0.125
 326          0.132
 327          0.062
 328          0.070
 329          0.072
 330          0.061
 331          0.085
 332          0.102
 333          0.100
 334          0.113
 335          0.126
 336          0.125
 337          0.128
 338          0.112
 339          0.123
 340          0.115
 341          0.090
 342          0.113
 343          0.142
 344          0.160
 345          0.150
 346          0.179
 347          0.130
 348          0.107
 349          0.087
 350          0.055
 351          0.067
 352          0.061
 353          0.104
 354          0.098
 355          0.056
 356          0.046
 357          0.066
 358          0.076
 359          0.103
 360          0.094
 361          0.133
 362          0.155
 363          0.195
 364          0.155
 365          0.173
 366          0.180
 367          0.141
 368          0.079
 369          0.110
 370          0.116
 371          0.141
 372          0.098
 373          0.032
 374          0.017
 375          0.080
 376          0.076
 377          0.076
 378          0.071
 379          0.078
 380          0.095
 381          0.126
 382          0.122
 383          0.096
 384          0.122
 385          0.126
 386          0.122
 387          0.095
 388          0.079
 389          0.111
 390          0.109
 391          0.105
 392          0.123
 393          0.137
 394          0.328
 395          0.300
 396          0.274
 397          0.123
 398          0.089
 399          0.096
 400          0.064
 401          0.079
 402          0.086
 403          0.104
 404          0.101
 405          0.072
 406          0.092
 407          0.115
 408          0.142
 409          0.080
 410          0.049
 411          0.117
 412          0.135
 413          0.172
 414          0.170
 415          0.149
 416          0.096
 417          0.073
 418          0.106
 419          0.077
 420          0.049
 421          0.096
 422          0.116
 423          0.230
 424          0.249
 425          0.090
 426          0.032
 427          0.034
 428          0.083
 429          0.145
 430          0.177
 431          0.151
 432          0.103
 433          0.115
 434          0.090
 435          0.076
 436          0.056
 437          0.045
 438          0.028
 439          0.066
 440          0.094
 441          0.143
 442          0.113
 443          0.118
 444          0.124
 445          0.082
 446          0.098
 447          0.089
 448          0.091
 449          0.000
 450          0.016
 451          0.042
 452          0.040
 453          0.038
 454          0.074
 455          0.080
 456          0.071
 457          0.087
 458          0.105
 459          0.131
 460          0.293
 461          0.160
 462          0.151
 463          0.126
 464          0.109
 465          0.139
 466          0.143
 467          0.096
 468          0.089
 469          0.096
 470          0.154
 471          0.133
 472          0.122
 473          0.108
 474          0.130
 475          0.146
 476          0.235
 477          0.334
 478          0.474
 479          0.277
 480          0.325
 481          0.414
 482          0.287
 483          0.067
 484          0.072
 485          0.030
 486          0.038
 487          0.046

# Average distance: 0.115 nm
