# Atom index    Distance (nm)
   1          0.696
   2          0.580
   3          0.381
   4          0.303
   5          0.310
   6          0.098
   7          0.051
   8          0.027
   9          0.059
  10          0.065
  11          0.070
  12          0.118
  13          0.157
  14          0.164
  15          0.121
  16          0.112
  17          0.052
  18          0.034
  19          0.037
  20          0.039
  21          0.091
  22          0.091
  23          0.121
  24          0.125
  25          0.082
  26          0.086
  27          0.068
  28          0.059
  29          0.067
  30          0.147
  31          0.125
  32          0.037
  33          0.108
  34          0.067
  35          0.080
  36          0.131
  37          0.129
  38          0.060
  39          0.075
  40          0.093
  41          0.147
  42          0.186
  43          0.140
  44          0.175
  45          0.210
  46          0.196
  47          0.213
  48          0.123
  49          0.153
  50          0.239
  51          0.201
  52          0.154
  53          0.170
  54          0.174
  55          0.161
  56          0.147
  57          0.121
  58          0.090
  59          0.093
  60          0.091
  61          0.109
  62          0.084
  63          0.089
  64          0.108
  65          0.090
  66          0.077
  67          0.153
  68          0.232
  69          0.253
  70          0.127
  71          0.092
  72          0.095
  73          0.075
  74          0.082
  75          0.077
  76          0.073
  77          0.131
  78          0.193
  79          0.183
  80          0.179
  81          0.173
  82          0.139
  83          0.132
  84          0.162
  85          0.114
  86          0.144
  87          0.114
  88          0.076
  89          0.034
  90          0.060
  91          0.076
  92          0.078
  93          0.049
  94          0.041
  95          0.048
  96          0.044
  97          0.081
  98          0.112
  99          0.136
 100          0.163
 101          0.177
 102          0.168
 103          0.147
 104          0.155
 105          0.150
 106          0.084
 107          0.106
 108          0.087
 109          0.097
 110          0.135
 111          0.109
 112          0.137
 113          0.105
 114          0.122
 115          0.124
 116          0.187
 117          0.209
 118          0.250
 119          0.214
 120          0.150
 121          0.106
 122          0.073
 123          0.099
 124          0.105
 125          0.081
 126          0.034
 127          0.025
 128          0.018
 129          0.052
 130          0.051
 131          0.089
 132          0.061
 133          0.027
 134          0.059
 135          0.016
 136          0.062
 137          0.120
 138          0.119
 139          0.151
 140          0.188
 141          0.304
 142          0.264
 143          0.223
 144          0.251
 145          0.207
 146          0.158
 147          0.114
 148          0.121
 149          0.117
 150          0.143
 151          0.218
 152          0.234
 153          0.222
 154          0.184
 155          0.142
 156          0.093
 157          0.060
 158          0.103
 159          0.115
 160          0.190
 161          0.227
 162          0.269
 163          0.263
 164          0.186
 165          0.185
 166          0.172
 167          0.152
 168          0.104
 169          0.114
 170          0.092
 171          0.061
 172          0.045
 173          0.038
 174          0.026
 175          0.048
 176          0.091
 177          0.102
 178          0.104
 179          0.096
 180          0.027
 181          0.055
 182          0.055
 183          0.059
 184          0.071
 185          0.065
 186          0.098
 187          0.095
 188          0.073
 189          0.067
 190          0.084
 191          0.064
 192          0.075
 193          0.067
 194          0.103
 195          0.086
 196          0.075
 197          0.137
 198          0.086
 199          0.136
 200          0.176
 201          0.229
 202          0.228
 203          0.142
 204          0.128
 205          0.140
 206          0.109
 207          0.156
 208          0.174
 209          0.191
 210          0.193
 211          0.141
 212          0.163
 213          0.086
 214          0.110
 215          0.100
 216          0.158
 217          0.162
 218          0.156
 219          0.126
 220          0.165
 221          0.107
 222          0.109
 223          0.112
 224          0.125
 225          0.112
 226          0.107
 227          0.085
 228          0.113
 229          0.118
 230          0.122
 231          0.094
 232          0.094
 233          0.056
 234          0.073
 235          0.068
 236          0.053
 237          0.085
 238          0.196
 239          0.232
 240          0.297
 241          0.174
 242          0.105
 243          0.128
 244          0.126
 245          0.185
 246          0.148
 247          0.154
 248          0.078
 249          0.090
 250          0.105
 251          0.124
 252          0.073
 253          0.081
 254          0.046
 255          0.071
 256          0.113
 257          0.113
 258          0.119
 259          0.106
 260          0.114
 261          0.090
 262          0.107
 263          0.087
 264          0.101
 265          0.098
 266          0.088
 267          0.071
 268          0.064
 269          0.064
 270          0.064
 271          0.060
 272          0.080
 273          0.150
 274          0.099
 275          0.038
 276          0.046
 277          0.118
 278          0.122
 279          0.148
 280          0.175
 281          0.152
 282          0.116
 283          0.120
 284          0.118
 285          0.126
 286          0.092
 287          0.092
 288          0.068
 289          0.074
 290          0.066
 291          0.042
 292          0.076
 293          0.077
 294          0.095
 295          0.121
 296          0.171
 297          0.157
 298          0.083
 299          0.061
 300          0.086
 301          0.058
 302          0.084
 303          0.065
 304          0.071
 305          0.091
 306          0.146
 307          0.143
 308          0.137
 309          0.123
 310          0.101
 311          0.161
 312          0.166
 313          0.160
 314          0.140
 315          0.261
 316          0.100
 317          0.077
 318          0.096
 319          0.080
 320          0.146
 321          0.135
 322          0.165
 323          0.160
 324          0.112
 325          0.161
 326          0.056
 327          0.081
 328          0.054
 329          0.067
 330          0.049
 331          0.070
 332          0.108
 333          0.113
 334          0.119
 335          0.085
 336          0.091
 337          0.064
 338          0.120
 339          0.120
 340          0.095
 341          0.078
 342          0.093
 343          0.157
 344          0.148
 345          0.097
 346          0.106
 347          0.108
 348          0.116
 349          0.078
 350          0.107
 351          0.103
 352          0.063
 353          0.059
 354          0.069
 355          0.095
 356          0.060
 357          0.063
 358          0.064
 359          0.150
 360          0.135
 361          0.163
 362          0.183
 363          0.190
 364          0.152
 365          0.180
 366          0.183
 367          0.146
 368          0.138
 369          0.128
 370          0.124
 371          0.129
 372          0.112
 373          0.121
 374          0.152
 375          0.052
 376          0.069
 377          0.085
 378          0.092
 379          0.065
 380          0.035
 381          0.025
 382          0.027
 383          0.035
 384          0.051
 385          0.067
 386          0.130
 387          0.080
 388          0.049
 389          0.097
 390          0.123
 391          0.098
 392          0.150
 393          0.268
 394          0.261
 395          0.231
 396          0.065
 397          0.064
 398          0.056
 399          0.079
 400          0.073
 401          0.067
 402          0.059
 403          0.041
 404          0.033
 405          0.051
 406          0.093
 407          0.090
 408          0.073
 409          0.045
 410          0.050
 411          0.019
 412          0.023
 413          0.054
 414          0.052
 415          0.098
 416          0.094
 417          0.092
 418          0.082
 419          0.080
 420          0.037
 421          0.120
 422          0.299
 423          0.263
 424          0.210
 425          0.131
 426          0.048
 427          0.027
 428          0.046
 429          0.079
 430          0.125
 431          0.106
 432          0.068
 433          0.044
 434          0.031
 435          0.060
 436          0.069
 437          0.060
 438          0.113
 439          0.082
 440          0.062
 441          0.080
 442          0.109
 443          0.106
 444          0.077
 445          0.054
 446          0.040
 447          0.013
 448          0.041
 449          0.042
 450          0.011
 451          0.021
 452          0.072
 453          0.047
 454          0.037
 455          0.048
 456          0.048
 457          0.067
 458          0.050
 459          0.040
 460          0.094
 461          0.081
 462          0.077
 463          0.045
 464          0.045
 465          0.012
 466          0.024
 467          0.062
 468          0.028
 469          0.057
 470          0.051
 471          0.066
 472          0.058
 473          0.052
 474          0.114
 475          0.155
 476          0.154
 477          0.128
 478          0.178
 479          0.123
 480          0.131
 481          0.322
 482          0.342
 483          0.168
 484          0.047
 485          0.034
 486          0.040
 487          0.046

# Average distance: 0.112 nm
