# Atom index    Distance (nm)
   1          0.218
   2          0.052
   3          0.060
   4          0.064
   5          0.175
   6          0.066
   7          0.083
   8          0.085
   9          0.091
  10          0.104
  11          0.105
  12          0.136
  13          0.170
  14          0.096
  15          0.054
  16          0.097
  17          0.107
  18          0.101
  19          0.085
  20          0.097
  21          0.114
  22          0.157
  23          0.177
  24          0.190
  25          0.175
  26          0.194
  27          0.133
  28          0.116
  29          0.129
  30          0.146
  31          0.132
  32          0.145
  33          0.092
  34          0.100
  35          0.103
  36          0.087
  37          0.074
  38          0.080
  39          0.105
  40          0.091
  41          0.048
  42          0.093
  43          0.074
  44          0.112
  45          0.139
  46          0.228
  47          0.201
  48          0.176
  49          0.175
  50          0.173
  51          0.141
  52          0.224
  53          0.177
  54          0.141
  55          0.095
  56          0.032
  57          0.051
  58          0.055
  59          0.094
  60          0.076
  61          0.069
  62          0.080
  63          0.101
  64          0.111
  65          0.169
  66          0.130
  67          0.352
  68          0.404
  69          0.226
  70          0.085
  71          0.259
  72          0.196
  73          0.220
  74          0.133
  75          0.195
  76          0.178
  77          0.232
  78          0.262
  79          0.229
  80          0.264
  81          0.308
  82          0.248
  83          0.192
  84          0.192
  85          0.131
  86          0.140
  87          0.132
  88          0.079
  89          0.077
  90          0.094
  91          0.090
  92          0.123
  93          0.124
  94          0.079
  95          0.134
  96          0.085
  97          0.096
  98          0.133
  99          0.153
 100          0.177
 101          0.165
 102          0.156
 103          0.114
 104          0.120
 105          0.111
 106          0.106
 107          0.082
 108          0.199
 109          0.215
 110          0.183
 111          0.186
 112          0.233
 113          0.177
 114          0.178
 115          0.125
 116          0.113
 117          0.119
 118          0.048
 119          0.062
 120          0.040
 121          0.115
 122          0.098
 123          0.093
 124          0.028
 125          0.024
 126          0.100
 127          0.174
 128          0.146
 129          0.081
 130          0.073
 131          0.062
 132          0.071
 133          0.096
 134          0.097
 135          0.069
 136          0.056
 137          0.047
 138          0.087
 139          0.084
 140          0.084
 141          0.123
 142          0.120
 143          0.084
 144          0.047
 145          0.065
 146          0.064
 147          0.046
 148          0.030
 149          0.025
 150          0.051
 151          0.057
 152          0.124
 153          0.184
 154          0.126
 155          0.053
 156          0.062
 157          0.069
 158          0.020
 159          0.049
 160          0.064
 161          0.059
 162          0.120
 163          0.049
 164          0.058
 165          0.038
 166          0.025
 167          0.026
 168          0.031
 169          0.040
 170          0.023
 171          0.051
 172          0.074
 173          0.083
 174          0.185
 175          0.204
 176          0.045
 177          0.141
 178          0.189
 179          0.165
 180          0.157
 181          0.150
 182          0.135
 183          0.071
 184          0.036
 185          0.042
 186          0.065
 187          0.053
 188          0.073
 189          0.096
 190          0.136
 191          0.083
 192          0.065
 193          0.071
 194          0.051
 195          0.088
 196          0.101
 197          0.111
 198          0.108
 199          0.268
 200          0.182
 201          0.103
 202          0.095
 203          0.107
 204          0.087
 205          0.124
 206          0.136
 207          0.195
 208          0.251
 209          0.148
 210          0.189
 211          0.135
 212          0.272
 213          0.230
 214          0.177
 215          0.106
 216          0.101
 217          0.132
 218          0.128
 219          0.126
 220          0.157
 221          0.139
 222          0.103
 223          0.035
 224          0.085
 225          0.081
 226          0.098
 227          0.100
 228          0.092
 229          0.124
 230          0.159
 231          0.120
 232          0.118
 233          0.071
 234          0.056
 235          0.059
 236          0.098
 237          0.326
 238          0.232
 239          0.184
 240          0.174
 241          0.141
 242          0.158
 243          0.207
 244          0.150
 245          0.131
 246          0.114
 247          0.132
 248          0.150
 249          0.100
 250          0.127
 251          0.094
 252          0.081
 253          0.063
 254          0.101
 255          0.079
 256          0.052
 257          0.033
 258          0.041
 259          0.069
 260          0.097
 261          0.108
 262          0.057
 263          0.083
 264          0.132
 265          0.137
 266          0.141
 267          0.085
 268          0.132
 269          0.129
 270          0.172
 271          0.209
 272          0.147
 273          0.161
 274          0.156
 275          0.069
 276          0.117
 277          0.114
 278          0.141
 279          0.236
 280          0.237
 281          0.150
 282          0.135
 283          0.146
 284          0.130
 285          0.180
 286          0.153
 287          0.087
 288          0.107
 289          0.102
 290          0.101
 291          0.114
 292          0.094
 293          0.115
 294          0.106
 295          0.194
 296          0.189
 297          0.118
 298          0.060
 299          0.080
 300          0.058
 301          0.092
 302          0.153
 303          0.165
 304          0.175
 305          0.173
 306          0.175
 307          0.188
 308          0.124
 309          0.083
 310          0.147
 311          0.153
 312          0.157
 313          0.103
 314          0.136
 315          0.092
 316          0.133
 317          0.102
 318          0.113
 319          0.132
 320          0.172
 321          0.188
 322          0.133
 323          0.124
 324          0.144
 325          0.212
 326          0.250
 327          0.142
 328          0.094
 329          0.136
 330          0.199
 331          0.206
 332          0.151
 333          0.117
 334          0.129
 335          0.129
 336          0.107
 337          0.139
 338          0.124
 339          0.142
 340          0.107
 341          0.108
 342          0.092
 343          0.068
 344          0.106
 345          0.183
 346          0.106
 347          0.087
 348          0.108
 349          0.087
 350          0.089
 351          0.134
 352          0.172
 353          0.397
 354          0.405
 355          0.236
 356          0.133
 357          0.072
 358          0.091
 359          0.085
 360          0.135
 361          0.060
 362          0.074
 363          0.127
 364          0.100
 365          0.139
 366          0.188
 367          0.306
 368          0.253
 369          0.154
 370          0.096
 371          0.076
 372          0.055
 373          0.067
 374          0.069
 375          0.069
 376          0.084
 377          0.078
 378          0.071
 379          0.070
 380          0.032
 381          0.053
 382          0.082
 383          0.139
 384          0.111
 385          0.147
 386          0.081
 387          0.079
 388          0.115
 389          0.131
 390          0.160
 391          0.123
 392          0.088
 393          0.040
 394          0.070
 395          0.113
 396          0.147
 397          0.117
 398          0.135
 399          0.118
 400          0.089
 401          0.061
 402          0.078
 403          0.079
 404          0.079
 405          0.092
 406          0.118
 407          0.074
 408          0.089
 409          0.045
 410          0.095
 411          0.090
 412          0.076
 413          0.129
 414          0.178
 415          0.143
 416          0.080
 417          0.075
 418          0.064
 419          0.083
 420          0.073
 421          0.072
 422          0.071
 423          0.102
 424          0.058
 425          0.065
 426          0.068
 427          0.082
 428          0.086
 429          0.088
 430          0.181
 431          0.244
 432          0.113
 433          0.113
 434          0.105
 435          0.067
 436          0.081
 437          0.058
 438          0.067
 439          0.049
 440          0.063
 441          0.112
 442          0.135
 443          0.102
 444          0.113
 445          0.125
 446          0.143
 447          0.133
 448          0.099
 449          0.098
 450          0.080
 451          0.090
 452          0.110
 453          0.097
 454          0.107
 455          0.101
 456          0.118
 457          0.131
 458          0.134
 459          0.139
 460          0.123
 461          0.127
 462          0.135
 463          0.112
 464          0.102
 465          0.099
 466          0.115
 467          0.152
 468          0.221
 469          0.069
 470          0.122
 471          0.097
 472          0.081
 473          0.113
 474          0.156
 475          0.176
 476          0.125
 477          0.168
 478          0.177
 479          0.163
 480          0.123
 481          0.118
 482          0.129
 483          0.131
 484          0.126
 485          0.127
 486          0.119
 487          0.084

# Average distance: 0.120 nm
