# Atom index    Distance (nm)
   1          0.102
   2          0.104
   3          0.029
   4          0.094
   5          0.182
   6          0.099
   7          0.055
   8          0.039
   9          0.035
  10          0.034
  11          0.078
  12          0.124
  13          0.214
  14          0.209
  15          0.195
  16          0.097
  17          0.059
  18          0.057
  19          0.098
  20          0.098
  21          0.168
  22          0.231
  23          0.275
  24          0.227
  25          0.180
  26          0.101
  27          0.096
  28          0.073
  29          0.085
  30          0.081
  31          0.109
  32          0.119
  33          0.160
  34          0.134
  35          0.162
  36          0.198
  37          0.138
  38          0.084
  39          0.090
  40          0.080
  41          0.113
  42          0.122
  43          0.200
  44          0.182
  45          0.061
  46          0.048
  47          0.165
  48          0.223
  49          0.146
  50          0.208
  51          0.283
  52          0.277
  53          0.290
  54          0.179
  55          0.154
  56          0.117
  57          0.141
  58          0.079
  59          0.166
  60          0.251
  61          0.231
  62          0.173
  63          0.161
  64          0.100
  65          0.114
  66          0.077
  67          0.089
  68          0.100
  69          0.101
  70          0.066
  71          0.029
  72          0.089
  73          0.089
  74          0.075
  75          0.177
  76          0.197
  77          0.242
  78          0.276
  79          0.239
  80          0.391
  81          0.403
  82          0.330
  83          0.216
  84          0.237
  85          0.229
  86          0.293
  87          0.268
  88          0.281
  89          0.237
  90          0.240
  91          0.228
  92          0.186
  93          0.109
  94          0.114
  95          0.169
  96          0.192
  97          0.195
  98          0.243
  99          0.223
 100          0.258
 101          0.214
 102          0.187
 103          0.234
 104          0.194
 105          0.178
 106          0.128
 107          0.116
 108          0.118
 109          0.094
 110          0.090
 111          0.084
 112          0.028
 113          0.045
 114          0.092
 115          0.081
 116          0.107
 117          0.214
 118          0.329
 119          0.255
 120          0.208
 121          0.211
 122          0.207
 123          0.160
 124          0.155
 125          0.150
 126          0.129
 127          0.084
 128          0.055
 129          0.047
 130          0.037
 131          0.053
 132          0.063
 133          0.091
 134          0.081
 135          0.073
 136          0.079
 137          0.047
 138          0.055
 139          0.094
 140          0.116
 141          0.124
 142          0.137
 143          0.107
 144          0.102
 145          0.090
 146          0.060
 147          0.072
 148          0.060
 149          0.065
 150          0.066
 151          0.081
 152          0.135
 153          0.105
 154          0.110
 155          0.118
 156          0.081
 157          0.058
 158          0.082
 159          0.051
 160          0.053
 161          0.059
 162          0.084
 163          0.092
 164          0.039
 165          0.037
 166          0.074
 167          0.097
 168          0.057
 169          0.056
 170          0.069
 171          0.115
 172          0.120
 173          0.123
 174          0.123
 175          0.121
 176          0.133
 177          0.108
 178          0.108
 179          0.144
 180          0.134
 181          0.133
 182          0.134
 183          0.131
 184          0.097
 185          0.051
 186          0.114
 187          0.164
 188          0.146
 189          0.142
 190          0.137
 191          0.114
 192          0.091
 193          0.073
 194          0.078
 195          0.084
 196          0.129
 197          0.134
 198          0.164
 199          0.235
 200          0.235
 201          0.327
 202          0.294
 203          0.156
 204          0.133
 205          0.144
 206          0.117
 207          0.126
 208          0.114
 209          0.134
 210          0.136
 211          0.136
 212          0.044
 213          0.056
 214          0.117
 215          0.099
 216          0.120
 217          0.121
 218          0.120
 219          0.143
 220          0.184
 221          0.135
 222          0.091
 223          0.136
 224          0.108
 225          0.131
 226          0.126
 227          0.103
 228          0.098
 229          0.118
 230          0.109
 231          0.074
 232          0.113
 233          0.107
 234          0.054
 235          0.087
 236          0.134
 237          0.130
 238          0.292
 239          0.375
 240          0.411
 241          0.327
 242          0.238
 243          0.216
 244          0.158
 245          0.104
 246          0.076
 247          0.104
 248          0.106
 249          0.064
 250          0.040
 251          0.042
 252          0.051
 253          0.076
 254          0.055
 255          0.052
 256          0.053
 257          0.058
 258          0.051
 259          0.042
 260          0.054
 261          0.201
 262          0.288
 263          0.360
 264          0.191
 265          0.096
 266          0.008
 267          0.063
 268          0.062
 269          0.064
 270          0.120
 271          0.084
 272          0.104
 273          0.075
 274          0.057
 275          0.065
 276          0.073
 277          0.075
 278          0.065
 279          0.056
 280          0.052
 281          0.069
 282          0.131
 283          0.115
 284          0.081
 285          0.078
 286          0.039
 287          0.039
 288          0.047
 289          0.063
 290          0.077
 291          0.056
 292          0.048
 293          0.055
 294          0.067
 295          0.067
 296          0.066
 297          0.057
 298          0.049
 299          0.045
 300          0.029
 301          0.013
 302          0.022
 303          0.071
 304          0.083
 305          0.058
 306          0.053
 307          0.019
 308          0.043
 309          0.076
 310          0.071
 311          0.097
 312          0.071
 313          0.088
 314          0.090
 315          0.065
 316          0.077
 317          0.072
 318          0.023
 319          0.028
 320          0.027
 321          0.038
 322          0.055
 323          0.103
 324          0.108
 325          0.088
 326          0.082
 327          0.081
 328          0.077
 329          0.056
 330          0.116
 331          0.247
 332          0.191
 333          0.202
 334          0.057
 335          0.130
 336          0.136
 337          0.081
 338          0.081
 339          0.084
 340          0.137
 341          0.133
 342          0.163
 343          0.122
 344          0.172
 345          0.203
 346          0.218
 347          0.157
 348          0.123
 349          0.103
 350          0.100
 351          0.096
 352          0.051
 353          0.088
 354          0.151
 355          0.092
 356          0.099
 357          0.092
 358          0.120
 359          0.206
 360          0.189
 361          0.151
 362          0.143
 363          0.160
 364          0.166
 365          0.153
 366          0.190
 367          0.164
 368          0.108
 369          0.100
 370          0.047
 371          0.041
 372          0.036
 373          0.045
 374          0.032
 375          0.061
 376          0.083
 377          0.102
 378          0.096
 379          0.076
 380          0.060
 381          0.073
 382          0.068
 383          0.059
 384          0.083
 385          0.088
 386          0.088
 387          0.062
 388          0.076
 389          0.075
 390          0.075
 391          0.089
 392          0.219
 393          0.375
 394          0.531
 395          0.416
 396          0.233
 397          0.190
 398          0.163
 399          0.120
 400          0.114
 401          0.089
 402          0.033
 403          0.070
 404          0.042
 405          0.065
 406          0.082
 407          0.086
 408          0.106
 409          0.110
 410          0.053
 411          0.043
 412          0.044
 413          0.035
 414          0.055
 415          0.060
 416          0.091
 417          0.069
 418          0.076
 419          0.101
 420          0.085
 421          0.106
 422          0.209
 423          0.046
 424          0.090
 425          0.070
 426          0.048
 427          0.054
 428          0.075
 429          0.180
 430          0.367
 431          0.454
 432          0.293
 433          0.105
 434          0.124
 435          0.116
 436          0.155
 437          0.119
 438          0.132
 439          0.112
 440          0.111
 441          0.169
 442          0.122
 443          0.090
 444          0.063
 445          0.096
 446          0.082
 447          0.072
 448          0.074
 449          0.035
 450          0.049
 451          0.068
 452          0.063
 453          0.056
 454          0.051
 455          0.032
 456          0.075
 457          0.038
 458          0.091
 459          0.120
 460          0.198
 461          0.106
 462          0.029
 463          0.050
 464          0.078
 465          0.114
 466          0.088
 467          0.145
 468          0.234
 469          0.152
 470          0.084
 471          0.076
 472          0.118
 473          0.095
 474          0.110
 475          0.120
 476          0.063
 477          0.099
 478          0.119
 479          0.110
 480          0.052
 481          0.036
 482          0.012
 483          0.024
 484          0.020
 485          0.055
 486          0.049
 487          0.062

# Average distance: 0.119 nm
