# Atom index    Distance (nm)
   1          0.386
   2          0.090
   3          0.105
   4          0.107
   5          0.064
   6          0.068
   7          0.069
   8          0.079
   9          0.077
  10          0.059
  11          0.075
  12          0.120
  13          0.121
  14          0.092
  15          0.108
  16          0.103
  17          0.108
  18          0.091
  19          0.091
  20          0.065
  21          0.152
  22          0.204
  23          0.140
  24          0.147
  25          0.120
  26          0.056
  27          0.069
  28          0.080
  29          0.100
  30          0.108
  31          0.055
  32          0.118
  33          0.185
  34          0.174
  35          0.098
  36          0.092
  37          0.114
  38          0.088
  39          0.087
  40          0.067
  41          0.123
  42          0.199
  43          0.195
  44          0.205
  45          0.149
  46          0.121
  47          0.132
  48          0.219
  49          0.242
  50          0.235
  51          0.307
  52          0.340
  53          0.275
  54          0.128
  55          0.130
  56          0.115
  57          0.110
  58          0.106
  59          0.108
  60          0.144
  61          0.131
  62          0.148
  63          0.138
  64          0.123
  65          0.141
  66          0.114
  67          0.086
  68          0.129
  69          0.117
  70          0.119
  71          0.079
  72          0.112
  73          0.164
  74          0.135
  75          0.128
  76          0.155
  77          0.232
  78          0.247
  79          0.199
  80          0.186
  81          0.162
  82          0.126
  83          0.135
  84          0.149
  85          0.127
  86          0.167
  87          0.097
  88          0.134
  89          0.137
  90          0.109
  91          0.158
  92          0.153
  93          0.216
  94          0.066
  95          0.048
  96          0.032
  97          0.068
  98          0.071
  99          0.130
 100          0.199
 101          0.182
 102          0.156
 103          0.164
 104          0.151
 105          0.076
 106          0.062
 107          0.058
 108          0.091
 109          0.120
 110          0.034
 111          0.169
 112          0.142
 113          0.056
 114          0.063
 115          0.075
 116          0.077
 117          0.140
 118          0.168
 119          0.060
 120          0.064
 121          0.070
 122          0.072
 123          0.061
 124          0.052
 125          0.058
 126          0.017
 127          0.116
 128          0.104
 129          0.072
 130          0.066
 131          0.052
 132          0.127
 133          0.091
 134          0.077
 135          0.077
 136          0.093
 137          0.088
 138          0.086
 139          0.049
 140          0.011
 141          0.055
 142          0.050
 143          0.052
 144          0.076
 145          0.059
 146          0.035
 147          0.046
 148          0.061
 149          0.090
 150          0.133
 151          0.135
 152          0.171
 153          0.269
 154          0.211
 155          0.161
 156          0.112
 157          0.058
 158          0.039
 159          0.013
 160          0.073
 161          0.055
 162          0.040
 163          0.087
 164          0.005
 165          0.034
 166          0.057
 167          0.057
 168          0.052
 169          0.041
 170          0.056
 171          0.091
 172          0.070
 173          0.068
 174          0.127
 175          0.121
 176          0.192
 177          0.270
 178          0.233
 179          0.179
 180          0.096
 181          0.101
 182          0.100
 183          0.111
 184          0.094
 185          0.069
 186          0.077
 187          0.145
 188          0.127
 189          0.118
 190          0.120
 191          0.120
 192          0.097
 193          0.132
 194          0.127
 195          0.146
 196          0.134
 197          0.130
 198          0.137
 199          0.207
 200          0.158
 201          0.136
 202          0.067
 203          0.076
 204          0.120
 205          0.093
 206          0.060
 207          0.089
 208          0.098
 209          0.111
 210          0.146
 211          0.064
 212          0.027
 213          0.068
 214          0.064
 215          0.066
 216          0.036
 217          0.067
 218          0.083
 219          0.123
 220          0.142
 221          0.138
 222          0.103
 223          0.066
 224          0.033
 225          0.029
 226          0.047
 227          0.069
 228          0.092
 229          0.079
 230          0.101
 231          0.098
 232          0.091
 233          0.072
 234          0.032
 235          0.062
 236          0.033
 237          0.124
 238          0.154
 239          0.230
 240          0.149
 241          0.124
 242          0.121
 243          0.242
 244          0.219
 245          0.148
 246          0.104
 247          0.125
 248          0.063
 249          0.083
 250          0.119
 251          0.096
 252          0.140
 253          0.051
 254          0.058
 255          0.087
 256          0.079
 257          0.095
 258          0.070
 259          0.067
 260          0.055
 261          0.067
 262          0.052
 263          0.069
 264          0.061
 265          0.043
 266          0.064
 267          0.050
 268          0.040
 269          0.034
 270          0.055
 271          0.122
 272          0.145
 273          0.057
 274          0.043
 275          0.051
 276          0.067
 277          0.053
 278          0.056
 279          0.021
 280          0.031
 281          0.040
 282          0.044
 283          0.054
 284          0.047
 285          0.040
 286          0.039
 287          0.102
 288          0.101
 289          0.071
 290          0.067
 291          0.057
 292          0.052
 293          0.064
 294          0.061
 295          0.186
 296          0.077
 297          0.038
 298          0.064
 299          0.042
 300          0.059
 301          0.037
 302          0.082
 303          0.060
 304          0.074
 305          0.077
 306          0.071
 307          0.093
 308          0.049
 309          0.085
 310          0.102
 311          0.073
 312          0.081
 313          0.069
 314          0.129
 315          0.029
 316          0.028
 317          0.063
 318          0.089
 319          0.048
 320          0.067
 321          0.071
 322          0.033
 323          0.083
 324          0.016
 325          0.044
 326          0.056
 327          0.089
 328          0.080
 329          0.106
 330          0.072
 331          0.080
 332          0.047
 333          0.041
 334          0.036
 335          0.063
 336          0.118
 337          0.071
 338          0.025
 339          0.048
 340          0.072
 341          0.074
 342          0.048
 343          0.041
 344          0.066
 345          0.059
 346          0.055
 347          0.027
 348          0.050
 349          0.037
 350          0.047
 351          0.063
 352          0.066
 353          0.157
 354          0.134
 355          0.056
 356          0.055
 357          0.062
 358          0.044
 359          0.036
 360          0.125
 361          0.099
 362          0.149
 363          0.126
 364          0.113
 365          0.104
 366          0.064
 367          0.077
 368          0.079
 369          0.060
 370          0.093
 371          0.094
 372          0.085
 373          0.073
 374          0.048
 375          0.093
 376          0.080
 377          0.073
 378          0.080
 379          0.057
 380          0.067
 381          0.044
 382          0.056
 383          0.070
 384          0.088
 385          0.262
 386          0.416
 387          0.199
 388          0.090
 389          0.155
 390          0.177
 391          0.094
 392          0.139
 393          0.132
 394          0.285
 395          0.225
 396          0.164
 397          0.157
 398          0.119
 399          0.107
 400          0.122
 401          0.247
 402          0.133
 403          0.166
 404          0.161
 405          0.062
 406          0.052
 407          0.054
 408          0.058
 409          0.093
 410          0.057
 411          0.087
 412          0.046
 413          0.175
 414          0.103
 415          0.125
 416          0.111
 417          0.075
 418          0.122
 419          0.101
 420          0.108
 421          0.110
 422          0.254
 423          0.329
 424          0.236
 425          0.183
 426          0.123
 427          0.096
 428          0.119
 429          0.150
 430          0.313
 431          0.239
 432          0.233
 433          0.195
 434          0.182
 435          0.140
 436          0.137
 437          0.129
 438          0.203
 439          0.250
 440          0.327
 441          0.263
 442          0.164
 443          0.158
 444          0.122
 445          0.071
 446          0.073
 447          0.036
 448          0.061
 449          0.080
 450          0.078
 451          0.069
 452          0.072
 453          0.039
 454          0.033
 455          0.069
 456          0.048
 457          0.028
 458          0.055
 459          0.107
 460          0.190
 461          0.170
 462          0.125
 463          0.077
 464          0.087
 465          0.092
 466          0.101
 467          0.231
 468          0.331
 469          0.230
 470          0.145
 471          0.150
 472          0.133
 473          0.104
 474          0.117
 475          0.138
 476          0.133
 477          0.097
 478          0.099
 479          0.018
 480          0.016
 481          0.058
 482          0.056
 483          0.057
 484          0.036
 485          0.046
 486          0.057
 487          0.058

# Average distance: 0.105 nm
