# Atom index    Distance (nm)
   1          0.232
   2          0.036
   3          0.129
   4          0.083
   5          0.091
   6          0.046
   7          0.046
   8          0.079
   9          0.092
  10          0.079
  11          0.070
  12          0.086
  13          0.031
  14          0.059
  15          0.078
  16          0.090
  17          0.062
  18          0.082
  19          0.078
  20          0.120
  21          0.106
  22          0.084
  23          0.152
  24          0.137
  25          0.094
  26          0.111
  27          0.107
  28          0.096
  29          0.077
  30          0.137
  31          0.065
  32          0.105
  33          0.125
  34          0.139
  35          0.170
  36          0.135
  37          0.091
  38          0.087
  39          0.074
  40          0.062
  41          0.097
  42          0.045
  43          0.030
  44          0.052
  45          0.117
  46          0.183
  47          0.083
  48          0.083
  49          0.180
  50          0.069
  51          0.125
  52          0.169
  53          0.101
  54          0.063
  55          0.070
  56          0.079
  57          0.098
  58          0.098
  59          0.122
  60          0.129
  61          0.088
  62          0.083
  63          0.099
  64          0.102
  65          0.146
  66          0.096
  67          0.310
  68          0.404
  69          0.277
  70          0.184
  71          0.173
  72          0.152
  73          0.116
  74          0.120
  75          0.119
  76          0.092
  77          0.100
  78          0.103
  79          0.076
  80          0.102
  81          0.114
  82          0.097
  83          0.081
  84          0.059
  85          0.069
  86          0.124
  87          0.127
  88          0.075
  89          0.075
  90          0.025
  91          0.040
  92          0.048
  93          0.054
  94          0.075
  95          0.080
  96          0.047
  97          0.042
  98          0.037
  99          0.064
 100          0.110
 101          0.123
 102          0.060
 103          0.075
 104          0.094
 105          0.059
 106          0.090
 107          0.102
 108          0.138
 109          0.086
 110          0.063
 111          0.116
 112          0.143
 113          0.086
 114          0.125
 115          0.153
 116          0.119
 117          0.085
 118          0.083
 119          0.044
 120          0.025
 121          0.055
 122          0.058
 123          0.044
 124          0.014
 125          0.064
 126          0.093
 127          0.128
 128          0.222
 129          0.175
 130          0.095
 131          0.053
 132          0.047
 133          0.045
 134          0.058
 135          0.036
 136          0.064
 137          0.068
 138          0.048
 139          0.040
 140          0.045
 141          0.049
 142          0.091
 143          0.090
 144          0.063
 145          0.041
 146          0.026
 147          0.024
 148          0.017
 149          0.015
 150          0.093
 151          0.124
 152          0.081
 153          0.066
 154          0.069
 155          0.061
 156          0.082
 157          0.076
 158          0.058
 159          0.015
 160          0.023
 161          0.036
 162          0.030
 163          0.057
 164          0.067
 165          0.080
 166          0.102
 167          0.120
 168          0.070
 169          0.075
 170          0.080
 171          0.077
 172          0.057
 173          0.037
 174          0.024
 175          0.040
 176          0.042
 177          0.086
 178          0.073
 179          0.040
 180          0.070
 181          0.057
 182          0.095
 183          0.065
 184          0.077
 185          0.090
 186          0.100
 187          0.081
 188          0.057
 189          0.074
 190          0.067
 191          0.061
 192          0.056
 193          0.155
 194          0.142
 195          0.054
 196          0.101
 197          0.058
 198          0.073
 199          0.130
 200          0.111
 201          0.197
 202          0.178
 203          0.079
 204          0.078
 205          0.062
 206          0.074
 207          0.082
 208          0.079
 209          0.044
 210          0.056
 211          0.032
 212          0.136
 213          0.107
 214          0.024
 215          0.034
 216          0.005
 217          0.037
 218          0.071
 219          0.060
 220          0.096
 221          0.112
 222          0.092
 223          0.063
 224          0.051
 225          0.067
 226          0.052
 227          0.032
 228          0.019
 229          0.081
 230          0.130
 231          0.096
 232          0.072
 233          0.077
 234          0.062
 235          0.105
 236          0.055
 237          0.121
 238          0.209
 239          0.166
 240          0.384
 241          0.225
 242          0.128
 243          0.079
 244          0.078
 245          0.082
 246          0.049
 247          0.058
 248          0.069
 249          0.078
 250          0.090
 251          0.049
 252          0.064
 253          0.064
 254          0.044
 255          0.046
 256          0.054
 257          0.053
 258          0.060
 259          0.024
 260          0.018
 261          0.073
 262          0.119
 263          0.112
 264          0.115
 265          0.077
 266          0.072
 267          0.075
 268          0.048
 269          0.044
 270          0.034
 271          0.067
 272          0.097
 273          0.110
 274          0.101
 275          0.058
 276          0.070
 277          0.098
 278          0.136
 279          0.121
 280          0.145
 281          0.148
 282          0.125
 283          0.111
 284          0.132
 285          0.072
 286          0.069
 287          0.065
 288          0.053
 289          0.047
 290          0.038
 291          0.072
 292          0.064
 293          0.064
 294          0.061
 295          0.035
 296          0.092
 297          0.048
 298          0.022
 299          0.016
 300          0.047
 301          0.047
 302          0.064
 303          0.070
 304          0.108
 305          0.091
 306          0.136
 307          0.083
 308          0.046
 309          0.040
 310          0.107
 311          0.088
 312          0.068
 313          0.054
 314          0.021
 315          0.056
 316          0.076
 317          0.087
 318          0.078
 319          0.042
 320          0.155
 321          0.109
 322          0.146
 323          0.056
 324          0.052
 325          0.079
 326          0.088
 327          0.110
 328          0.063
 329          0.055
 330          0.038
 331          0.034
 332          0.034
 333          0.069
 334          0.041
 335          0.043
 336          0.063
 337          0.021
 338          0.050
 339          0.053
 340          0.059
 341          0.026
 342          0.073
 343          0.135
 344          0.163
 345          0.145
 346          0.152
 347          0.124
 348          0.084
 349          0.090
 350          0.087
 351          0.245
 352          0.291
 353          0.370
 354          0.245
 355          0.164
 356          0.130
 357          0.066
 358          0.065
 359          0.078
 360          0.092
 361          0.077
 362          0.206
 363          0.185
 364          0.131
 365          0.138
 366          0.179
 367          0.135
 368          0.046
 369          0.080
 370          0.062
 371          0.068
 372          0.053
 373          0.054
 374          0.079
 375          0.046
 376          0.062
 377          0.040
 378          0.046
 379          0.042
 380          0.034
 381          0.058
 382          0.096
 383          0.072
 384          0.095
 385          0.137
 386          0.096
 387          0.066
 388          0.071
 389          0.042
 390          0.076
 391          0.074
 392          0.072
 393          0.057
 394          0.134
 395          0.176
 396          0.092
 397          0.085
 398          0.062
 399          0.084
 400          0.108
 401          0.106
 402          0.089
 403          0.137
 404          0.105
 405          0.083
 406          0.055
 407          0.059
 408          0.024
 409          0.025
 410          0.054
 411          0.090
 412          0.077
 413          0.180
 414          0.069
 415          0.030
 416          0.077
 417          0.054
 418          0.065
 419          0.049
 420          0.032
 421          0.065
 422          0.069
 423          0.048
 424          0.076
 425          0.079
 426          0.053
 427          0.061
 428          0.052
 429          0.129
 430          0.183
 431          0.235
 432          0.091
 433          0.083
 434          0.093
 435          0.054
 436          0.045
 437          0.062
 438          0.110
 439          0.092
 440          0.038
 441          0.069
 442          0.086
 443          0.060
 444          0.024
 445          0.073
 446          0.057
 447          0.079
 448          0.067
 449          0.058
 450          0.043
 451          0.038
 452          0.079
 453          0.022
 454          0.037
 455          0.064
 456          0.049
 457          0.049
 458          0.062
 459          0.086
 460          0.141
 461          0.127
 462          0.093
 463          0.060
 464          0.086
 465          0.050
 466          0.051
 467          0.069
 468          0.110
 469          0.049
 470          0.053
 471          0.091
 472          0.036
 473          0.064
 474          0.088
 475          0.090
 476          0.100
 477          0.120
 478          0.127
 479          0.222
 480          0.240
 481          0.263
 482          0.228
 483          0.133
 484          0.116
 485          0.066
 486          0.029
 487          0.051

# Average distance: 0.087 nm
