# Atom index    Distance (nm)
   1          0.295
   2          0.334
   3          0.302
   4          0.232
   5          0.199
   6          0.116
   7          0.063
   8          0.037
   9          0.052
  10          0.037
  11          0.020
  12          0.046
  13          0.179
  14          0.072
  15          0.065
  16          0.046
  17          0.041
  18          0.044
  19          0.061
  20          0.051
  21          0.070
  22          0.095
  23          0.092
  24          0.045
  25          0.064
  26          0.093
  27          0.067
  28          0.047
  29          0.050
  30          0.106
  31          0.074
  32          0.052
  33          0.076
  34          0.086
  35          0.101
  36          0.155
  37          0.108
  38          0.086
  39          0.122
  40          0.133
  41          0.167
  42          0.184
  43          0.056
  44          0.082
  45          0.130
  46          0.077
  47          0.157
  48          0.125
  49          0.129
  50          0.197
  51          0.164
  52          0.156
  53          0.137
  54          0.113
  55          0.086
  56          0.074
  57          0.098
  58          0.095
  59          0.074
  60          0.067
  61          0.045
  62          0.068
  63          0.063
  64          0.065
  65          0.077
  66          0.093
  67          0.149
  68          0.155
  69          0.158
  70          0.118
  71          0.140
  72          0.070
  73          0.059
  74          0.031
  75          0.030
  76          0.071
  77          0.109
  78          0.101
  79          0.137
  80          0.289
  81          0.144
  82          0.077
  83          0.096
  84          0.115
  85          0.114
  86          0.088
  87          0.107
  88          0.056
  89          0.107
  90          0.131
  91          0.172
  92          0.194
  93          0.188
  94          0.142
  95          0.113
  96          0.140
  97          0.120
  98          0.067
  99          0.056
 100          0.137
 101          0.084
 102          0.089
 103          0.100
 104          0.071
 105          0.070
 106          0.076
 107          0.041
 108          0.066
 109          0.052
 110          0.047
 111          0.049
 112          0.062
 113          0.020
 114          0.024
 115          0.041
 116          0.044
 117          0.050
 118          0.058
 119          0.153
 120          0.156
 121          0.108
 122          0.082
 123          0.052
 124          0.067
 125          0.076
 126          0.085
 127          0.037
 128          0.029
 129          0.045
 130          0.039
 131          0.050
 132          0.051
 133          0.041
 134          0.038
 135          0.028
 136          0.045
 137          0.068
 138          0.078
 139          0.111
 140          0.127
 141          0.155
 142          0.170
 143          0.162
 144          0.118
 145          0.065
 146          0.093
 147          0.069
 148          0.080
 149          0.108
 150          0.151
 151          0.154
 152          0.202
 153          0.158
 154          0.094
 155          0.050
 156          0.034
 157          0.047
 158          0.063
 159          0.089
 160          0.104
 161          0.096
 162          0.111
 163          0.154
 164          0.116
 165          0.125
 166          0.119
 167          0.105
 168          0.104
 169          0.075
 170          0.065
 171          0.057
 172          0.056
 173          0.081
 174          0.073
 175          0.034
 176          0.118
 177          0.135
 178          0.066
 179          0.111
 180          0.068
 181          0.064
 182          0.052
 183          0.036
 184          0.067
 185          0.092
 186          0.088
 187          0.026
 188          0.054
 189          0.057
 190          0.031
 191          0.026
 192          0.086
 193          0.104
 194          0.053
 195          0.057
 196          0.064
 197          0.062
 198          0.197
 199          0.253
 200          0.172
 201          0.225
 202          0.224
 203          0.090
 204          0.051
 205          0.078
 206          0.130
 207          0.164
 208          0.185
 209          0.125
 210          0.324
 211          0.206
 212          0.153
 213          0.110
 214          0.150
 215          0.105
 216          0.101
 217          0.106
 218          0.103
 219          0.056
 220          0.133
 221          0.109
 222          0.107
 223          0.071
 224          0.062
 225          0.067
 226          0.089
 227          0.077
 228          0.030
 229          0.095
 230          0.121
 231          0.069
 232          0.070
 233          0.090
 234          0.062
 235          0.111
 236          0.026
 237          0.079
 238          0.058
 239          0.089
 240          0.089
 241          0.097
 242          0.185
 243          0.141
 244          0.139
 245          0.186
 246          0.174
 247          0.143
 248          0.121
 249          0.084
 250          0.080
 251          0.071
 252          0.116
 253          0.115
 254          0.099
 255          0.144
 256          0.124
 257          0.076
 258          0.058
 259          0.109
 260          0.114
 261          0.096
 262          0.106
 263          0.160
 264          0.162
 265          0.153
 266          0.132
 267          0.081
 268          0.053
 269          0.062
 270          0.078
 271          0.100
 272          0.138
 273          0.132
 274          0.135
 275          0.107
 276          0.123
 277          0.146
 278          0.154
 279          0.120
 280          0.166
 281          0.159
 282          0.116
 283          0.096
 284          0.097
 285          0.040
 286          0.079
 287          0.093
 288          0.068
 289          0.084
 290          0.085
 291          0.084
 292          0.070
 293          0.113
 294          0.220
 295          0.257
 296          0.216
 297          0.159
 298          0.106
 299          0.070
 300          0.076
 301          0.109
 302          0.090
 303          0.073
 304          0.113
 305          0.143
 306          0.169
 307          0.149
 308          0.137
 309          0.133
 310          0.125
 311          0.159
 312          0.189
 313          0.129
 314          0.145
 315          0.028
 316          0.097
 317          0.125
 318          0.127
 319          0.098
 320          0.167
 321          0.186
 322          0.181
 323          0.169
 324          0.149
 325          0.136
 326          0.179
 327          0.149
 328          0.095
 329          0.087
 330          0.080
 331          0.070
 332          0.080
 333          0.084
 334          0.061
 335          0.064
 336          0.058
 337          0.059
 338          0.069
 339          0.086
 340          0.097
 341          0.150
 342          0.110
 343          0.117
 344          0.170
 345          0.190
 346          0.301
 347          0.129
 348          0.060
 349          0.062
 350          0.086
 351          0.082
 352          0.104
 353          0.193
 354          0.211
 355          0.147
 356          0.126
 357          0.114
 358          0.072
 359          0.078
 360          0.057
 361          0.044
 362          0.087
 363          0.086
 364          0.120
 365          0.087
 366          0.103
 367          0.088
 368          0.068
 369          0.082
 370          0.075
 371          0.149
 372          0.123
 373          0.076
 374          0.081
 375          0.082
 376          0.108
 377          0.088
 378          0.113
 379          0.101
 380          0.046
 381          0.041
 382          0.061
 383          0.026
 384          0.128
 385          0.132
 386          0.104
 387          0.039
 388          0.047
 389          0.079
 390          0.062
 391          0.034
 392          0.077
 393          0.112
 394          0.137
 395          0.090
 396          0.117
 397          0.085
 398          0.044
 399          0.053
 400          0.049
 401          0.067
 402          0.062
 403          0.034
 404          0.065
 405          0.051
 406          0.021
 407          0.034
 408          0.097
 409          0.118
 410          0.105
 411          0.059
 412          0.085
 413          0.098
 414          0.171
 415          0.115
 416          0.071
 417          0.072
 418          0.063
 419          0.062
 420          0.119
 421          0.155
 422          0.135
 423          0.128
 424          0.166
 425          0.112
 426          0.081
 427          0.106
 428          0.110
 429          0.102
 430          0.103
 431          0.106
 432          0.207
 433          0.102
 434          0.076
 435          0.062
 436          0.060
 437          0.109
 438          0.202
 439          0.133
 440          0.080
 441          0.098
 442          0.103
 443          0.096
 444          0.067
 445          0.072
 446          0.078
 447          0.078
 448          0.079
 449          0.084
 450          0.089
 451          0.114
 452          0.233
 453          0.145
 454          0.100
 455          0.069
 456          0.043
 457          0.043
 458          0.037
 459          0.018
 460          0.063
 461          0.032
 462          0.085
 463          0.074
 464          0.034
 465          0.037
 466          0.044
 467          0.052
 468          0.028
 469          0.038
 470          0.073
 471          0.048
 472          0.027
 473          0.039
 474          0.050
 475          0.085
 476          0.086
 477          0.149
 478          0.156
 479          0.130
 480          0.124
 481          0.129
 482          0.055
 483          0.037
 484          0.044
 485          0.046
 486          0.039
 487          0.066

# Average distance: 0.100 nm
