# Atom index    Distance (nm)
   1          0.259
   2          0.101
   3          0.085
   4          0.068
   5          0.047
   6          0.075
   7          0.048
   8          0.045
   9          0.052
  10          0.054
  11          0.061
  12          0.076
  13          0.153
  14          0.104
  15          0.106
  16          0.091
  17          0.037
  18          0.047
  19          0.080
  20          0.117
  21          0.108
  22          0.098
  23          0.099
  24          0.143
  25          0.155
  26          0.100
  27          0.077
  28          0.092
  29          0.058
  30          0.069
  31          0.081
  32          0.135
  33          0.051
  34          0.043
  35          0.053
  36          0.067
  37          0.056
  38          0.030
  39          0.073
  40          0.100
  41          0.149
  42          0.213
  43          0.165
  44          0.205
  45          0.127
  46          0.174
  47          0.253
  48          0.476
  49          0.512
  50          0.336
  51          0.047
  52          0.098
  53          0.166
  54          0.182
  55          0.190
  56          0.169
  57          0.123
  58          0.115
  59          0.148
  60          0.097
  61          0.115
  62          0.055
  63          0.096
  64          0.127
  65          0.169
  66          0.137
  67          0.151
  68          0.148
  69          0.146
  70          0.176
  71          0.149
  72          0.120
  73          0.117
  74          0.052
  75          0.042
  76          0.059
  77          0.182
  78          0.225
  79          0.199
  80          0.174
  81          0.163
  82          0.187
  83          0.195
  84          0.155
  85          0.143
  86          0.200
  87          0.173
  88          0.290
  89          0.269
  90          0.245
  91          0.308
  92          0.265
  93          0.130
  94          0.174
  95          0.188
  96          0.154
  97          0.147
  98          0.169
  99          0.177
 100          0.218
 101          0.230
 102          0.200
 103          0.215
 104          0.186
 105          0.167
 106          0.148
 107          0.152
 108          0.142
 109          0.164
 110          0.140
 111          0.147
 112          0.171
 113          0.155
 114          0.188
 115          0.180
 116          0.192
 117          0.155
 118          0.209
 119          0.168
 120          0.158
 121          0.190
 122          0.183
 123          0.212
 124          0.173
 125          0.110
 126          0.121
 127          0.169
 128          0.034
 129          0.055
 130          0.049
 131          0.054
 132          0.018
 133          0.077
 134          0.079
 135          0.062
 136          0.040
 137          0.047
 138          0.072
 139          0.094
 140          0.096
 141          0.080
 142          0.138
 143          0.149
 144          0.134
 145          0.080
 146          0.058
 147          0.041
 148          0.010
 149          0.027
 150          0.029
 151          0.038
 152          0.058
 153          0.078
 154          0.071
 155          0.036
 156          0.057
 157          0.061
 158          0.060
 159          0.087
 160          0.103
 161          0.066
 162          0.085
 163          0.069
 164          0.041
 165          0.035
 166          0.043
 167          0.051
 168          0.056
 169          0.072
 170          0.052
 171          0.046
 172          0.075
 173          0.069
 174          0.070
 175          0.091
 176          0.080
 177          0.072
 178          0.152
 179          0.098
 180          0.035
 181          0.063
 182          0.111
 183          0.105
 184          0.083
 185          0.096
 186          0.073
 187          0.073
 188          0.067
 189          0.073
 190          0.054
 191          0.030
 192          0.042
 193          0.097
 194          0.088
 195          0.098
 196          0.084
 197          0.085
 198          0.127
 199          0.159
 200          0.137
 201          0.151
 202          0.164
 203          0.074
 204          0.051
 205          0.030
 206          0.023
 207          0.034
 208          0.043
 209          0.094
 210          0.141
 211          0.084
 212          0.230
 213          0.232
 214          0.088
 215          0.113
 216          0.072
 217          0.060
 218          0.036
 219          0.088
 220          0.147
 221          0.150
 222          0.078
 223          0.059
 224          0.026
 225          0.035
 226          0.075
 227          0.119
 228          0.144
 229          0.197
 230          0.100
 231          0.160
 232          0.166
 233          0.128
 234          0.081
 235          0.057
 236          0.032
 237          0.129
 238          0.224
 239          0.317
 240          0.452
 241          0.200
 242          0.163
 243          0.266
 244          0.249
 245          0.068
 246          0.094
 247          0.073
 248          0.061
 249          0.096
 250          0.067
 251          0.042
 252          0.042
 253          0.031
 254          0.028
 255          0.075
 256          0.054
 257          0.051
 258          0.056
 259          0.058
 260          0.062
 261          0.084
 262          0.089
 263          0.104
 264          0.130
 265          0.071
 266          0.083
 267          0.071
 268          0.047
 269          0.041
 270          0.040
 271          0.077
 272          0.103
 273          0.119
 274          0.062
 275          0.041
 276          0.044
 277          0.060
 278          0.061
 279          0.058
 280          0.038
 281          0.073
 282          0.072
 283          0.047
 284          0.040
 285          0.068
 286          0.050
 287          0.072
 288          0.056
 289          0.056
 290          0.072
 291          0.091
 292          0.087
 293          0.135
 294          0.173
 295          0.163
 296          0.135
 297          0.109
 298          0.066
 299          0.035
 300          0.083
 301          0.045
 302          0.059
 303          0.055
 304          0.065
 305          0.078
 306          0.086
 307          0.095
 308          0.055
 309          0.074
 310          0.121
 311          0.056
 312          0.066
 313          0.128
 314          0.126
 315          0.078
 316          0.124
 317          0.089
 318          0.085
 319          0.079
 320          0.123
 321          0.143
 322          0.131
 323          0.162
 324          0.146
 325          0.116
 326          0.126
 327          0.104
 328          0.058
 329          0.088
 330          0.224
 331          0.281
 332          0.198
 333          0.130
 334          0.071
 335          0.084
 336          0.164
 337          0.029
 338          0.011
 339          0.021
 340          0.020
 341          0.078
 342          0.128
 343          0.015
 344          0.057
 345          0.034
 346          0.085
 347          0.046
 348          0.029
 349          0.048
 350          0.068
 351          0.079
 352          0.066
 353          0.066
 354          0.180
 355          0.108
 356          0.070
 357          0.042
 358          0.044
 359          0.048
 360          0.191
 361          0.043
 362          0.050
 363          0.034
 364          0.061
 365          0.068
 366          0.140
 367          0.049
 368          0.046
 369          0.045
 370          0.044
 371          0.049
 372          0.031
 373          0.032
 374          0.045
 375          0.064
 376          0.078
 377          0.083
 378          0.078
 379          0.093
 380          0.106
 381          0.070
 382          0.045
 383          0.059
 384          0.042
 385          0.275
 386          0.463
 387          0.085
 388          0.039
 389          0.096
 390          0.072
 391          0.095
 392          0.047
 393          0.240
 394          0.136
 395          0.049
 396          0.038
 397          0.038
 398          0.046
 399          0.102
 400          0.094
 401          0.138
 402          0.115
 403          0.053
 404          0.105
 405          0.062
 406          0.050
 407          0.047
 408          0.027
 409          0.019
 410          0.025
 411          0.048
 412          0.111
 413          0.121
 414          0.097
 415          0.090
 416          0.065
 417          0.036
 418          0.025
 419          0.026
 420          0.026
 421          0.096
 422          0.234
 423          0.243
 424          0.178
 425          0.048
 426          0.035
 427          0.034
 428          0.072
 429          0.065
 430          0.166
 431          0.160
 432          0.148
 433          0.086
 434          0.067
 435          0.064
 436          0.008
 437          0.065
 438          0.137
 439          0.061
 440          0.061
 441          0.088
 442          0.119
 443          0.093
 444          0.033
 445          0.033
 446          0.058
 447          0.057
 448          0.067
 449          0.063
 450          0.085
 451          0.116
 452          0.136
 453          0.076
 454          0.105
 455          0.071
 456          0.059
 457          0.061
 458          0.052
 459          0.068
 460          0.087
 461          0.087
 462          0.042
 463          0.034
 464          0.030
 465          0.060
 466          0.089
 467          0.096
 468          0.185
 469          0.143
 470          0.166
 471          0.053
 472          0.070
 473          0.046
 474          0.027
 475          0.078
 476          0.079
 477          0.094
 478          0.141
 479          0.176
 480          0.199
 481          0.158
 482          0.155
 483          0.147
 484          0.110
 485          0.099
 486          0.065
 487          0.067

# Average distance: 0.102 nm
