# Atom index    Distance (nm)
   1          0.470
   2          0.368
   3          0.247
   4          0.125
   5          0.037
   6          0.061
   7          0.127
   8          0.103
   9          0.072
  10          0.069
  11          0.094
  12          0.117
  13          0.178
  14          0.175
  15          0.227
  16          0.181
  17          0.111
  18          0.110
  19          0.137
  20          0.241
  21          0.147
  22          0.114
  23          0.096
  24          0.204
  25          0.290
  26          0.306
  27          0.221
  28          0.171
  29          0.167
  30          0.151
  31          0.123
  32          0.070
  33          0.081
  34          0.090
  35          0.202
  36          0.194
  37          0.175
  38          0.137
  39          0.146
  40          0.134
  41          0.109
  42          0.120
  43          0.226
  44          0.152
  45          0.226
  46          0.294
  47          0.381
  48          0.429
  49          0.315
  50          0.267
  51          0.347
  52          0.258
  53          0.231
  54          0.177
  55          0.174
  56          0.140
  57          0.124
  58          0.086
  59          0.123
  60          0.146
  61          0.203
  62          0.156
  63          0.124
  64          0.107
  65          0.137
  66          0.189
  67          0.294
  68          0.287
  69          0.224
  70          0.178
  71          0.265
  72          0.196
  73          0.176
  74          0.129
  75          0.192
  76          0.214
  77          0.224
  78          0.203
  79          0.229
  80          0.264
  81          0.238
  82          0.221
  83          0.197
  84          0.252
  85          0.175
  86          0.219
  87          0.199
  88          0.174
  89          0.124
  90          0.157
  91          0.213
  92          0.230
  93          0.159
  94          0.132
  95          0.104
  96          0.192
  97          0.191
  98          0.189
  99          0.190
 100          0.285
 101          0.308
 102          0.271
 103          0.229
 104          0.203
 105          0.185
 106          0.175
 107          0.145
 108          0.161
 109          0.302
 110          0.506
 111          0.532
 112          0.274
 113          0.215
 114          0.212
 115          0.168
 116          0.191
 117          0.243
 118          0.177
 119          0.338
 120          0.227
 121          0.190
 122          0.158
 123          0.177
 124          0.162
 125          0.151
 126          0.139
 127          0.148
 128          0.105
 129          0.075
 130          0.072
 131          0.077
 132          0.088
 133          0.099
 134          0.120
 135          0.091
 136          0.126
 137          0.189
 138          0.248
 139          0.196
 140          0.153
 141          0.203
 142          0.147
 143          0.175
 144          0.244
 145          0.179
 146          0.163
 147          0.118
 148          0.073
 149          0.044
 150          0.027
 151          0.024
 152          0.139
 153          0.250
 154          0.135
 155          0.069
 156          0.047
 157          0.049
 158          0.072
 159          0.090
 160          0.128
 161          0.132
 162          0.170
 163          0.183
 164          0.152
 165          0.102
 166          0.086
 167          0.062
 168          0.070
 169          0.100
 170          0.108
 171          0.108
 172          0.106
 173          0.093
 174          0.087
 175          0.315
 176          0.437
 177          0.346
 178          0.220
 179          0.131
 180          0.100
 181          0.063
 182          0.070
 183          0.078
 184          0.038
 185          0.017
 186          0.021
 187          0.051
 188          0.063
 189          0.059
 190          0.087
 191          0.057
 192          0.028
 193          0.050
 194          0.068
 195          0.088
 196          0.050
 197          0.086
 198          0.057
 199          0.067
 200          0.099
 201          0.179
 202          0.203
 203          0.087
 204          0.074
 205          0.105
 206          0.125
 207          0.150
 208          0.150
 209          0.239
 210          0.250
 211          0.284
 212          0.327
 213          0.123
 214          0.194
 215          0.215
 216          0.182
 217          0.154
 218          0.155
 219          0.164
 220          0.189
 221          0.159
 222          0.106
 223          0.151
 224          0.131
 225          0.113
 226          0.071
 227          0.048
 228          0.086
 229          0.244
 230          0.430
 231          0.321
 232          0.209
 233          0.091
 234          0.078
 235          0.107
 236          0.110
 237          0.229
 238          0.018
 239          0.322
 240          0.374
 241          0.209
 242          0.119
 243          0.050
 244          0.101
 245          0.093
 246          0.106
 247          0.163
 248          0.227
 249          0.288
 250          0.170
 251          0.097
 252          0.094
 253          0.094
 254          0.095
 255          0.092
 256          0.103
 257          0.046
 258          0.024
 259          0.027
 260          0.065
 261          0.086
 262          0.136
 263          0.126
 264          0.104
 265          0.112
 266          0.107
 267          0.092
 268          0.174
 269          0.229
 270          0.288
 271          0.270
 272          0.277
 273          0.259
 274          0.217
 275          0.160
 276          0.148
 277          0.133
 278          0.143
 279          0.192
 280          0.192
 281          0.105
 282          0.086
 283          0.103
 284          0.087
 285          0.191
 286          0.082
 287          0.059
 288          0.070
 289          0.096
 290          0.103
 291          0.110
 292          0.138
 293          0.132
 294          0.103
 295          0.122
 296          0.123
 297          0.118
 298          0.119
 299          0.138
 300          0.148
 301          0.122
 302          0.181
 303          0.162
 304          0.138
 305          0.195
 306          0.198
 307          0.194
 308          0.157
 309          0.168
 310          0.216
 311          0.207
 312          0.216
 313          0.264
 314          0.251
 315          0.264
 316          0.223
 317          0.179
 318          0.185
 319          0.201
 320          0.218
 321          0.243
 322          0.266
 323          0.246
 324          0.201
 325          0.167
 326          0.234
 327          0.208
 328          0.181
 329          0.154
 330          0.114
 331          0.080
 332          0.148
 333          0.086
 334          0.073
 335          0.106
 336          0.096
 337          0.018
 338          0.038
 339          0.060
 340          0.047
 341          0.054
 342          0.076
 343          0.143
 344          0.166
 345          0.195
 346          0.148
 347          0.128
 348          0.083
 349          0.123
 350          0.140
 351          0.159
 352          0.200
 353          0.304
 354          0.094
 355          0.168
 356          0.158
 357          0.159
 358          0.154
 359          0.147
 360          0.262
 361          0.135
 362          0.025
 363          0.044
 364          0.074
 365          0.101
 366          0.130
 367          0.125
 368          0.114
 369          0.087
 370          0.076
 371          0.053
 372          0.044
 373          0.037
 374          0.034
 375          0.061
 376          0.060
 377          0.074
 378          0.051
 379          0.078
 380          0.077
 381          0.114
 382          0.153
 383          0.118
 384          0.119
 385          0.118
 386          0.118
 387          0.119
 388          0.137
 389          0.138
 390          0.102
 391          0.157
 392          0.228
 393          0.203
 394          0.315
 395          0.216
 396          0.227
 397          0.176
 398          0.169
 399          0.121
 400          0.134
 401          0.068
 402          0.055
 403          0.048
 404          0.052
 405          0.077
 406          0.114
 407          0.115
 408          0.096
 409          0.131
 410          0.065
 411          0.042
 412          0.071
 413          0.090
 414          0.060
 415          0.029
 416          0.042
 417          0.041
 418          0.051
 419          0.101
 420          0.121
 421          0.114
 422          0.219
 423          0.126
 424          0.177
 425          0.152
 426          0.127
 427          0.135
 428          0.108
 429          0.085
 430          0.205
 431          0.191
 432          0.197
 433          0.144
 434          0.135
 435          0.142
 436          0.195
 437          0.180
 438          0.160
 439          0.107
 440          0.156
 441          0.076
 442          0.126
 443          0.122
 444          0.098
 445          0.091
 446          0.069
 447          0.055
 448          0.046
 449          0.051
 450          0.062
 451          0.103
 452          0.140
 453          0.062
 454          0.061
 455          0.050
 456          0.075
 457          0.086
 458          0.065
 459          0.101
 460          0.281
 461          0.206
 462          0.103
 463          0.086
 464          0.097
 465          0.122
 466          0.140
 467          0.115
 468          0.250
 469          0.230
 470          0.201
 471          0.205
 472          0.156
 473          0.103
 474          0.081
 475          0.112
 476          0.110
 477          0.169
 478          0.176
 479          0.165
 480          0.138
 481          0.126
 482          0.119
 483          0.119
 484          0.107
 485          0.084
 486          0.087
 487          0.066

# Average distance: 0.149 nm
