# Atom index    Distance (nm)
   1          0.932
   2          0.317
   3          0.223
   4          0.114
   5          0.101
   6          0.086
   7          0.058
   8          0.022
   9          0.016
  10          0.047
  11          0.032
  12          0.058
  13          0.062
  14          0.079
  15          0.076
  16          0.028
  17          0.023
  18          0.041
  19          0.058
  20          0.065
  21          0.032
  22          0.063
  23          0.111
  24          0.122
  25          0.080
  26          0.062
  27          0.041
  28          0.030
  29          0.002
  30          0.040
  31          0.037
  32          0.039
  33          0.089
  34          0.031
  35          0.066
  36          0.117
  37          0.062
  38          0.027
  39          0.072
  40          0.077
  41          0.062
  42          0.059
  43          0.083
  44          0.100
  45          0.143
  46          0.273
  47          0.232
  48          0.249
  49          0.131
  50          0.114
  51          0.097
  52          0.216
  53          0.068
  54          0.046
  55          0.075
  56          0.060
  57          0.043
  58          0.059
  59          0.055
  60          0.056
  61          0.098
  62          0.052
  63          0.078
  64          0.053
  65          0.054
  66          0.067
  67          0.070
  68          0.105
  69          0.083
  70          0.065
  71          0.053
  72          0.033
  73          0.049
  74          0.061
  75          0.095
  76          0.112
  77          0.101
  78          0.130
  79          0.121
  80          0.042
  81          0.061
  82          0.095
  83          0.094
  84          0.104
  85          0.073
  86          0.079
  87          0.057
  88          0.119
  89          0.143
  90          0.102
  91          0.135
  92          0.054
  93          0.065
  94          0.030
  95          0.090
  96          0.032
  97          0.024
  98          0.053
  99          0.032
 100          0.060
 101          0.072
 102          0.044
 103          0.047
 104          0.036
 105          0.070
 106          0.073
 107          0.079
 108          0.113
 109          0.416
 110          0.629
 111          0.467
 112          0.158
 113          0.081
 114          0.080
 115          0.041
 116          0.038
 117          0.073
 118          0.071
 119          0.063
 120          0.072
 121          0.059
 122          0.057
 123          0.069
 124          0.053
 125          0.031
 126          0.071
 127          0.098
 128          0.079
 129          0.051
 130          0.112
 131          0.067
 132          0.081
 133          0.050
 134          0.057
 135          0.046
 136          0.081
 137          0.046
 138          0.008
 139          0.019
 140          0.021
 141          0.038
 142          0.074
 143          0.056
 144          0.043
 145          0.048
 146          0.048
 147          0.058
 148          0.077
 149          0.063
 150          0.072
 151          0.124
 152          0.110
 153          0.189
 154          0.133
 155          0.068
 156          0.042
 157          0.056
 158          0.024
 159          0.028
 160          0.031
 161          0.025
 162          0.059
 163          0.100
 164          0.061
 165          0.061
 166          0.052
 167          0.094
 168          0.085
 169          0.071
 170          0.051
 171          0.078
 172          0.052
 173          0.028
 174          0.054
 175          0.036
 176          0.035
 177          0.043
 178          0.070
 179          0.082
 180          0.064
 181          0.039
 182          0.037
 183          0.032
 184          0.069
 185          0.069
 186          0.078
 187          0.048
 188          0.040
 189          0.019
 190          0.024
 191          0.019
 192          0.050
 193          0.080
 194          0.055
 195          0.057
 196          0.048
 197          0.048
 198          0.073
 199          0.083
 200          0.102
 201          0.082
 202          0.089
 203          0.037
 204          0.036
 205          0.063
 206          0.073
 207          0.116
 208          0.108
 209          0.104
 210          0.086
 211          0.109
 212          0.090
 213          0.066
 214          0.067
 215          0.079
 216          0.071
 217          0.062
 218          0.045
 219          0.062
 220          0.095
 221          0.101
 222          0.063
 223          0.031
 224          0.037
 225          0.029
 226          0.034
 227          0.059
 228          0.061
 229          0.030
 230          0.017
 231          0.024
 232          0.044
 233          0.052
 234          0.090
 235          0.063
 236          0.054
 237          0.059
 238          0.112
 239          0.142
 240          0.122
 241          0.150
 242          0.157
 243          0.131
 244          0.153
 245          0.098
 246          0.055
 247          0.065
 248          0.057
 249          0.064
 250          0.064
 251          0.071
 252          0.075
 253          0.071
 254          0.063
 255          0.061
 256          0.060
 257          0.054
 258          0.048
 259          0.015
 260          0.054
 261          0.047
 262          0.036
 263          0.097
 264          0.109
 265          0.115
 266          0.091
 267          0.065
 268          0.049
 269          0.042
 270          0.113
 271          0.044
 272          0.081
 273          0.062
 274          0.037
 275          0.038
 276          0.042
 277          0.069
 278          0.056
 279          0.062
 280          0.058
 281          0.082
 282          0.077
 283          0.065
 284          0.065
 285          0.080
 286          0.051
 287          0.031
 288          0.019
 289          0.040
 290          0.060
 291          0.047
 292          0.056
 293          0.076
 294          0.028
 295          0.127
 296          0.051
 297          0.024
 298          0.016
 299          0.069
 300          0.044
 301          0.038
 302          0.062
 303          0.038
 304          0.061
 305          0.073
 306          0.058
 307          0.058
 308          0.053
 309          0.080
 310          0.038
 311          0.035
 312          0.039
 313          0.047
 314          0.086
 315          0.045
 316          0.040
 317          0.021
 318          0.017
 319          0.013
 320          0.053
 321          0.056
 322          0.025
 323          0.058
 324          0.062
 325          0.061
 326          0.071
 327          0.034
 328          0.074
 329          0.088
 330          0.051
 331          0.051
 332          0.037
 333          0.085
 334          0.141
 335          0.275
 336          0.350
 337          0.163
 338          0.102
 339          0.053
 340          0.079
 341          0.080
 342          0.041
 343          0.052
 344          0.039
 345          0.032
 346          0.053
 347          0.043
 348          0.081
 349          0.059
 350          0.031
 351          0.112
 352          0.143
 353          0.164
 354          0.131
 355          0.058
 356          0.050
 357          0.050
 358          0.056
 359          0.035
 360          0.164
 361          0.196
 362          0.289
 363          0.219
 364          0.125
 365          0.156
 366          0.127
 367          0.070
 368          0.084
 369          0.085
 370          0.017
 371          0.032
 372          0.050
 373          0.032
 374          0.064
 375          0.069
 376          0.094
 377          0.066
 378          0.068
 379          0.022
 380          0.037
 381          0.027
 382          0.082
 383          0.073
 384          0.035
 385          0.042
 386          0.045
 387          0.042
 388          0.061
 389          0.064
 390          0.048
 391          0.063
 392          0.047
 393          0.041
 394          0.074
 395          0.082
 396          0.076
 397          0.055
 398          0.061
 399          0.039
 400          0.060
 401          0.062
 402          0.045
 403          0.038
 404          0.023
 405          0.039
 406          0.022
 407          0.038
 408          0.043
 409          0.071
 410          0.071
 411          0.074
 412          0.097
 413          0.111
 414          0.127
 415          0.125
 416          0.120
 417          0.025
 418          0.033
 419          0.041
 420          0.035
 421          0.027
 422          0.043
 423          0.037
 424          0.077
 425          0.046
 426          0.048
 427          0.060
 428          0.076
 429          0.076
 430          0.086
 431          0.149
 432          0.095
 433          0.069
 434          0.073
 435          0.054
 436          0.030
 437          0.048
 438          0.021
 439          0.061
 440          0.066
 441          0.063
 442          0.083
 443          0.084
 444          0.033
 445          0.021
 446          0.131
 447          0.108
 448          0.054
 449          0.058
 450          0.043
 451          0.091
 452          0.143
 453          0.118
 454          0.076
 455          0.056
 456          0.057
 457          0.064
 458          0.066
 459          0.086
 460          0.123
 461          0.032
 462          0.032
 463          0.036
 464          0.019
 465          0.050
 466          0.069
 467          0.070
 468          0.138
 469          0.117
 470          0.130
 471          0.040
 472          0.033
 473          0.032
 474          0.031
 475          0.089
 476          0.046
 477          0.066
 478          0.025
 479          0.028
 480          0.032
 481          0.023
 482          0.053
 483          0.055
 484          0.056
 485          0.040
 486          0.073
 487          0.040

# Average distance: 0.074 nm
