# Atom index    Distance (nm)
   1          0.243
   2          0.185
   3          0.147
   4          0.136
   5          0.135
   6          0.141
   7          0.123
   8          0.141
   9          0.143
  10          0.176
  11          0.209
  12          0.181
  13          0.147
  14          0.176
  15          0.215
  16          0.283
  17          0.220
  18          0.179
  19          0.185
  20          0.211
  21          0.212
  22          0.242
  23          0.303
  24          0.194
  25          0.151
  26          0.088
  27          0.115
  28          0.169
  29          0.167
  30          0.322
  31          0.296
  32          0.374
  33          0.234
  34          0.203
  35          0.177
  36          0.169
  37          0.124
  38          0.135
  39          0.121
  40          0.120
  41          0.126
  42          0.121
  43          0.116
  44          0.220
  45          0.198
  46          0.127
  47          0.179
  48          0.207
  49          0.171
  50          0.174
  51          0.200
  52          0.207
  53          0.198
  54          0.147
  55          0.104
  56          0.049
  57          0.060
  58          0.070
  59          0.071
  60          0.077
  61          0.070
  62          0.071
  63          0.044
  64          0.030
  65          0.047
  66          0.085
  67          0.088
  68          0.118
  69          0.126
  70          0.107
  71          0.084
  72          0.066
  73          0.049
  74          0.050
  75          0.117
  76          0.039
  77          0.041
  78          0.080
  79          0.093
  80          0.107
  81          0.153
  82          0.147
  83          0.087
  84          0.154
  85          0.091
  86          0.123
  87          0.092
  88          0.173
  89          0.255
  90          0.191
  91          0.270
  92          0.253
  93          0.187
  94          0.186
  95          0.168
  96          0.100
  97          0.080
  98          0.100
  99          0.131
 100          0.174
 101          0.166
 102          0.165
 103          0.170
 104          0.119
 105          0.090
 106          0.092
 107          0.093
 108          0.082
 109          0.156
 110          0.168
 111          0.237
 112          0.182
 113          0.100
 114          0.098
 115          0.088
 116          0.124
 117          0.150
 118          0.169
 119          0.123
 120          0.064
 121          0.079
 122          0.111
 123          0.074
 124          0.053
 125          0.130
 126          0.157
 127          0.251
 128          0.193
 129          0.085
 130          0.063
 131          0.109
 132          0.070
 133          0.033
 134          0.030
 135          0.067
 136          0.080
 137          0.049
 138          0.048
 139          0.057
 140          0.024
 141          0.039
 142          0.051
 143          0.063
 144          0.093
 145          0.056
 146          0.080
 147          0.098
 148          0.073
 149          0.051
 150          0.112
 151          0.220
 152          0.231
 153          0.305
 154          0.180
 155          0.088
 156          0.103
 157          0.086
 158          0.055
 159          0.026
 160          0.033
 161          0.037
 162          0.046
 163          0.126
 164          0.130
 165          0.124
 166          0.125
 167          0.094
 168          0.042
 169          0.048
 170          0.034
 171          0.035
 172          0.078
 173          0.132
 174          0.096
 175          0.094
 176          0.130
 177          0.194
 178          0.147
 179          0.057
 180          0.052
 181          0.107
 182          0.159
 183          0.144
 184          0.092
 185          0.121
 186          0.154
 187          0.180
 188          0.105
 189          0.103
 190          0.051
 191          0.040
 192          0.054
 193          0.079
 194          0.073
 195          0.018
 196          0.035
 197          0.059
 198          0.157
 199          0.174
 200          0.174
 201          0.081
 202          0.102
 203          0.101
 204          0.075
 205          0.088
 206          0.074
 207          0.093
 208          0.059
 209          0.036
 210          0.063
 211          0.064
 212          0.103
 213          0.108
 214          0.121
 215          0.060
 216          0.039
 217          0.043
 218          0.050
 219          0.078
 220          0.133
 221          0.133
 222          0.052
 223          0.044
 224          0.037
 225          0.035
 226          0.025
 227          0.051
 228          0.061
 229          0.103
 230          0.125
 231          0.158
 232          0.042
 233          0.143
 234          0.198
 235          0.310
 236          0.318
 237          0.220
 238          0.396
 239          0.315
 240          0.237
 241          0.249
 242          0.194
 243          0.223
 244          0.179
 245          0.098
 246          0.054
 247          0.059
 248          0.097
 249          0.075
 250          0.055
 251          0.059
 252          0.095
 253          0.027
 254          0.031
 255          0.041
 256          0.036
 257          0.058
 258          0.031
 259          0.041
 260          0.062
 261          0.072
 262          0.083
 263          0.125
 264          0.161
 265          0.128
 266          0.094
 267          0.067
 268          0.094
 269          0.110
 270          0.085
 271          0.103
 272          0.184
 273          0.212
 274          0.130
 275          0.093
 276          0.084
 277          0.115
 278          0.098
 279          0.067
 280          0.132
 281          0.134
 282          0.169
 283          0.152
 284          0.137
 285          0.121
 286          0.039
 287          0.037
 288          0.041
 289          0.036
 290          0.041
 291          0.043
 292          0.094
 293          0.108
 294          0.102
 295          0.140
 296          0.153
 297          0.142
 298          0.113
 299          0.074
 300          0.043
 301          0.018
 302          0.027
 303          0.031
 304          0.009
 305          0.025
 306          0.053
 307          0.037
 308          0.081
 309          0.089
 310          0.078
 311          0.096
 312          0.083
 313          0.044
 314          0.032
 315          0.031
 316          0.100
 317          0.050
 318          0.064
 319          0.080
 320          0.076
 321          0.072
 322          0.059
 323          0.115
 324          0.107
 325          0.134
 326          0.184
 327          0.167
 328          0.120
 329          0.071
 330          0.069
 331          0.049
 332          0.061
 333          0.062
 334          0.104
 335          0.053
 336          0.074
 337          0.153
 338          0.091
 339          0.034
 340          0.071
 341          0.066
 342          0.090
 343          0.099
 344          0.090
 345          0.118
 346          0.135
 347          0.118
 348          0.076
 349          0.064
 350          0.077
 351          0.120
 352          0.114
 353          0.074
 354          0.125
 355          0.085
 356          0.098
 357          0.104
 358          0.075
 359          0.109
 360          0.136
 361          0.125
 362          0.124
 363          0.176
 364          0.298
 365          0.283
 366          0.445
 367          0.401
 368          0.133
 369          0.081
 370          0.021
 371          0.026
 372          0.075
 373          0.029
 374          0.027
 375          0.018
 376          0.027
 377          0.027
 378          0.020
 379          0.070
 380          0.047
 381          0.029
 382          0.051
 383          0.096
 384          0.076
 385          0.044
 386          0.025
 387          0.065
 388          0.041
 389          0.025
 390          0.074
 391          0.142
 392          0.157
 393          0.154
 394          0.190
 395          0.166
 396          0.173
 397          0.141
 398          0.103
 399          0.081
 400          0.065
 401          0.105
 402          0.095
 403          0.101
 404          0.086
 405          0.069
 406          0.068
 407          0.083
 408          0.078
 409          0.086
 410          0.069
 411          0.128
 412          0.152
 413          0.142
 414          0.189
 415          0.117
 416          0.054
 417          0.047
 418          0.075
 419          0.077
 420          0.090
 421          0.149
 422          0.238
 423          0.113
 424          0.110
 425          0.088
 426          0.060
 427          0.063
 428          0.108
 429          0.055
 430          0.200
 431          0.204
 432          0.115
 433          0.123
 434          0.113
 435          0.088
 436          0.080
 437          0.078
 438          0.076
 439          0.063
 440          0.046
 441          0.044
 442          0.123
 443          0.012
 444          0.078
 445          0.055
 446          0.045
 447          0.081
 448          0.084
 449          0.069
 450          0.104
 451          0.077
 452          0.060
 453          0.064
 454          0.097
 455          0.106
 456          0.102
 457          0.049
 458          0.050
 459          0.082
 460          0.117
 461          0.104
 462          0.054
 463          0.075
 464          0.067
 465          0.091
 466          0.073
 467          0.149
 468          0.386
 469          0.258
 470          0.350
 471          0.145
 472          0.147
 473          0.147
 474          0.114
 475          0.125
 476          0.132
 477          0.167
 478          0.123
 479          0.062
 480          0.095
 481          0.074
 482          0.056
 483          0.047
 484          0.085
 485          0.080
 486          0.054
 487          0.063

# Average distance: 0.111 nm
