# Atom index    Distance (nm)
   1          0.227
   2          0.101
   3          0.144
   4          0.048
   5          0.140
   6          0.102
   7          0.028
   8          0.007
   9          0.044
  10          0.089
  11          0.089
  12          0.032
  13          0.117
  14          0.075
  15          0.072
  16          0.077
  17          0.093
  18          0.061
  19          0.047
  20          0.058
  21          0.187
  22          0.286
  23          0.277
  24          0.086
  25          0.072
  26          0.082
  27          0.043
  28          0.051
  29          0.076
  30          0.079
  31          0.096
  32          0.106
  33          0.077
  34          0.088
  35          0.065
  36          0.127
  37          0.086
  38          0.040
  39          0.058
  40          0.061
  41          0.100
  42          0.128
  43          0.090
  44          0.123
  45          0.447
  46          0.724
  47          0.851
  48          0.856
  49          0.521
  50          0.288
  51          0.511
  52          0.192
  53          0.106
  54          0.084
  55          0.118
  56          0.092
  57          0.028
  58          0.025
  59          0.053
  60          0.065
  61          0.054
  62          0.055
  63          0.057
  64          0.032
  65          0.041
  66          0.087
  67          0.096
  68          0.130
  69          0.100
  70          0.105
  71          0.060
  72          0.081
  73          0.096
  74          0.037
  75          0.068
  76          0.093
  77          0.203
  78          0.247
  79          0.244
  80          0.128
  81          0.119
  82          0.087
  83          0.108
  84          0.110
  85          0.102
  86          0.094
  87          0.117
  88          0.137
  89          0.135
  90          0.121
  91          0.124
  92          0.117
  93          0.103
  94          0.105
  95          0.114
  96          0.096
  97          0.092
  98          0.123
  99          0.112
 100          0.104
 101          0.219
 102          0.191
 103          0.166
 104          0.138
 105          0.111
 106          0.070
 107          0.052
 108          0.164
 109          0.176
 110          0.205
 111          0.232
 112          0.129
 113          0.055
 114          0.066
 115          0.095
 116          0.127
 117          0.152
 118          0.127
 119          0.121
 120          0.110
 121          0.097
 122          0.104
 123          0.089
 124          0.104
 125          0.114
 126          0.092
 127          0.075
 128          0.063
 129          0.068
 130          0.058
 131          0.051
 132          0.111
 133          0.118
 134          0.096
 135          0.057
 136          0.062
 137          0.108
 138          0.080
 139          0.044
 140          0.046
 141          0.084
 142          0.091
 143          0.075
 144          0.050
 145          0.005
 146          0.014
 147          0.053
 148          0.061
 149          0.069
 150          0.121
 151          0.237
 152          0.292
 153          0.559
 154          0.363
 155          0.293
 156          0.119
 157          0.038
 158          0.060
 159          0.041
 160          0.058
 161          0.045
 162          0.032
 163          0.164
 164          0.039
 165          0.047
 166          0.069
 167          0.086
 168          0.057
 169          0.078
 170          0.057
 171          0.069
 172          0.030
 173          0.094
 174          0.090
 175          0.052
 176          0.080
 177          0.115
 178          0.096
 179          0.084
 180          0.025
 181          0.069
 182          0.062
 183          0.111
 184          0.115
 185          0.091
 186          0.102
 187          0.091
 188          0.075
 189          0.036
 190          0.048
 191          0.046
 192          0.052
 193          0.070
 194          0.051
 195          0.021
 196          0.016
 197          0.016
 198          0.033
 199          0.081
 200          0.066
 201          0.069
 202          0.107
 203          0.090
 204          0.066
 205          0.057
 206          0.047
 207          0.047
 208          0.050
 209          0.025
 210          0.005
 211          0.043
 212          0.104
 213          0.117
 214          0.062
 215          0.052
 216          0.055
 217          0.047
 218          0.043
 219          0.059
 220          0.110
 221          0.107
 222          0.077
 223          0.083
 224          0.066
 225          0.058
 226          0.055
 227          0.045
 228          0.023
 229          0.093
 230          0.164
 231          0.126
 232          0.084
 233          0.085
 234          0.048
 235          0.034
 236          0.025
 237          0.319
 238          0.024
 239          0.206
 240          0.076
 241          0.068
 242          0.063
 243          0.078
 244          0.097
 245          0.066
 246          0.041
 247          0.046
 248          0.020
 249          0.021
 250          0.034
 251          0.051
 252          0.059
 253          0.082
 254          0.076
 255          0.076
 256          0.073
 257          0.080
 258          0.043
 259          0.027
 260          0.033
 261          0.090
 262          0.114
 263          0.099
 264          0.059
 265          0.051
 266          0.050
 267          0.051
 268          0.049
 269          0.053
 270          0.059
 271          0.072
 272          0.057
 273          0.080
 274          0.074
 275          0.016
 276          0.041
 277          0.036
 278          0.043
 279          0.047
 280          0.080
 281          0.080
 282          0.094
 283          0.079
 284          0.048
 285          0.064
 286          0.033
 287          0.045
 288          0.042
 289          0.072
 290          0.063
 291          0.104
 292          0.114
 293          0.183
 294          0.197
 295          0.282
 296          0.183
 297          0.145
 298          0.119
 299          0.083
 300          0.087
 301          0.100
 302          0.074
 303          0.050
 304          0.026
 305          0.031
 306          0.077
 307          0.081
 308          0.103
 309          0.079
 310          0.062
 311          0.085
 312          0.095
 313          0.114
 314          0.099
 315          0.072
 316          0.111
 317          0.109
 318          0.070
 319          0.063
 320          0.117
 321          0.106
 322          0.137
 323          0.211
 324          0.110
 325          0.050
 326          0.052
 327          0.073
 328          0.067
 329          0.082
 330          0.103
 331          0.119
 332          0.081
 333          0.094
 334          0.089
 335          0.023
 336          0.019
 337          0.058
 338          0.033
 339          0.051
 340          0.078
 341          0.080
 342          0.075
 343          0.086
 344          0.106
 345          0.128
 346          0.186
 347          0.096
 348          0.106
 349          0.104
 350          0.119
 351          0.132
 352          0.193
 353          0.298
 354          0.245
 355          0.093
 356          0.107
 357          0.092
 358          0.099
 359          0.090
 360          0.103
 361          0.097
 362          0.136
 363          0.124
 364          0.117
 365          0.071
 366          0.126
 367          0.119
 368          0.067
 369          0.024
 370          0.034
 371          0.044
 372          0.075
 373          0.075
 374          0.082
 375          0.094
 376          0.048
 377          0.064
 378          0.060
 379          0.044
 380          0.042
 381          0.054
 382          0.085
 383          0.046
 384          0.035
 385          0.068
 386          0.069
 387          0.099
 388          0.049
 389          0.072
 390          0.068
 391          0.086
 392          0.135
 393          0.134
 394          0.141
 395          0.198
 396          0.165
 397          0.142
 398          0.102
 399          0.114
 400          0.139
 401          0.113
 402          0.120
 403          0.157
 404          0.144
 405          0.055
 406          0.047
 407          0.055
 408          0.051
 409          0.104
 410          0.061
 411          0.183
 412          0.146
 413          0.067
 414          0.064
 415          0.088
 416          0.091
 417          0.040
 418          0.070
 419          0.108
 420          0.091
 421          0.076
 422          0.071
 423          0.072
 424          0.096
 425          0.072
 426          0.060
 427          0.087
 428          0.146
 429          0.164
 430          0.252
 431          0.312
 432          0.184
 433          0.129
 434          0.124
 435          0.166
 436          0.131
 437          0.123
 438          0.133
 439          0.106
 440          0.071
 441          0.064
 442          0.022
 443          0.013
 444          0.020
 445          0.015
 446          0.073
 447          0.072
 448          0.142
 449          0.140
 450          0.150
 451          0.150
 452          0.164
 453          0.070
 454          0.046
 455          0.056
 456          0.043
 457          0.020
 458          0.104
 459          0.080
 460          0.094
 461          0.007
 462          0.032
 463          0.047
 464          0.080
 465          0.043
 466          0.065
 467          0.044
 468          0.069
 469          0.138
 470          0.138
 471          0.140
 472          0.107
 473          0.101
 474          0.119
 475          0.172
 476          0.252
 477          0.216
 478          0.152
 479          0.074
 480          0.042
 481          0.020
 482          0.047
 483          0.029
 484          0.016
 485          0.026
 486          0.047
 487          0.060

# Average distance: 0.099 nm
