# Atom index    Distance (nm)
   1          0.214
   2          0.169
   3          0.214
   4          0.301
   5          0.268
   6          0.113
   7          0.110
   8          0.079
   9          0.057
  10          0.060
  11          0.092
  12          0.141
  13          0.278
  14          0.240
  15          0.224
  16          0.119
  17          0.085
  18          0.047
  19          0.092
  20          0.151
  21          0.201
  22          0.294
  23          0.237
  24          0.253
  25          0.260
  26          0.171
  27          0.059
  28          0.122
  29          0.046
  30          0.158
  31          0.119
  32          0.100
  33          0.149
  34          0.149
  35          0.174
  36          0.156
  37          0.138
  38          0.155
  39          0.130
  40          0.108
  41          0.095
  42          0.093
  43          0.094
  44          0.145
  45          0.134
  46          0.109
  47          0.175
  48          0.187
  49          0.129
  50          0.145
  51          0.143
  52          0.138
  53          0.166
  54          0.079
  55          0.131
  56          0.128
  57          0.128
  58          0.140
  59          0.175
  60          0.224
  61          0.247
  62          0.227
  63          0.189
  64          0.170
  65          0.187
  66          0.179
  67          0.195
  68          0.225
  69          0.276
  70          0.278
  71          0.264
  72          0.248
  73          0.258
  74          0.223
  75          0.267
  76          0.237
  77          0.261
  78          0.231
  79          0.183
  80          0.265
  81          0.262
  82          0.227
  83          0.174
  84          0.154
  85          0.131
  86          0.126
  87          0.122
  88          0.179
  89          0.173
  90          0.186
  91          0.279
  92          0.230
  93          0.170
  94          0.125
  95          0.125
  96          0.106
  97          0.123
  98          0.163
  99          0.155
 100          0.179
 101          0.236
 102          0.292
 103          0.256
 104          0.152
 105          0.094
 106          0.080
 107          0.168
 108          0.307
 109          0.264
 110          0.286
 111          0.186
 112          0.252
 113          0.182
 114          0.180
 115          0.166
 116          0.210
 117          0.203
 118          0.253
 119          0.245
 120          0.248
 121          0.361
 122          0.251
 123          0.181
 124          0.160
 125          0.118
 126          0.098
 127          0.125
 128          0.138
 129          0.163
 130          0.147
 131          0.173
 132          0.176
 133          0.115
 134          0.143
 135          0.059
 136          0.045
 137          0.075
 138          0.056
 139          0.143
 140          0.139
 141          0.094
 142          0.070
 143          0.127
 144          0.153
 145          0.126
 146          0.070
 147          0.043
 148          0.046
 149          0.079
 150          0.054
 151          0.035
 152          0.115
 153          0.173
 154          0.147
 155          0.065
 156          0.073
 157          0.074
 158          0.130
 159          0.096
 160          0.136
 161          0.088
 162          0.086
 163          0.069
 164          0.027
 165          0.036
 166          0.047
 167          0.072
 168          0.065
 169          0.024
 170          0.051
 171          0.024
 172          0.057
 173          0.057
 174          0.088
 175          0.073
 176          0.133
 177          0.146
 178          0.139
 179          0.090
 180          0.057
 181          0.091
 182          0.056
 183          0.023
 184          0.024
 185          0.073
 186          0.058
 187          0.013
 188          0.039
 189          0.040
 190          0.029
 191          0.083
 192          0.089
 193          0.092
 194          0.106
 195          0.088
 196          0.061
 197          0.068
 198          0.064
 199          0.205
 200          0.125
 201          0.129
 202          0.099
 203          0.066
 204          0.090
 205          0.093
 206          0.078
 207          0.074
 208          0.085
 209          0.082
 210          0.106
 211          0.100
 212          0.121
 213          0.125
 214          0.121
 215          0.086
 216          0.063
 217          0.067
 218          0.079
 219          0.072
 220          0.103
 221          0.129
 222          0.136
 223          0.089
 224          0.109
 225          0.074
 226          0.098
 227          0.116
 228          0.160
 229          0.250
 230          0.220
 231          0.267
 232          0.172
 233          0.143
 234          0.096
 235          0.087
 236          0.099
 237          0.162
 238          0.225
 239          0.289
 240          0.296
 241          0.304
 242          0.213
 243          0.223
 244          0.133
 245          0.133
 246          0.162
 247          0.156
 248          0.094
 249          0.141
 250          0.155
 251          0.081
 252          0.030
 253          0.021
 254          0.091
 255          0.082
 256          0.059
 257          0.062
 258          0.057
 259          0.069
 260          0.069
 261          0.083
 262          0.102
 263          0.170
 264          0.151
 265          0.151
 266          0.112
 267          0.094
 268          0.057
 269          0.070
 270          0.081
 271          0.105
 272          0.111
 273          0.099
 274          0.119
 275          0.125
 276          0.146
 277          0.135
 278          0.158
 279          0.136
 280          0.130
 281          0.170
 282          0.057
 283          0.040
 284          0.024
 285          0.026
 286          0.022
 287          0.052
 288          0.040
 289          0.049
 290          0.065
 291          0.073
 292          0.130
 293          0.154
 294          0.162
 295          0.168
 296          0.148
 297          0.160
 298          0.155
 299          0.123
 300          0.112
 301          0.050
 302          0.044
 303          0.050
 304          0.082
 305          0.155
 306          0.180
 307          0.149
 308          0.136
 309          0.128
 310          0.142
 311          0.146
 312          0.110
 313          0.142
 314          0.140
 315          0.133
 316          0.139
 317          0.193
 318          0.166
 319          0.144
 320          0.198
 321          0.183
 322          0.255
 323          0.225
 324          0.188
 325          0.177
 326          0.199
 327          0.154
 328          0.148
 329          0.126
 330          0.139
 331          0.120
 332          0.099
 333          0.096
 334          0.033
 335          0.038
 336          0.070
 337          0.057
 338          0.057
 339          0.052
 340          0.093
 341          0.087
 342          0.135
 343          0.143
 344          0.168
 345          0.182
 346          0.231
 347          0.147
 348          0.094
 349          0.118
 350          0.118
 351          0.115
 352          0.237
 353          0.316
 354          0.296
 355          0.197
 356          0.188
 357          0.189
 358          0.196
 359          0.164
 360          0.170
 361          0.147
 362          0.177
 363          0.257
 364          0.178
 365          0.157
 366          0.166
 367          0.165
 368          0.149
 369          0.120
 370          0.077
 371          0.076
 372          0.071
 373          0.078
 374          0.048
 375          0.083
 376          0.066
 377          0.069
 378          0.073
 379          0.070
 380          0.082
 381          0.091
 382          0.104
 383          0.117
 384          0.156
 385          0.147
 386          0.138
 387          0.154
 388          0.151
 389          0.167
 390          0.167
 391          0.165
 392          0.197
 393          0.210
 394          0.191
 395          0.166
 396          0.147
 397          0.115
 398          0.120
 399          0.144
 400          0.138
 401          0.153
 402          0.126
 403          0.132
 404          0.102
 405          0.149
 406          0.146
 407          0.120
 408          0.159
 409          0.177
 410          0.063
 411          0.056
 412          0.028
 413          0.056
 414          0.221
 415          0.129
 416          0.114
 417          0.057
 418          0.068
 419          0.095
 420          0.112
 421          0.198
 422          0.349
 423          0.281
 424          0.234
 425          0.077
 426          0.077
 427          0.073
 428          0.029
 429          0.015
 430          0.036
 431          0.030
 432          0.013
 433          0.053
 434          0.053
 435          0.040
 436          0.039
 437          0.045
 438          0.030
 439          0.058
 440          0.091
 441          0.117
 442          0.180
 443          0.172
 444          0.085
 445          0.047
 446          0.078
 447          0.105
 448          0.086
 449          0.073
 450          0.093
 451          0.136
 452          0.121
 453          0.075
 454          0.077
 455          0.073
 456          0.044
 457          0.102
 458          0.084
 459          0.083
 460          0.117
 461          0.081
 462          0.138
 463          0.090
 464          0.082
 465          0.131
 466          0.153
 467          0.195
 468          0.296
 469          0.306
 470          0.234
 471          0.198
 472          0.116
 473          0.080
 474          0.108
 475          0.122
 476          0.093
 477          0.009
 478          0.108
 479          0.130
 480          0.151
 481          0.235
 482          0.195
 483          0.080
 484          0.074
 485          0.073
 486          0.073
 487          0.037

# Average distance: 0.132 nm
