# Atom index    Distance (nm)
   1          0.598
   2          0.216
   3          0.269
   4          0.100
   5          0.123
   6          0.081
   7          0.060
   8          0.083
   9          0.100
  10          0.093
  11          0.050
  12          0.063
  13          0.118
  14          0.044
  15          0.097
  16          0.098
  17          0.105
  18          0.106
  19          0.112
  20          0.103
  21          0.098
  22          0.089
  23          0.082
  24          0.132
  25          0.109
  26          0.126
  27          0.115
  28          0.110
  29          0.122
  30          0.198
  31          0.204
  32          0.263
  33          0.219
  34          0.193
  35          0.155
  36          0.144
  37          0.140
  38          0.104
  39          0.086
  40          0.069
  41          0.079
  42          0.084
  43          0.064
  44          0.154
  45          0.226
  46          0.423
  47          0.497
  48          0.435
  49          0.305
  50          0.303
  51          0.310
  52          0.193
  53          0.152
  54          0.058
  55          0.047
  56          0.061
  57          0.060
  58          0.083
  59          0.115
  60          0.064
  61          0.056
  62          0.049
  63          0.044
  64          0.071
  65          0.115
  66          0.147
  67          0.222
  68          0.226
  69          0.208
  70          0.125
  71          0.156
  72          0.147
  73          0.175
  74          0.072
  75          0.090
  76          0.137
  77          0.205
  78          0.236
  79          0.195
  80          0.201
  81          0.261
  82          0.176
  83          0.115
  84          0.070
  85          0.097
  86          0.093
  87          0.054
  88          0.134
  89          0.132
  90          0.046
  91          0.029
  92          0.131
  93          0.135
  94          0.114
  95          0.100
  96          0.062
  97          0.100
  98          0.109
  99          0.116
 100          0.213
 101          0.249
 102          0.241
 103          0.203
 104          0.123
 105          0.073
 106          0.104
 107          0.106
 108          0.136
 109          0.169
 110          0.159
 111          0.163
 112          0.154
 113          0.099
 114          0.106
 115          0.100
 116          0.138
 117          0.111
 118          0.090
 119          0.073
 120          0.062
 121          0.095
 122          0.096
 123          0.103
 124          0.081
 125          0.039
 126          0.069
 127          0.047
 128          0.094
 129          0.077
 130          0.048
 131          0.085
 132          0.088
 133          0.078
 134          0.106
 135          0.075
 136          0.084
 137          0.060
 138          0.096
 139          0.124
 140          0.170
 141          0.141
 142          0.196
 143          0.165
 144          0.134
 145          0.149
 146          0.115
 147          0.105
 148          0.066
 149          0.080
 150          0.133
 151          0.200
 152          0.214
 153          0.240
 154          0.090
 155          0.073
 156          0.052
 157          0.058
 158          0.116
 159          0.141
 160          0.143
 161          0.106
 162          0.123
 163          0.092
 164          0.052
 165          0.042
 166          0.042
 167          0.057
 168          0.042
 169          0.053
 170          0.043
 171          0.075
 172          0.073
 173          0.063
 174          0.054
 175          0.073
 176          0.093
 177          0.161
 178          0.139
 179          0.130
 180          0.093
 181          0.064
 182          0.093
 183          0.066
 184          0.081
 185          0.056
 186          0.081
 187          0.060
 188          0.048
 189          0.088
 190          0.080
 191          0.106
 192          0.105
 193          0.128
 194          0.099
 195          0.097
 196          0.069
 197          0.069
 198          0.067
 199          0.034
 200          0.093
 201          0.122
 202          0.084
 203          0.096
 204          0.089
 205          0.107
 206          0.137
 207          0.154
 208          0.198
 209          0.147
 210          0.164
 211          0.234
 212          0.205
 213          0.366
 214          0.187
 215          0.132
 216          0.184
 217          0.179
 218          0.133
 219          0.094
 220          0.090
 221          0.126
 222          0.108
 223          0.103
 224          0.166
 225          0.156
 226          0.161
 227          0.108
 228          0.095
 229          0.228
 230          0.330
 231          0.234
 232          0.156
 233          0.065
 234          0.041
 235          0.058
 236          0.071
 237          0.209
 238          0.144
 239          0.226
 240          0.207
 241          0.192
 242          0.177
 243          0.185
 244          0.153
 245          0.193
 246          0.181
 247          0.197
 248          0.150
 249          0.111
 250          0.082
 251          0.051
 252          0.055
 253          0.049
 254          0.037
 255          0.058
 256          0.071
 257          0.070
 258          0.086
 259          0.061
 260          0.100
 261          0.089
 262          0.133
 263          0.122
 264          0.096
 265          0.080
 266          0.066
 267          0.045
 268          0.052
 269          0.059
 270          0.054
 271          0.052
 272          0.071
 273          0.041
 274          0.047
 275          0.031
 276          0.072
 277          0.054
 278          0.032
 279          0.025
 280          0.067
 281          0.136
 282          0.080
 283          0.137
 284          0.086
 285          0.066
 286          0.072
 287          0.025
 288          0.051
 289          0.056
 290          0.054
 291          0.038
 292          0.071
 293          0.056
 294          0.046
 295          0.079
 296          0.049
 297          0.006
 298          0.028
 299          0.043
 300          0.034
 301          0.032
 302          0.047
 303          0.069
 304          0.072
 305          0.124
 306          0.120
 307          0.045
 308          0.058
 309          0.067
 310          0.070
 311          0.057
 312          0.062
 313          0.207
 314          0.164
 315          0.028
 316          0.019
 317          0.023
 318          0.015
 319          0.062
 320          0.049
 321          0.063
 322          0.063
 323          0.062
 324          0.093
 325          0.120
 326          0.070
 327          0.067
 328          0.052
 329          0.040
 330          0.041
 331          0.036
 332          0.033
 333          0.059
 334          0.057
 335          0.028
 336          0.017
 337          0.038
 338          0.032
 339          0.043
 340          0.053
 341          0.035
 342          0.026
 343          0.045
 344          0.099
 345          0.106
 346          0.101
 347          0.080
 348          0.053
 349          0.039
 350          0.059
 351          0.123
 352          0.130
 353          0.108
 354          0.136
 355          0.112
 356          0.045
 357          0.033
 358          0.066
 359          0.054
 360          0.057
 361          0.050
 362          0.124
 363          0.111
 364          0.107
 365          0.153
 366          0.181
 367          0.111
 368          0.080
 369          0.069
 370          0.067
 371          0.057
 372          0.082
 373          0.099
 374          0.084
 375          0.079
 376          0.062
 377          0.090
 378          0.066
 379          0.075
 380          0.063
 381          0.073
 382          0.063
 383          0.036
 384          0.082
 385          0.056
 386          0.059
 387          0.036
 388          0.058
 389          0.046
 390          0.078
 391          0.168
 392          0.176
 393          0.231
 394          0.266
 395          0.248
 396          0.156
 397          0.081
 398          0.051
 399          0.042
 400          0.078
 401          0.066
 402          0.048
 403          0.064
 404          0.117
 405          0.114
 406          0.111
 407          0.057
 408          0.061
 409          0.070
 410          0.074
 411          0.071
 412          0.092
 413          0.116
 414          0.054
 415          0.093
 416          0.094
 417          0.052
 418          0.047
 419          0.042
 420          0.098
 421          0.084
 422          0.335
 423          0.389
 424          0.284
 425          0.095
 426          0.082
 427          0.066
 428          0.141
 429          0.126
 430          0.133
 431          0.092
 432          0.267
 433          0.191
 434          0.165
 435          0.111
 436          0.099
 437          0.094
 438          0.109
 439          0.098
 440          0.110
 441          0.147
 442          0.055
 443          0.052
 444          0.032
 445          0.009
 446          0.058
 447          0.068
 448          0.085
 449          0.079
 450          0.050
 451          0.169
 452          0.232
 453          0.239
 454          0.109
 455          0.097
 456          0.078
 457          0.066
 458          0.079
 459          0.029
 460          0.118
 461          0.056
 462          0.028
 463          0.024
 464          0.080
 465          0.086
 466          0.079
 467          0.076
 468          0.124
 469          0.116
 470          0.054
 471          0.065
 472          0.085
 473          0.093
 474          0.090
 475          0.093
 476          0.064
 477          0.081
 478          0.092
 479          0.140
 480          0.109
 481          0.047
 482          0.085
 483          0.088
 484          0.100
 485          0.084
 486          0.050
 487          0.058

# Average distance: 0.106 nm
