# Atom index    Distance (nm)
   1          0.133
   2          0.167
   3          0.148
   4          0.074
   5          0.068
   6          0.082
   7          0.068
   8          0.101
   9          0.086
  10          0.061
  11          0.058
  12          0.065
  13          0.110
  14          0.172
  15          0.182
  16          0.143
  17          0.052
  18          0.114
  19          0.089
  20          0.076
  21          0.083
  22          0.084
  23          0.184
  24          0.182
  25          0.157
  26          0.137
  27          0.072
  28          0.074
  29          0.093
  30          0.085
  31          0.097
  32          0.115
  33          0.150
  34          0.104
  35          0.065
  36          0.060
  37          0.064
  38          0.062
  39          0.049
  40          0.085
  41          0.081
  42          0.072
  43          0.119
  44          0.087
  45          0.088
  46          0.132
  47          0.133
  48          0.139
  49          0.126
  50          0.135
  51          0.128
  52          0.108
  53          0.050
  54          0.099
  55          0.114
  56          0.100
  57          0.088
  58          0.087
  59          0.136
  60          0.140
  61          0.124
  62          0.093
  63          0.120
  64          0.110
  65          0.138
  66          0.134
  67          0.224
  68          0.266
  69          0.162
  70          0.077
  71          0.129
  72          0.069
  73          0.107
  74          0.111
  75          0.133
  76          0.125
  77          0.104
  78          0.103
  79          0.190
  80          0.103
  81          0.047
  82          0.075
  83          0.097
  84          0.096
  85          0.071
  86          0.078
  87          0.162
  88          0.176
  89          0.108
  90          0.091
  91          0.073
  92          0.096
  93          0.128
  94          0.089
  95          0.171
  96          0.117
  97          0.085
  98          0.084
  99          0.107
 100          0.151
 101          0.155
 102          0.149
 103          0.157
 104          0.088
 105          0.061
 106          0.073
 107          0.052
 108          0.050
 109          0.061
 110          0.086
 111          0.087
 112          0.101
 113          0.063
 114          0.031
 115          0.051
 116          0.044
 117          0.045
 118          0.051
 119          0.070
 120          0.085
 121          0.045
 122          0.034
 123          0.083
 124          0.080
 125          0.075
 126          0.139
 127          0.184
 128          0.136
 129          0.075
 130          0.091
 131          0.108
 132          0.103
 133          0.043
 134          0.035
 135          0.016
 136          0.046
 137          0.076
 138          0.053
 139          0.060
 140          0.103
 141          0.099
 142          0.134
 143          0.149
 144          0.118
 145          0.101
 146          0.052
 147          0.028
 148          0.030
 149          0.025
 150          0.076
 151          0.110
 152          0.111
 153          0.107
 154          0.117
 155          0.101
 156          0.097
 157          0.050
 158          0.055
 159          0.016
 160          0.095
 161          0.078
 162          0.113
 163          0.153
 164          0.095
 165          0.098
 166          0.101
 167          0.074
 168          0.028
 169          0.056
 170          0.011
 171          0.039
 172          0.051
 173          0.071
 174          0.062
 175          0.112
 176          0.113
 177          0.082
 178          0.091
 179          0.071
 180          0.065
 181          0.075
 182          0.091
 183          0.047
 184          0.036
 185          0.029
 186          0.049
 187          0.060
 188          0.074
 189          0.064
 190          0.016
 191          0.027
 192          0.053
 193          0.076
 194          0.102
 195          0.044
 196          0.052
 197          0.097
 198          0.185
 199          0.136
 200          0.071
 201          0.029
 202          0.025
 203          0.024
 204          0.033
 205          0.050
 206          0.050
 207          0.072
 208          0.080
 209          0.108
 210          0.111
 211          0.085
 212          0.067
 213          0.040
 214          0.088
 215          0.082
 216          0.097
 217          0.067
 218          0.068
 219          0.074
 220          0.115
 221          0.088
 222          0.051
 223          0.060
 224          0.054
 225          0.029
 226          0.029
 227          0.068
 228          0.062
 229          0.099
 230          0.120
 231          0.055
 232          0.049
 233          0.068
 234          0.082
 235          0.061
 236          0.072
 237          0.086
 238          0.054
 239          0.040
 240          0.097
 241          0.104
 242          0.130
 243          0.167
 244          0.168
 245          0.141
 246          0.125
 247          0.082
 248          0.074
 249          0.067
 250          0.077
 251          0.083
 252          0.020
 253          0.007
 254          0.089
 255          0.021
 256          0.050
 257          0.054
 258          0.034
 259          0.074
 260          0.083
 261          0.061
 262          0.113
 263          0.116
 264          0.098
 265          0.119
 266          0.090
 267          0.044
 268          0.077
 269          0.082
 270          0.124
 271          0.121
 272          0.127
 273          0.129
 274          0.112
 275          0.033
 276          0.074
 277          0.068
 278          0.136
 279          0.114
 280          0.132
 281          0.066
 282          0.040
 283          0.053
 284          0.031
 285          0.062
 286          0.040
 287          0.044
 288          0.038
 289          0.049
 290          0.057
 291          0.061
 292          0.052
 293          0.108
 294          0.040
 295          0.075
 296          0.161
 297          0.107
 298          0.127
 299          0.094
 300          0.080
 301          0.057
 302          0.073
 303          0.072
 304          0.059
 305          0.105
 306          0.077
 307          0.179
 308          0.137
 309          0.086
 310          0.071
 311          0.098
 312          0.077
 313          0.039
 314          0.067
 315          0.073
 316          0.066
 317          0.069
 318          0.105
 319          0.114
 320          0.224
 321          0.150
 322          0.237
 323          0.255
 324          0.199
 325          0.217
 326          0.187
 327          0.102
 328          0.110
 329          0.109
 330          0.101
 331          0.109
 332          0.107
 333          0.120
 334          0.095
 335          0.097
 336          0.087
 337          0.073
 338          0.071
 339          0.090
 340          0.098
 341          0.071
 342          0.069
 343          0.056
 344          0.069
 345          0.068
 346          0.111
 347          0.040
 348          0.054
 349          0.014
 350          0.069
 351          0.080
 352          0.109
 353          0.204
 354          0.181
 355          0.133
 356          0.083
 357          0.069
 358          0.064
 359          0.034
 360          0.051
 361          0.067
 362          0.071
 363          0.188
 364          0.145
 365          0.158
 366          0.147
 367          0.108
 368          0.074
 369          0.099
 370          0.053
 371          0.113
 372          0.126
 373          0.022
 374          0.029
 375          0.043
 376          0.046
 377          0.043
 378          0.074
 379          0.088
 380          0.080
 381          0.061
 382          0.057
 383          0.019
 384          0.036
 385          0.039
 386          0.049
 387          0.048
 388          0.030
 389          0.034
 390          0.079
 391          0.071
 392          0.030
 393          0.095
 394          0.075
 395          0.041
 396          0.047
 397          0.026
 398          0.026
 399          0.031
 400          0.036
 401          0.063
 402          0.065
 403          0.086
 404          0.084
 405          0.056
 406          0.060
 407          0.072
 408          0.073
 409          0.067
 410          0.056
 411          0.043
 412          0.060
 413          0.078
 414          0.082
 415          0.052
 416          0.036
 417          0.060
 418          0.051
 419          0.039
 420          0.032
 421          0.065
 422          0.104
 423          0.104
 424          0.035
 425          0.076
 426          0.062
 427          0.047
 428          0.033
 429          0.045
 430          0.067
 431          0.124
 432          0.071
 433          0.043
 434          0.014
 435          0.021
 436          0.018
 437          0.052
 438          0.062
 439          0.059
 440          0.093
 441          0.121
 442          0.183
 443          0.137
 444          0.024
 445          0.038
 446          0.045
 447          0.033
 448          0.079
 449          0.102
 450          0.112
 451          0.117
 452          0.060
 453          0.082
 454          0.083
 455          0.074
 456          0.111
 457          0.066
 458          0.023
 459          0.032
 460          0.097
 461          0.080
 462          0.088
 463          0.090
 464          0.110
 465          0.110
 466          0.066
 467          0.089
 468          0.108
 469          0.134
 470          0.091
 471          0.067
 472          0.071
 473          0.055
 474          0.072
 475          0.095
 476          0.080
 477          0.076
 478          0.060
 479          0.073
 480          0.091
 481          0.154
 482          0.155
 483          0.078
 484          0.055
 485          0.050
 486          0.059
 487          0.034

# Average distance: 0.085 nm
