# Atom index    Distance (nm)
   1          1.222
   2          1.132
   3          0.774
   4          0.331
   5          0.309
   6          0.177
   7          0.119
   8          0.054
   9          0.084
  10          0.109
  11          0.116
  12          0.143
  13          0.221
  14          0.234
  15          0.168
  16          0.150
  17          0.115
  18          0.133
  19          0.148
  20          0.187
  21          0.058
  22          0.319
  23          0.224
  24          0.300
  25          0.247
  26          0.233
  27          0.192
  28          0.257
  29          0.240
  30          0.204
  31          0.229
  32          0.176
  33          0.098
  34          0.060
  35          0.081
  36          0.078
  37          0.060
  38          0.072
  39          0.037
  40          0.046
  41          0.076
  42          0.080
  43          0.142
  44          0.153
  45          0.113
  46          0.233
  47          0.138
  48          0.139
  49          0.123
  50          0.074
  51          0.094
  52          0.070
  53          0.061
  54          0.059
  55          0.042
  56          0.069
  57          0.072
  58          0.066
  59          0.071
  60          0.176
  61          0.227
  62          0.241
  63          0.181
  64          0.179
  65          0.179
  66          0.226
  67          0.353
  68          0.409
  69          0.456
  70          0.444
  71          0.437
  72          0.361
  73          0.328
  74          0.246
  75          0.328
  76          0.293
  77          0.314
  78          0.185
  79          0.128
  80          0.113
  81          0.136
  82          0.211
  83          0.139
  84          0.109
  85          0.120
  86          0.135
  87          0.182
  88          0.221
  89          0.251
  90          0.352
  91          0.392
  92          0.434
  93          0.358
  94          0.254
  95          0.227
  96          0.214
  97          0.187
  98          0.145
  99          0.101
 100          0.071
 101          0.136
 102          0.265
 103          0.075
 104          0.217
 105          0.273
 106          0.268
 107          0.398
 108          0.312
 109          0.362
 110          0.501
 111          0.470
 112          0.375
 113          0.334
 114          0.392
 115          0.333
 116          0.386
 117          0.391
 118          0.352
 119          0.414
 120          0.418
 121          0.480
 122          0.444
 123          0.433
 124          0.379
 125          0.292
 126          0.193
 127          0.188
 128          0.096
 129          0.134
 130          0.150
 131          0.057
 132          0.101
 133          0.065
 134          0.069
 135          0.034
 136          0.039
 137          0.071
 138          0.110
 139          0.089
 140          0.116
 141          0.091
 142          0.128
 143          0.116
 144          0.126
 145          0.091
 146          0.046
 147          0.056
 148          0.050
 149          0.050
 150          0.060
 151          0.098
 152          0.164
 153          0.294
 154          0.169
 155          0.155
 156          0.107
 157          0.093
 158          0.035
 159          0.044
 160          0.066
 161          0.074
 162          0.051
 163          0.051
 164          0.068
 165          0.068
 166          0.108
 167          0.071
 168          0.076
 169          0.058
 170          0.020
 171          0.038
 172          0.064
 173          0.109
 174          0.170
 175          0.286
 176          0.338
 177          0.281
 178          0.361
 179          0.269
 180          0.183
 181          0.118
 182          0.128
 183          0.114
 184          0.129
 185          0.100
 186          0.106
 187          0.086
 188          0.117
 189          0.132
 190          0.146
 191          0.186
 192          0.182
 193          0.191
 194          0.160
 195          0.163
 196          0.159
 197          0.169
 198          0.183
 199          0.219
 200          0.234
 201          0.412
 202          0.418
 203          0.288
 204          0.191
 205          0.268
 206          0.256
 207          0.291
 208          0.253
 209          0.225
 210          0.226
 211          0.261
 212          0.279
 213          0.187
 214          0.166
 215          0.161
 216          0.196
 217          0.197
 218          0.262
 219          0.286
 220          0.402
 221          0.288
 222          0.283
 223          0.188
 224          0.194
 225          0.133
 226          0.091
 227          0.025
 228          0.113
 229          0.236
 230          0.319
 231          0.312
 232          0.183
 233          0.089
 234          0.120
 235          0.132
 236          0.126
 237          0.197
 238          0.315
 239          0.212
 240          0.265
 241          0.259
 242          0.244
 243          0.247
 244          0.244
 245          0.128
 246          0.175
 247          0.190
 248          0.148
 249          0.168
 250          0.146
 251          0.142
 252          0.063
 253          0.046
 254          0.032
 255          0.042
 256          0.041
 257          0.050
 258          0.050
 259          0.046
 260          0.074
 261          0.058
 262          0.052
 263          0.112
 264          0.115
 265          0.059
 266          0.024
 267          0.041
 268          0.057
 269          0.093
 270          0.113
 271          0.129
 272          0.098
 273          0.098
 274          0.098
 275          0.144
 276          0.144
 277          0.120
 278          0.152
 279          0.107
 280          0.120
 281          0.113
 282          0.094
 283          0.081
 284          0.071
 285          0.078
 286          0.090
 287          0.038
 288          0.044
 289          0.048
 290          0.068
 291          0.116
 292          0.124
 293          0.160
 294          0.182
 295          0.202
 296          0.110
 297          0.141
 298          0.109
 299          0.090
 300          0.086
 301          0.081
 302          0.079
 303          0.054
 304          0.056
 305          0.145
 306          0.159
 307          0.112
 308          0.127
 309          0.095
 310          0.122
 311          0.144
 312          0.101
 313          0.148
 314          0.128
 315          0.112
 316          0.134
 317          0.136
 318          0.099
 319          0.060
 320          0.160
 321          0.136
 322          0.103
 323          0.218
 324          0.218
 325          0.110
 326          0.129
 327          0.116
 328          0.110
 329          0.114
 330          0.119
 331          0.155
 332          0.136
 333          0.127
 334          0.073
 335          0.111
 336          0.123
 337          0.115
 338          0.099
 339          0.107
 340          0.129
 341          0.172
 342          0.205
 343          0.165
 344          0.154
 345          0.175
 346          0.188
 347          0.195
 348          0.206
 349          0.193
 350          0.186
 351          0.167
 352          0.256
 353          0.292
 354          0.295
 355          0.189
 356          0.176
 357          0.149
 358          0.194
 359          0.211
 360          0.262
 361          0.230
 362          0.175
 363          0.179
 364          0.114
 365          0.083
 366          0.103
 367          0.174
 368          0.146
 369          0.105
 370          0.042
 371          0.026
 372          0.046
 373          0.047
 374          0.088
 375          0.090
 376          0.093
 377          0.085
 378          0.088
 379          0.067
 380          0.030
 381          0.054
 382          0.120
 383          0.118
 384          0.141
 385          0.141
 386          0.161
 387          0.162
 388          0.125
 389          0.077
 390          0.065
 391          0.113
 392          0.151
 393          0.182
 394          0.228
 395          0.299
 396          0.253
 397          0.226
 398          0.134
 399          0.130
 400          0.140
 401          0.223
 402          0.190
 403          0.162
 404          0.190
 405          0.131
 406          0.073
 407          0.048
 408          0.113
 409          0.110
 410          0.108
 411          0.089
 412          0.087
 413          0.053
 414          0.257
 415          0.205
 416          0.116
 417          0.061
 418          0.092
 419          0.105
 420          0.208
 421          0.282
 422          0.297
 423          0.160
 424          0.297
 425          0.243
 426          0.213
 427          0.180
 428          0.193
 429          0.203
 430          0.269
 431          0.316
 432          0.323
 433          0.296
 434          0.241
 435          0.228
 436          0.218
 437          0.180
 438          0.252
 439          0.150
 440          0.181
 441          0.221
 442          0.210
 443          0.190
 444          0.140
 445          0.051
 446          0.016
 447          0.025
 448          0.055
 449          0.048
 450          0.042
 451          0.062
 452          0.062
 453          0.053
 454          0.044
 455          0.043
 456          0.056
 457          0.036
 458          0.026
 459          0.037
 460          0.098
 461          0.152
 462          0.064
 463          0.122
 464          0.123
 465          0.191
 466          0.209
 467          0.213
 468          0.280
 469          0.112
 470          0.129
 471          0.147
 472          0.170
 473          0.196
 474          0.158
 475          0.182
 476          0.169
 477          0.176
 478          0.169
 479          0.170
 480          0.226
 481          0.150
 482          0.189
 483          0.144
 484          0.103
 485          0.080
 486          0.074
 487          0.085

# Average distance: 0.167 nm
