# Atom index    Distance (nm)
   1          0.845
   2          0.773
   3          0.356
   4          0.300
   5          0.212
   6          0.243
   7          0.160
   8          0.148
   9          0.128
  10          0.105
  11          0.096
  12          0.091
  13          0.080
  14          0.095
  15          0.127
  16          0.115
  17          0.108
  18          0.122
  19          0.160
  20          0.148
  21          0.207
  22          0.211
  23          0.320
  24          0.271
  25          0.232
  26          0.221
  27          0.163
  28          0.167
  29          0.133
  30          0.060
  31          0.087
  32          0.124
  33          0.185
  34          0.234
  35          0.232
  36          0.185
  37          0.155
  38          0.140
  39          0.124
  40          0.114
  41          0.139
  42          0.193
  43          0.184
  44          0.248
  45          0.273
  46          0.412
  47          0.427
  48          0.445
  49          0.531
  50          0.606
  51          0.498
  52          0.338
  53          0.256
  54          0.240
  55          0.258
  56          0.191
  57          0.130
  58          0.106
  59          0.086
  60          0.113
  61          0.125
  62          0.177
  63          0.178
  64          0.172
  65          0.194
  66          0.231
  67          0.276
  68          0.430
  69          0.334
  70          0.305
  71          0.222
  72          0.238
  73          0.218
  74          0.177
  75          0.223
  76          0.244
  77          0.272
  78          0.311
  79          0.289
  80          0.280
  81          0.288
  82          0.257
  83          0.205
  84          0.225
  85          0.197
  86          0.229
  87          0.211
  88          0.245
  89          0.258
  90          0.167
  91          0.216
  92          0.251
  93          0.283
  94          0.222
  95          0.237
  96          0.202
  97          0.176
  98          0.185
  99          0.232
 100          0.295
 101          0.320
 102          0.281
 103          0.272
 104          0.235
 105          0.159
 106          0.157
 107          0.117
 108          0.200
 109          0.407
 110          0.331
 111          0.453
 112          0.470
 113          0.231
 114          0.231
 115          0.234
 116          0.259
 117          0.206
 118          0.195
 119          0.214
 120          0.116
 121          0.092
 122          0.098
 123          0.056
 124          0.077
 125          0.069
 126          0.130
 127          0.127
 128          0.114
 129          0.089
 130          0.147
 131          0.152
 132          0.127
 133          0.058
 134          0.023
 135          0.035
 136          0.027
 137          0.031
 138          0.069
 139          0.086
 140          0.110
 141          0.115
 142          0.205
 143          0.188
 144          0.180
 145          0.136
 146          0.107
 147          0.085
 148          0.079
 149          0.067
 150          0.073
 151          0.152
 152          0.312
 153          0.049
 154          0.057
 155          0.076
 156          0.066
 157          0.110
 158          0.105
 159          0.085
 160          0.130
 161          0.113
 162          0.162
 163          0.088
 164          0.128
 165          0.113
 166          0.106
 167          0.089
 168          0.076
 169          0.041
 170          0.039
 171          0.022
 172          0.031
 173          0.056
 174          0.056
 175          0.120
 176          0.279
 177          0.340
 178          0.321
 179          0.211
 180          0.110
 181          0.105
 182          0.094
 183          0.084
 184          0.083
 185          0.104
 186          0.085
 187          0.076
 188          0.054
 189          0.051
 190          0.074
 191          0.073
 192          0.076
 193          0.094
 194          0.060
 195          0.019
 196          0.037
 197          0.082
 198          0.082
 199          0.101
 200          0.142
 201          0.167
 202          0.176
 203          0.130
 204          0.097
 205          0.166
 206          0.177
 207          0.193
 208          0.178
 209          0.203
 210          0.245
 211          0.284
 212          0.296
 213          0.248
 214          0.233
 215          0.195
 216          0.132
 217          0.088
 218          0.134
 219          0.155
 220          0.159
 221          0.192
 222          0.143
 223          0.142
 224          0.140
 225          0.137
 226          0.171
 227          0.153
 228          0.152
 229          0.141
 230          0.134
 231          0.182
 232          0.197
 233          0.167
 234          0.151
 235          0.100
 236          0.118
 237          0.109
 238          0.162
 239          0.188
 240          0.207
 241          0.206
 242          0.237
 243          0.238
 244          0.198
 245          0.196
 246          0.182
 247          0.153
 248          0.100
 249          0.079
 250          0.084
 251          0.037
 252          0.071
 253          0.044
 254          0.048
 255          0.035
 256          0.066
 257          0.069
 258          0.084
 259          0.110
 260          0.139
 261          0.104
 262          0.180
 263          0.227
 264          0.206
 265          0.193
 266          0.137
 267          0.143
 268          0.195
 269          0.219
 270          0.262
 271          0.206
 272          0.267
 273          0.254
 274          0.227
 275          0.164
 276          0.179
 277          0.166
 278          0.216
 279          0.179
 280          0.204
 281          0.169
 282          0.137
 283          0.148
 284          0.133
 285          0.151
 286          0.135
 287          0.117
 288          0.105
 289          0.089
 290          0.073
 291          0.132
 292          0.132
 293          0.120
 294          0.112
 295          0.224
 296          0.254
 297          0.182
 298          0.124
 299          0.098
 300          0.140
 301          0.129
 302          0.112
 303          0.185
 304          0.206
 305          0.278
 306          0.241
 307          0.180
 308          0.168
 309          0.116
 310          0.151
 311          0.145
 312          0.222
 313          0.209
 314          0.132
 315          0.072
 316          0.093
 317          0.142
 318          0.173
 319          0.222
 320          0.204
 321          0.208
 322          0.262
 323          0.261
 324          0.236
 325          0.235
 326          0.223
 327          0.163
 328          0.171
 329          0.175
 330          0.197
 331          0.162
 332          0.144
 333          0.096
 334          0.064
 335          0.098
 336          0.172
 337          0.132
 338          0.069
 339          0.026
 340          0.048
 341          0.058
 342          0.077
 343          0.091
 344          0.130
 345          0.100
 346          0.112
 347          0.052
 348          0.062
 349          0.052
 350          0.087
 351          0.103
 352          0.092
 353          0.135
 354          0.192
 355          0.165
 356          0.103
 357          0.073
 358          0.072
 359          0.074
 360          0.103
 361          0.102
 362          0.123
 363          0.148
 364          0.105
 365          0.154
 366          0.151
 367          0.140
 368          0.093
 369          0.091
 370          0.086
 371          0.089
 372          0.070
 373          0.078
 374          0.058
 375          0.092
 376          0.042
 377          0.033
 378          0.056
 379          0.049
 380          0.044
 381          0.059
 382          0.075
 383          0.111
 384          0.114
 385          0.099
 386          0.053
 387          0.096
 388          0.107
 389          0.099
 390          0.105
 391          0.096
 392          0.138
 393          0.123
 394          0.108
 395          0.158
 396          0.096
 397          0.107
 398          0.098
 399          0.077
 400          0.073
 401          0.104
 402          0.089
 403          0.160
 404          0.197
 405          0.124
 406          0.103
 407          0.104
 408          0.102
 409          0.097
 410          0.058
 411          0.118
 412          0.154
 413          0.165
 414          0.038
 415          0.122
 416          0.114
 417          0.146
 418          0.122
 419          0.100
 420          0.113
 421          0.045
 422          0.152
 423          0.102
 424          0.126
 425          0.093
 426          0.044
 427          0.046
 428          0.051
 429          0.056
 430          0.150
 431          0.268
 432          0.109
 433          0.093
 434          0.067
 435          0.079
 436          0.084
 437          0.070
 438          0.110
 439          0.043
 440          0.090
 441          0.106
 442          0.124
 443          0.091
 444          0.144
 445          0.126
 446          0.116
 447          0.107
 448          0.112
 449          0.016
 450          0.060
 451          0.117
 452          0.119
 453          0.057
 454          0.054
 455          0.091
 456          0.106
 457          0.143
 458          0.116
 459          0.063
 460          0.147
 461          0.087
 462          0.091
 463          0.169
 464          0.148
 465          0.099
 466          0.113
 467          0.096
 468          0.076
 469          0.069
 470          0.051
 471          0.115
 472          0.079
 473          0.076
 474          0.085
 475          0.113
 476          0.125
 477          0.212
 478          0.226
 479          0.192
 480          0.225
 481          0.295
 482          0.224
 483          0.093
 484          0.127
 485          0.120
 486          0.071
 487          0.022

# Average distance: 0.152 nm
