# Atom index    Distance (nm)
   1          0.139
   2          0.146
   3          0.118
   4          0.069
   5          0.040
   6          0.041
   7          0.034
   8          0.031
   9          0.037
  10          0.034
  11          0.025
  12          0.034
  13          0.073
  14          0.095
  15          0.062
  16          0.032
  17          0.052
  18          0.061
  19          0.045
  20          0.040
  21          0.027
  22          0.119
  23          0.290
  24          0.218
  25          0.122
  26          0.067
  27          0.114
  28          0.105
  29          0.092
  30          0.102
  31          0.051
  32          0.051
  33          0.039
  34          0.031
  35          0.049
  36          0.038
  37          0.036
  38          0.043
  39          0.036
  40          0.050
  41          0.041
  42          0.052
  43          0.044
  44          0.093
  45          0.200
  46          0.293
  47          0.315
  48          0.324
  49          0.351
  50          0.263
  51          0.351
  52          0.256
  53          0.162
  54          0.099
  55          0.090
  56          0.096
  57          0.065
  58          0.094
  59          0.117
  60          0.126
  61          0.145
  62          0.105
  63          0.073
  64          0.097
  65          0.076
  66          0.158
  67          0.229
  68          0.219
  69          0.143
  70          0.151
  71          0.146
  72          0.163
  73          0.113
  74          0.045
  75          0.078
  76          0.097
  77          0.116
  78          0.155
  79          0.146
  80          0.115
  81          0.127
  82          0.113
  83          0.113
  84          0.115
  85          0.107
  86          0.109
  87          0.070
  88          0.036
  89          0.087
  90          0.073
  91          0.090
  92          0.115
  93          0.101
  94          0.043
  95          0.060
  96          0.082
  97          0.057
  98          0.091
  99          0.122
 100          0.094
 101          0.147
 102          0.144
 103          0.145
 104          0.136
 105          0.118
 106          0.054
 107          0.031
 108          0.094
 109          0.118
 110          0.152
 111          0.144
 112          0.085
 113          0.023
 114          0.053
 115          0.110
 116          0.155
 117          0.151
 118          0.153
 119          0.144
 120          0.111
 121          0.089
 122          0.086
 123          0.046
 124          0.048
 125          0.067
 126          0.046
 127          0.042
 128          0.128
 129          0.068
 130          0.054
 131          0.066
 132          0.058
 133          0.065
 134          0.073
 135          0.042
 136          0.030
 137          0.042
 138          0.075
 139          0.066
 140          0.096
 141          0.115
 142          0.140
 143          0.140
 144          0.128
 145          0.123
 146          0.124
 147          0.106
 148          0.058
 149          0.045
 150          0.032
 151          0.040
 152          0.035
 153          0.065
 154          0.066
 155          0.062
 156          0.080
 157          0.074
 158          0.087
 159          0.103
 160          0.120
 161          0.108
 162          0.122
 163          0.104
 164          0.070
 165          0.097
 166          0.133
 167          0.031
 168          0.028
 169          0.046
 170          0.066
 171          0.071
 172          0.068
 173          0.073
 174          0.069
 175          0.065
 176          0.070
 177          0.061
 178          0.127
 179          0.109
 180          0.062
 181          0.069
 182          0.042
 183          0.043
 184          0.040
 185          0.042
 186          0.037
 187          0.051
 188          0.025
 189          0.031
 190          0.031
 191          0.052
 192          0.093
 193          0.131
 194          0.128
 195          0.094
 196          0.055
 197          0.029
 198          0.059
 199          0.129
 200          0.132
 201          0.133
 202          0.137
 203          0.102
 204          0.078
 205          0.084
 206          0.056
 207          0.057
 208          0.063
 209          0.047
 210          0.052
 211          0.060
 212          0.068
 213          0.107
 214          0.063
 215          0.052
 216          0.073
 217          0.025
 218          0.032
 219          0.090
 220          0.205
 221          0.107
 222          0.046
 223          0.104
 224          0.083
 225          0.080
 226          0.103
 227          0.105
 228          0.109
 229          0.145
 230          0.158
 231          0.142
 232          0.131
 233          0.123
 234          0.121
 235          0.098
 236          0.121
 237          0.191
 238          0.216
 239          0.176
 240          0.106
 241          0.139
 242          0.126
 243          0.116
 244          0.070
 245          0.078
 246          0.065
 247          0.033
 248          0.079
 249          0.056
 250          0.061
 251          0.038
 252          0.050
 253          0.046
 254          0.085
 255          0.096
 256          0.077
 257          0.051
 258          0.050
 259          0.063
 260          0.068
 261          0.070
 262          0.093
 263          0.107
 264          0.066
 265          0.088
 266          0.090
 267          0.089
 268          0.076
 269          0.075
 270          0.148
 271          0.133
 272          0.090
 273          0.120
 274          0.090
 275          0.079
 276          0.089
 277          0.109
 278          0.100
 279          0.092
 280          0.098
 281          0.102
 282          0.096
 283          0.062
 284          0.010
 285          0.019
 286          0.037
 287          0.067
 288          0.077
 289          0.068
 290          0.044
 291          0.063
 292          0.080
 293          0.141
 294          0.128
 295          0.184
 296          0.151
 297          0.128
 298          0.095
 299          0.078
 300          0.098
 301          0.064
 302          0.064
 303          0.069
 304          0.170
 305          0.103
 306          0.115
 307          0.092
 308          0.101
 309          0.110
 310          0.133
 311          0.128
 312          0.090
 313          0.181
 314          0.168
 315          0.173
 316          0.113
 317          0.063
 318          0.082
 319          0.080
 320          0.101
 321          0.130
 322          0.139
 323          0.198
 324          0.231
 325          0.091
 326          0.073
 327          0.082
 328          0.124
 329          0.117
 330          0.113
 331          0.139
 332          0.115
 333          0.168
 334          0.075
 335          0.121
 336          0.061
 337          0.079
 338          0.088
 339          0.118
 340          0.108
 341          0.073
 342          0.103
 343          0.112
 344          0.158
 345          0.129
 346          0.192
 347          0.130
 348          0.095
 349          0.123
 350          0.132
 351          0.125
 352          0.087
 353          0.160
 354          0.148
 355          0.114
 356          0.066
 357          0.060
 358          0.089
 359          0.082
 360          0.146
 361          0.167
 362          0.208
 363          0.174
 364          0.131
 365          0.126
 366          0.155
 367          0.151
 368          0.148
 369          0.114
 370          0.147
 371          0.138
 372          0.100
 373          0.030
 374          0.028
 375          0.048
 376          0.058
 377          0.051
 378          0.061
 379          0.077
 380          0.071
 381          0.064
 382          0.051
 383          0.054
 384          0.073
 385          0.053
 386          0.043
 387          0.038
 388          0.043
 389          0.033
 390          0.039
 391          0.058
 392          0.091
 393          0.158
 394          0.218
 395          0.163
 396          0.082
 397          0.081
 398          0.036
 399          0.055
 400          0.019
 401          0.044
 402          0.034
 403          0.059
 404          0.084
 405          0.066
 406          0.067
 407          0.062
 408          0.059
 409          0.058
 410          0.062
 411          0.063
 412          0.027
 413          0.060
 414          0.106
 415          0.086
 416          0.042
 417          0.020
 418          0.063
 419          0.038
 420          0.041
 421          0.048
 422          0.066
 423          0.025
 424          0.068
 425          0.056
 426          0.011
 427          0.008
 428          0.011
 429          0.122
 430          0.184
 431          0.282
 432          0.165
 433          0.129
 434          0.111
 435          0.040
 436          0.030
 437          0.051
 438          0.046
 439          0.050
 440          0.058
 441          0.077
 442          0.095
 443          0.076
 444          0.030
 445          0.057
 446          0.067
 447          0.047
 448          0.025
 449          0.030
 450          0.029
 451          0.017
 452          0.029
 453          0.043
 454          0.034
 455          0.044
 456          0.040
 457          0.042
 458          0.080
 459          0.154
 460          0.203
 461          0.212
 462          0.099
 463          0.079
 464          0.035
 465          0.038
 466          0.043
 467          0.069
 468          0.094
 469          0.095
 470          0.066
 471          0.038
 472          0.042
 473          0.019
 474          0.036
 475          0.044
 476          0.069
 477          0.079
 478          0.126
 479          0.076
 480          0.122
 481          0.083
 482          0.041
 483          0.060
 484          0.052
 485          0.059
 486          0.041
 487          0.038

# Average distance: 0.091 nm
