# Atom index    Distance (nm)
   1          0.478
   2          0.296
   3          0.107
   4          0.097
   5          0.078
   6          0.072
   7          0.065
   8          0.069
   9          0.101
  10          0.058
  11          0.133
  12          0.180
  13          0.228
  14          0.296
  15          0.234
  16          0.202
  17          0.108
  18          0.131
  19          0.148
  20          0.129
  21          0.076
  22          0.103
  23          0.151
  24          0.110
  25          0.089
  26          0.103
  27          0.112
  28          0.190
  29          0.256
  30          0.314
  31          0.163
  32          0.130
  33          0.143
  34          0.116
  35          0.128
  36          0.206
  37          0.182
  38          0.050
  39          0.045
  40          0.073
  41          0.072
  42          0.061
  43          0.081
  44          0.092
  45          0.073
  46          0.223
  47          0.213
  48          0.300
  49          0.254
  50          0.204
  51          0.256
  52          0.232
  53          0.126
  54          0.087
  55          0.041
  56          0.056
  57          0.025
  58          0.034
  59          0.040
  60          0.052
  61          0.036
  62          0.048
  63          0.033
  64          0.059
  65          0.070
  66          0.095
  67          0.162
  68          0.080
  69          0.021
  70          0.115
  71          0.102
  72          0.047
  73          0.085
  74          0.095
  75          0.029
  76          0.037
  77          0.024
  78          0.055
  79          0.073
  80          0.078
  81          0.062
  82          0.083
  83          0.022
  84          0.030
  85          0.062
  86          0.046
  87          0.116
  88          0.167
  89          0.288
  90          0.251
  91          0.301
  92          0.295
  93          0.258
  94          0.181
  95          0.167
  96          0.126
  97          0.064
  98          0.076
  99          0.079
 100          0.070
 101          0.112
 102          0.110
 103          0.117
 104          0.080
 105          0.077
 106          0.063
 107          0.056
 108          0.105
 109          0.070
 110          0.159
 111          0.186
 112          0.161
 113          0.109
 114          0.096
 115          0.090
 116          0.049
 117          0.051
 118          0.055
 119          0.079
 120          0.136
 121          0.160
 122          0.154
 123          0.118
 124          0.104
 125          0.154
 126          0.134
 127          0.156
 128          0.121
 129          0.049
 130          0.030
 131          0.063
 132          0.074
 133          0.065
 134          0.056
 135          0.064
 136          0.062
 137          0.066
 138          0.081
 139          0.038
 140          0.065
 141          0.086
 142          0.150
 143          0.155
 144          0.127
 145          0.075
 146          0.051
 147          0.072
 148          0.072
 149          0.087
 150          0.078
 151          0.112
 152          0.151
 153          0.129
 154          0.186
 155          0.103
 156          0.053
 157          0.031
 158          0.030
 159          0.041
 160          0.058
 161          0.048
 162          0.037
 163          0.063
 164          0.022
 165          0.033
 166          0.017
 167          0.037
 168          0.017
 169          0.023
 170          0.031
 171          0.038
 172          0.043
 173          0.039
 174          0.041
 175          0.061
 176          0.118
 177          0.221
 178          0.205
 179          0.090
 180          0.053
 181          0.046
 182          0.044
 183          0.073
 184          0.084
 185          0.063
 186          0.078
 187          0.046
 188          0.019
 189          0.026
 190          0.021
 191          0.082
 192          0.135
 193          0.114
 194          0.091
 195          0.078
 196          0.066
 197          0.069
 198          0.053
 199          0.173
 200          0.121
 201          0.078
 202          0.029
 203          0.063
 204          0.035
 205          0.041
 206          0.048
 207          0.077
 208          0.081
 209          0.078
 210          0.081
 211          0.103
 212          0.113
 213          0.143
 214          0.106
 215          0.090
 216          0.058
 217          0.063
 218          0.069
 219          0.031
 220          0.083
 221          0.115
 222          0.096
 223          0.076
 224          0.084
 225          0.069
 226          0.068
 227          0.053
 228          0.112
 229          0.139
 230          0.133
 231          0.074
 232          0.073
 233          0.057
 234          0.051
 235          0.077
 236          0.088
 237          0.119
 238          0.130
 239          0.064
 240          0.020
 241          0.123
 242          0.100
 243          0.147
 244          0.145
 245          0.079
 246          0.075
 247          0.089
 248          0.098
 249          0.093
 250          0.098
 251          0.081
 252          0.085
 253          0.071
 254          0.077
 255          0.060
 256          0.067
 257          0.087
 258          0.066
 259          0.077
 260          0.079
 261          0.107
 262          0.127
 263          0.116
 264          0.078
 265          0.088
 266          0.053
 267          0.048
 268          0.050
 269          0.071
 270          0.101
 271          0.086
 272          0.115
 273          0.102
 274          0.039
 275          0.050
 276          0.058
 277          0.081
 278          0.120
 279          0.112
 280          0.180
 281          0.127
 282          0.072
 283          0.032
 284          0.084
 285          0.087
 286          0.025
 287          0.026
 288          0.021
 289          0.027
 290          0.035
 291          0.078
 292          0.059
 293          0.134
 294          0.198
 295          0.246
 296          0.202
 297          0.139
 298          0.054
 299          0.070
 300          0.063
 301          0.055
 302          0.074
 303          0.062
 304          0.019
 305          0.027
 306          0.050
 307          0.046
 308          0.098
 309          0.088
 310          0.078
 311          0.077
 312          0.114
 313          0.157
 314          0.138
 315          0.067
 316          0.055
 317          0.030
 318          0.059
 319          0.054
 320          0.077
 321          0.068
 322          0.074
 323          0.085
 324          0.140
 325          0.128
 326          0.143
 327          0.097
 328          0.088
 329          0.099
 330          0.078
 331          0.033
 332          0.044
 333          0.025
 334          0.057
 335          0.074
 336          0.111
 337          0.109
 338          0.104
 339          0.047
 340          0.045
 341          0.042
 342          0.067
 343          0.071
 344          0.048
 345          0.055
 346          0.060
 347          0.095
 348          0.066
 349          0.067
 350          0.051
 351          0.070
 352          0.077
 353          0.039
 354          0.056
 355          0.049
 356          0.038
 357          0.070
 358          0.048
 359          0.039
 360          0.038
 361          0.060
 362          0.111
 363          0.049
 364          0.031
 365          0.088
 366          0.047
 367          0.061
 368          0.074
 369          0.068
 370          0.086
 371          0.062
 372          0.069
 373          0.084
 374          0.081
 375          0.070
 376          0.064
 377          0.057
 378          0.046
 379          0.015
 380          0.022
 381          0.033
 382          0.039
 383          0.045
 384          0.063
 385          0.078
 386          0.029
 387          0.070
 388          0.030
 389          0.020
 390          0.007
 391          0.029
 392          0.039
 393          0.096
 394          0.025
 395          0.132
 396          0.075
 397          0.066
 398          0.063
 399          0.060
 400          0.077
 401          0.063
 402          0.061
 403          0.042
 404          0.069
 405          0.051
 406          0.039
 407          0.023
 408          0.036
 409          0.026
 410          0.057
 411          0.102
 412          0.140
 413          0.134
 414          0.199
 415          0.122
 416          0.070
 417          0.065
 418          0.042
 419          0.033
 420          0.037
 421          0.170
 422          0.281
 423          0.239
 424          0.208
 425          0.131
 426          0.045
 427          0.024
 428          0.037
 429          0.008
 430          0.090
 431          0.107
 432          0.069
 433          0.020
 434          0.033
 435          0.077
 436          0.083
 437          0.110
 438          0.119
 439          0.107
 440          0.103
 441          0.053
 442          0.069
 443          0.075
 444          0.050
 445          0.039
 446          0.011
 447          0.028
 448          0.022
 449          0.060
 450          0.060
 451          0.051
 452          0.072
 453          0.037
 454          0.043
 455          0.055
 456          0.052
 457          0.034
 458          0.068
 459          0.070
 460          0.083
 461          0.066
 462          0.049
 463          0.031
 464          0.042
 465          0.050
 466          0.060
 467          0.070
 468          0.086
 469          0.082
 470          0.034
 471          0.079
 472          0.060
 473          0.066
 474          0.046
 475          0.159
 476          0.109
 477          0.080
 478          0.096
 479          0.090
 480          0.085
 481          0.082
 482          0.042
 483          0.049
 484          0.122
 485          0.077
 486          0.084
 487          0.086

# Average distance: 0.087 nm
