# Atom index    Distance (nm)
   1          0.138
   2          0.130
   3          0.160
   4          0.145
   5          0.083
   6          0.071
   7          0.051
   8          0.046
   9          0.077
  10          0.074
  11          0.107
  12          0.154
  13          0.254
  14          0.229
  15          0.205
  16          0.130
  17          0.082
  18          0.075
  19          0.058
  20          0.033
  21          0.033
  22          0.077
  23          0.115
  24          0.072
  25          0.016
  26          0.012
  27          0.046
  28          0.034
  29          0.060
  30          0.103
  31          0.103
  32          0.148
  33          0.153
  34          0.145
  35          0.127
  36          0.097
  37          0.042
  38          0.040
  39          0.076
  40          0.071
  41          0.072
  42          0.068
  43          0.079
  44          0.086
  45          0.050
  46          0.075
  47          0.063
  48          0.083
  49          0.103
  50          0.126
  51          0.152
  52          0.079
  53          0.103
  54          0.057
  55          0.050
  56          0.054
  57          0.062
  58          0.056
  59          0.061
  60          0.086
  61          0.094
  62          0.049
  63          0.019
  64          0.063
  65          0.142
  66          0.156
  67          0.138
  68          0.148
  69          0.134
  70          0.128
  71          0.140
  72          0.152
  73          0.126
  74          0.040
  75          0.087
  76          0.082
  77          0.085
  78          0.130
  79          0.069
  80          0.184
  81          0.256
  82          0.185
  83          0.101
  84          0.103
  85          0.121
  86          0.128
  87          0.121
  88          0.135
  89          0.128
  90          0.161
  91          0.181
  92          0.163
  93          0.195
  94          0.181
  95          0.182
  96          0.193
  97          0.143
  98          0.155
  99          0.144
 100          0.138
 101          0.170
 102          0.215
 103          0.207
 104          0.220
 105          0.205
 106          0.198
 107          0.133
 108          0.060
 109          0.058
 110          0.055
 111          0.071
 112          0.077
 113          0.088
 114          0.091
 115          0.190
 116          0.193
 117          0.192
 118          0.215
 119          0.239
 120          0.225
 121          0.204
 122          0.186
 123          0.183
 124          0.178
 125          0.176
 126          0.171
 127          0.180
 128          0.078
 129          0.078
 130          0.074
 131          0.059
 132          0.037
 133          0.036
 134          0.101
 135          0.035
 136          0.039
 137          0.021
 138          0.050
 139          0.075
 140          0.094
 141          0.086
 142          0.176
 143          0.144
 144          0.112
 145          0.076
 146          0.065
 147          0.034
 148          0.044
 149          0.076
 150          0.074
 151          0.118
 152          0.116
 153          0.137
 154          0.097
 155          0.046
 156          0.058
 157          0.049
 158          0.055
 159          0.062
 160          0.042
 161          0.056
 162          0.104
 163          0.116
 164          0.060
 165          0.078
 166          0.077
 167          0.061
 168          0.045
 169          0.023
 170          0.040
 171          0.027
 172          0.058
 173          0.041
 174          0.075
 175          0.098
 176          0.081
 177          0.085
 178          0.086
 179          0.073
 180          0.062
 181          0.078
 182          0.087
 183          0.043
 184          0.040
 185          0.043
 186          0.038
 187          0.038
 188          0.058
 189          0.056
 190          0.052
 191          0.028
 192          0.051
 193          0.054
 194          0.081
 195          0.073
 196          0.056
 197          0.037
 198          0.033
 199          0.084
 200          0.043
 201          0.055
 202          0.009
 203          0.074
 204          0.103
 205          0.093
 206          0.105
 207          0.113
 208          0.129
 209          0.095
 210          0.056
 211          0.020
 212          0.033
 213          0.022
 214          0.053
 215          0.085
 216          0.109
 217          0.124
 218          0.129
 219          0.109
 220          0.183
 221          0.165
 222          0.134
 223          0.063
 224          0.109
 225          0.100
 226          0.086
 227          0.074
 228          0.075
 229          0.093
 230          0.097
 231          0.059
 232          0.028
 233          0.035
 234          0.025
 235          0.020
 236          0.061
 237          0.232
 238          0.394
 239          0.299
 240          0.264
 241          0.151
 242          0.121
 243          0.131
 244          0.123
 245          0.117
 246          0.115
 247          0.102
 248          0.088
 249          0.020
 250          0.028
 251          0.027
 252          0.014
 253          0.041
 254          0.016
 255          0.010
 256          0.037
 257          0.022
 258          0.027
 259          0.064
 260          0.038
 261          0.041
 262          0.037
 263          0.095
 264          0.108
 265          0.046
 266          0.047
 267          0.042
 268          0.028
 269          0.066
 270          0.058
 271          0.052
 272          0.031
 273          0.051
 274          0.061
 275          0.080
 276          0.053
 277          0.032
 278          0.035
 279          0.032
 280          0.043
 281          0.018
 282          0.039
 283          0.067
 284          0.028
 285          0.021
 286          0.004
 287          0.039
 288          0.025
 289          0.046
 290          0.037
 291          0.055
 292          0.052
 293          0.040
 294          0.137
 295          0.163
 296          0.081
 297          0.059
 298          0.023
 299          0.074
 300          0.092
 301          0.066
 302          0.041
 303          0.057
 304          0.040
 305          0.043
 306          0.069
 307          0.031
 308          0.049
 309          0.053
 310          0.068
 311          0.036
 312          0.062
 313          0.078
 314          0.045
 315          0.020
 316          0.040
 317          0.063
 318          0.084
 319          0.115
 320          0.106
 321          0.054
 322          0.042
 323          0.049
 324          0.090
 325          0.143
 326          0.104
 327          0.016
 328          0.029
 329          0.036
 330          0.031
 331          0.067
 332          0.132
 333          0.114
 334          0.055
 335          0.075
 336          0.059
 337          0.050
 338          0.059
 339          0.097
 340          0.098
 341          0.065
 342          0.044
 343          0.056
 344          0.053
 345          0.028
 346          0.028
 347          0.076
 348          0.063
 349          0.072
 350          0.103
 351          0.055
 352          0.097
 353          0.093
 354          0.118
 355          0.025
 356          0.053
 357          0.042
 358          0.048
 359          0.067
 360          0.103
 361          0.091
 362          0.109
 363          0.083
 364          0.031
 365          0.083
 366          0.102
 367          0.107
 368          0.123
 369          0.129
 370          0.044
 371          0.033
 372          0.059
 373          0.037
 374          0.030
 375          0.063
 376          0.042
 377          0.067
 378          0.086
 379          0.093
 380          0.038
 381          0.029
 382          0.044
 383          0.040
 384          0.052
 385          0.065
 386          0.084
 387          0.075
 388          0.068
 389          0.087
 390          0.072
 391          0.133
 392          0.122
 393          0.125
 394          0.161
 395          0.081
 396          0.092
 397          0.093
 398          0.158
 399          0.143
 400          0.099
 401          0.118
 402          0.094
 403          0.088
 404          0.035
 405          0.059
 406          0.067
 407          0.098
 408          0.112
 409          0.078
 410          0.054
 411          0.104
 412          0.121
 413          0.101
 414          0.130
 415          0.091
 416          0.075
 417          0.088
 418          0.165
 419          0.145
 420          0.113
 421          0.107
 422          0.092
 423          0.084
 424          0.097
 425          0.113
 426          0.140
 427          0.127
 428          0.111
 429          0.117
 430          0.166
 431          0.219
 432          0.177
 433          0.132
 434          0.128
 435          0.138
 436          0.118
 437          0.131
 438          0.165
 439          0.171
 440          0.186
 441          0.213
 442          0.213
 443          0.176
 444          0.069
 445          0.063
 446          0.058
 447          0.014
 448          0.025
 449          0.063
 450          0.065
 451          0.055
 452          0.062
 453          0.060
 454          0.058
 455          0.040
 456          0.045
 457          0.014
 458          0.026
 459          0.069
 460          0.086
 461          0.096
 462          0.100
 463          0.074
 464          0.108
 465          0.086
 466          0.111
 467          0.112
 468          0.055
 469          0.066
 470          0.102
 471          0.112
 472          0.125
 473          0.131
 474          0.139
 475          0.135
 476          0.188
 477          0.212
 478          0.143
 479          0.063
 480          0.077
 481          0.074
 482          0.040
 483          0.037
 484          0.045
 485          0.035
 486          0.065
 487          0.032

# Average distance: 0.089 nm
