# Atom index    Distance (nm)
   1          0.169
   2          0.099
   3          0.125
   4          0.174
   5          0.125
   6          0.138
   7          0.108
   8          0.059
   9          0.061
  10          0.046
  11          0.062
  12          0.172
  13          0.246
  14          0.226
  15          0.130
  16          0.058
  17          0.059
  18          0.069
  19          0.109
  20          0.053
  21          0.079
  22          0.125
  23          0.130
  24          0.061
  25          0.064
  26          0.115
  27          0.086
  28          0.167
  29          0.151
  30          0.217
  31          0.169
  32          0.139
  33          0.182
  34          0.180
  35          0.139
  36          0.124
  37          0.123
  38          0.100
  39          0.105
  40          0.066
  41          0.086
  42          0.065
  43          0.023
  44          0.072
  45          0.441
  46          0.794
  47          0.891
  48          0.921
  49          0.906
  50          0.576
  51          0.397
  52          0.287
  53          0.115
  54          0.082
  55          0.044
  56          0.018
  57          0.110
  58          0.096
  59          0.091
  60          0.087
  61          0.088
  62          0.046
  63          0.050
  64          0.079
  65          0.090
  66          0.098
  67          0.282
  68          0.338
  69          0.263
  70          0.185
  71          0.241
  72          0.239
  73          0.097
  74          0.050
  75          0.112
  76          0.082
  77          0.065
  78          0.127
  79          0.058
  80          0.115
  81          0.137
  82          0.133
  83          0.058
  84          0.072
  85          0.098
  86          0.124
  87          0.155
  88          0.128
  89          0.161
  90          0.078
  91          0.111
  92          0.132
  93          0.085
  94          0.054
  95          0.077
  96          0.047
  97          0.099
  98          0.118
  99          0.108
 100          0.145
 101          0.142
 102          0.168
 103          0.175
 104          0.137
 105          0.063
 106          0.072
 107          0.097
 108          0.104
 109          0.155
 110          0.146
 111          0.139
 112          0.143
 113          0.114
 114          0.129
 115          0.143
 116          0.138
 117          0.149
 118          0.147
 119          0.133
 120          0.039
 121          0.053
 122          0.093
 123          0.158
 124          0.054
 125          0.067
 126          0.050
 127          0.046
 128          0.096
 129          0.073
 130          0.044
 131          0.036
 132          0.043
 133          0.060
 134          0.031
 135          0.043
 136          0.030
 137          0.019
 138          0.014
 139          0.047
 140          0.030
 141          0.069
 142          0.053
 143          0.066
 144          0.056
 145          0.050
 146          0.057
 147          0.057
 148          0.057
 149          0.096
 150          0.126
 151          0.078
 152          0.133
 153          0.064
 154          0.080
 155          0.105
 156          0.086
 157          0.023
 158          0.028
 159          0.064
 160          0.050
 161          0.035
 162          0.042
 163          0.134
 164          0.128
 165          0.108
 166          0.103
 167          0.070
 168          0.065
 169          0.067
 170          0.063
 171          0.078
 172          0.055
 173          0.027
 174          0.082
 175          0.206
 176          0.151
 177          0.231
 178          0.187
 179          0.213
 180          0.120
 181          0.053
 182          0.068
 183          0.083
 184          0.069
 185          0.051
 186          0.070
 187          0.069
 188          0.072
 189          0.061
 190          0.067
 191          0.059
 192          0.104
 193          0.108
 194          0.119
 195          0.101
 196          0.068
 197          0.086
 198          0.086
 199          0.058
 200          0.075
 201          0.069
 202          0.034
 203          0.053
 204          0.102
 205          0.101
 206          0.137
 207          0.141
 208          0.152
 209          0.246
 210          0.206
 211          0.230
 212          0.215
 213          0.203
 214          0.125
 215          0.116
 216          0.097
 217          0.115
 218          0.122
 219          0.116
 220          0.138
 221          0.149
 222          0.106
 223          0.119
 224          0.124
 225          0.090
 226          0.091
 227          0.092
 228          0.136
 229          0.277
 230          0.317
 231          0.298
 232          0.107
 233          0.068
 234          0.048
 235          0.061
 236          0.141
 237          0.108
 238          0.220
 239          0.371
 240          0.395
 241          0.480
 242          0.399
 243          0.239
 244          0.188
 245          0.130
 246          0.091
 247          0.066
 248          0.058
 249          0.066
 250          0.065
 251          0.083
 252          0.052
 253          0.066
 254          0.095
 255          0.081
 256          0.066
 257          0.023
 258          0.061
 259          0.042
 260          0.071
 261          0.046
 262          0.071
 263          0.109
 264          0.076
 265          0.089
 266          0.094
 267          0.067
 268          0.076
 269          0.070
 270          0.070
 271          0.101
 272          0.128
 273          0.071
 274          0.085
 275          0.082
 276          0.092
 277          0.091
 278          0.118
 279          0.145
 280          0.134
 281          0.140
 282          0.130
 283          0.129
 284          0.134
 285          0.151
 286          0.101
 287          0.078
 288          0.065
 289          0.070
 290          0.043
 291          0.061
 292          0.066
 293          0.047
 294          0.133
 295          0.139
 296          0.129
 297          0.127
 298          0.074
 299          0.069
 300          0.038
 301          0.068
 302          0.043
 303          0.074
 304          0.065
 305          0.028
 306          0.038
 307          0.025
 308          0.036
 309          0.061
 310          0.092
 311          0.052
 312          0.065
 313          0.225
 314          0.287
 315          0.200
 316          0.114
 317          0.036
 318          0.033
 319          0.021
 320          0.032
 321          0.025
 322          0.110
 323          0.138
 324          0.146
 325          0.152
 326          0.177
 327          0.113
 328          0.067
 329          0.033
 330          0.026
 331          0.038
 332          0.045
 333          0.082
 334          0.130
 335          0.138
 336          0.220
 337          0.154
 338          0.066
 339          0.030
 340          0.031
 341          0.042
 342          0.058
 343          0.097
 344          0.163
 345          0.115
 346          0.099
 347          0.080
 348          0.045
 349          0.072
 350          0.085
 351          0.082
 352          0.128
 353          0.280
 354          0.157
 355          0.127
 356          0.085
 357          0.092
 358          0.095
 359          0.080
 360          0.087
 361          0.090
 362          0.107
 363          0.064
 364          0.029
 365          0.092
 366          0.237
 367          0.188
 368          0.089
 369          0.076
 370          0.042
 371          0.041
 372          0.026
 373          0.069
 374          0.077
 375          0.079
 376          0.076
 377          0.054
 378          0.034
 379          0.054
 380          0.063
 381          0.051
 382          0.053
 383          0.083
 384          0.083
 385          0.106
 386          0.136
 387          0.067
 388          0.072
 389          0.082
 390          0.073
 391          0.084
 392          0.030
 393          0.130
 394          0.088
 395          0.101
 396          0.087
 397          0.066
 398          0.088
 399          0.116
 400          0.093
 401          0.127
 402          0.031
 403          0.034
 404          0.063
 405          0.066
 406          0.050
 407          0.033
 408          0.047
 409          0.037
 410          0.032
 411          0.063
 412          0.062
 413          0.027
 414          0.095
 415          0.103
 416          0.096
 417          0.070
 418          0.076
 419          0.023
 420          0.047
 421          0.107
 422          0.184
 423          0.176
 424          0.148
 425          0.069
 426          0.036
 427          0.053
 428          0.062
 429          0.043
 430          0.118
 431          0.251
 432          0.206
 433          0.177
 434          0.108
 435          0.036
 436          0.063
 437          0.078
 438          0.063
 439          0.043
 440          0.043
 441          0.022
 442          0.101
 443          0.103
 444          0.055
 445          0.058
 446          0.051
 447          0.018
 448          0.054
 449          0.063
 450          0.068
 451          0.076
 452          0.117
 453          0.074
 454          0.019
 455          0.070
 456          0.078
 457          0.043
 458          0.048
 459          0.059
 460          0.140
 461          0.115
 462          0.073
 463          0.069
 464          0.080
 465          0.103
 466          0.102
 467          0.112
 468          0.083
 469          0.090
 470          0.119
 471          0.086
 472          0.018
 473          0.074
 474          0.147
 475          0.124
 476          0.139
 477          0.114
 478          0.099
 479          0.114
 480          0.159
 481          0.142
 482          0.113
 483          0.102
 484          0.115
 485          0.096
 486          0.098
 487          0.093

# Average distance: 0.109 nm
