# Atom index    Distance (nm)
   1          0.141
   2          0.092
   3          0.164
   4          0.183
   5          0.194
   6          0.135
   7          0.112
   8          0.094
   9          0.077
  10          0.037
  11          0.029
  12          0.037
  13          0.029
  14          0.056
  15          0.020
  16          0.046
  17          0.045
  18          0.071
  19          0.118
  20          0.175
  21          0.218
  22          0.201
  23          0.261
  24          0.204
  25          0.152
  26          0.218
  27          0.129
  28          0.109
  29          0.052
  30          0.041
  31          0.114
  32          0.058
  33          0.058
  34          0.095
  35          0.156
  36          0.129
  37          0.126
  38          0.075
  39          0.097
  40          0.072
  41          0.077
  42          0.054
  43          0.066
  44          0.128
  45          0.090
  46          0.070
  47          0.133
  48          0.087
  49          0.272
  50          0.283
  51          0.278
  52          0.206
  53          0.130
  54          0.076
  55          0.073
  56          0.098
  57          0.094
  58          0.102
  59          0.150
  60          0.106
  61          0.083
  62          0.046
  63          0.044
  64          0.089
  65          0.119
  66          0.178
  67          0.208
  68          0.310
  69          0.379
  70          0.294
  71          0.243
  72          0.205
  73          0.170
  74          0.135
  75          0.118
  76          0.060
  77          0.056
  78          0.090
  79          0.023
  80          0.046
  81          0.087
  82          0.079
  83          0.097
  84          0.153
  85          0.106
  86          0.070
  87          0.059
  88          0.082
  89          0.085
  90          0.081
  91          0.100
  92          0.130
  93          0.077
  94          0.069
  95          0.119
  96          0.101
  97          0.080
  98          0.094
  99          0.091
 100          0.188
 101          0.230
 102          0.170
 103          0.135
 104          0.159
 105          0.135
 106          0.124
 107          0.074
 108          0.171
 109          0.159
 110          0.173
 111          0.184
 112          0.156
 113          0.140
 114          0.144
 115          0.146
 116          0.173
 117          0.107
 118          0.169
 119          0.138
 120          0.108
 121          0.157
 122          0.148
 123          0.046
 124          0.065
 125          0.059
 126          0.061
 127          0.063
 128          0.136
 129          0.122
 130          0.099
 131          0.096
 132          0.077
 133          0.075
 134          0.071
 135          0.093
 136          0.085
 137          0.070
 138          0.053
 139          0.054
 140          0.096
 141          0.129
 142          0.172
 143          0.151
 144          0.130
 145          0.087
 146          0.071
 147          0.070
 148          0.070
 149          0.082
 150          0.043
 151          0.040
 152          0.111
 153          0.163
 154          0.114
 155          0.062
 156          0.093
 157          0.097
 158          0.078
 159          0.042
 160          0.084
 161          0.103
 162          0.157
 163          0.145
 164          0.078
 165          0.067
 166          0.061
 167          0.040
 168          0.048
 169          0.066
 170          0.082
 171          0.069
 172          0.082
 173          0.059
 174          0.084
 175          0.039
 176          0.084
 177          0.113
 178          0.088
 179          0.045
 180          0.085
 181          0.078
 182          0.099
 183          0.086
 184          0.075
 185          0.085
 186          0.099
 187          0.091
 188          0.082
 189          0.058
 190          0.064
 191          0.111
 192          0.100
 193          0.093
 194          0.063
 195          0.100
 196          0.088
 197          0.114
 198          0.098
 199          0.275
 200          0.190
 201          0.193
 202          0.112
 203          0.088
 204          0.088
 205          0.074
 206          0.128
 207          0.142
 208          0.142
 209          0.062
 210          0.063
 211          0.102
 212          0.094
 213          0.142
 214          0.114
 215          0.095
 216          0.090
 217          0.072
 218          0.134
 219          0.145
 220          0.242
 221          0.200
 222          0.102
 223          0.055
 224          0.080
 225          0.099
 226          0.095
 227          0.078
 228          0.083
 229          0.079
 230          0.088
 231          0.099
 232          0.078
 233          0.054
 234          0.027
 235          0.062
 236          0.105
 237          0.111
 238          0.109
 239          0.110
 240          0.091
 241          0.089
 242          0.098
 243          0.067
 244          0.085
 245          0.098
 246          0.110
 247          0.076
 248          0.080
 249          0.104
 250          0.107
 251          0.063
 252          0.077
 253          0.081
 254          0.107
 255          0.071
 256          0.098
 257          0.107
 258          0.099
 259          0.036
 260          0.070
 261          0.124
 262          0.183
 263          0.187
 264          0.146
 265          0.163
 266          0.131
 267          0.085
 268          0.067
 269          0.116
 270          0.138
 271          0.116
 272          0.167
 273          0.074
 274          0.087
 275          0.071
 276          0.114
 277          0.120
 278          0.107
 279          0.099
 280          0.141
 281          0.127
 282          0.107
 283          0.109
 284          0.101
 285          0.045
 286          0.095
 287          0.088
 288          0.083
 289          0.066
 290          0.089
 291          0.160
 292          0.089
 293          0.174
 294          0.228
 295          0.266
 296          0.206
 297          0.178
 298          0.149
 299          0.129
 300          0.090
 301          0.072
 302          0.048
 303          0.046
 304          0.098
 305          0.148
 306          0.100
 307          0.079
 308          0.103
 309          0.091
 310          0.130
 311          0.128
 312          0.136
 313          0.097
 314          0.113
 315          0.090
 316          0.087
 317          0.082
 318          0.121
 319          0.146
 320          0.164
 321          0.131
 322          0.190
 323          0.171
 324          0.276
 325          0.254
 326          0.308
 327          0.248
 328          0.124
 329          0.121
 330          0.171
 331          0.184
 332          0.070
 333          0.077
 334          0.048
 335          0.112
 336          0.065
 337          0.095
 338          0.043
 339          0.038
 340          0.027
 341          0.071
 342          0.171
 343          0.183
 344          0.248
 345          0.277
 346          0.269
 347          0.234
 348          0.161
 349          0.126
 350          0.112
 351          0.137
 352          0.148
 353          0.255
 354          0.224
 355          0.125
 356          0.105
 357          0.090
 358          0.106
 359          0.131
 360          0.112
 361          0.161
 362          0.147
 363          0.117
 364          0.043
 365          0.065
 366          0.231
 367          0.254
 368          0.141
 369          0.162
 370          0.038
 371          0.031
 372          0.046
 373          0.067
 374          0.096
 375          0.115
 376          0.096
 377          0.083
 378          0.081
 379          0.080
 380          0.101
 381          0.084
 382          0.080
 383          0.036
 384          0.062
 385          0.108
 386          0.173
 387          0.117
 388          0.068
 389          0.064
 390          0.074
 391          0.037
 392          0.039
 393          0.122
 394          0.217
 395          0.203
 396          0.098
 397          0.080
 398          0.060
 399          0.057
 400          0.080
 401          0.111
 402          0.039
 403          0.027
 404          0.038
 405          0.047
 406          0.066
 407          0.086
 408          0.073
 409          0.095
 410          0.107
 411          0.044
 412          0.037
 413          0.053
 414          0.080
 415          0.087
 416          0.030
 417          0.039
 418          0.029
 419          0.037
 420          0.052
 421          0.087
 422          0.126
 423          0.134
 424          0.127
 425          0.090
 426          0.042
 427          0.041
 428          0.076
 429          0.092
 430          0.089
 431          0.042
 432          0.087
 433          0.142
 434          0.082
 435          0.096
 436          0.086
 437          0.070
 438          0.103
 439          0.035
 440          0.073
 441          0.084
 442          0.107
 443          0.085
 444          0.052
 445          0.028
 446          0.052
 447          0.057
 448          0.078
 449          0.137
 450          0.180
 451          0.153
 452          0.194
 453          0.223
 454          0.167
 455          0.116
 456          0.113
 457          0.067
 458          0.032
 459          0.030
 460          0.047
 461          0.073
 462          0.032
 463          0.051
 464          0.027
 465          0.097
 466          0.016
 467          0.175
 468          0.321
 469          0.327
 470          0.240
 471          0.134
 472          0.086
 473          0.082
 474          0.017
 475          0.094
 476          0.108
 477          0.112
 478          0.143
 479          0.184
 480          0.203
 481          0.151
 482          0.102
 483          0.082
 484          0.108
 485          0.097
 486          0.107
 487          0.116

# Average distance: 0.109 nm
