# Atom index    Distance (nm)
   1          0.931
   2          0.427
   3          0.157
   4          0.213
   5          0.092
   6          0.075
   7          0.080
   8          0.074
   9          0.086
  10          0.101
  11          0.081
  12          0.079
  13          0.105
  14          0.072
  15          0.072
  16          0.115
  17          0.063
  18          0.047
  19          0.031
  20          0.035
  21          0.069
  22          0.122
  23          0.122
  24          0.082
  25          0.058
  26          0.032
  27          0.020
  28          0.056
  29          0.093
  30          0.152
  31          0.030
  32          0.037
  33          0.032
  34          0.080
  35          0.076
  36          0.045
  37          0.057
  38          0.056
  39          0.027
  40          0.015
  41          0.049
  42          0.041
  43          0.050
  44          0.141
  45          0.106
  46          0.201
  47          0.101
  48          0.100
  49          0.189
  50          0.265
  51          0.186
  52          0.138
  53          0.075
  54          0.095
  55          0.097
  56          0.079
  57          0.019
  58          0.059
  59          0.074
  60          0.086
  61          0.067
  62          0.081
  63          0.040
  64          0.028
  65          0.080
  66          0.138
  67          0.107
  68          0.120
  69          0.149
  70          0.087
  71          0.095
  72          0.108
  73          0.063
  74          0.062
  75          0.073
  76          0.076
  77          0.040
  78          0.062
  79          0.053
  80          0.028
  81          0.071
  82          0.090
  83          0.069
  84          0.077
  85          0.075
  86          0.091
  87          0.110
  88          0.159
  89          0.112
  90          0.158
  91          0.088
  92          0.107
  93          0.241
  94          0.193
  95          0.104
  96          0.087
  97          0.049
  98          0.075
  99          0.045
 100          0.119
 101          0.102
 102          0.072
 103          0.070
 104          0.078
 105          0.093
 106          0.075
 107          0.125
 108          0.152
 109          0.096
 110          0.141
 111          0.157
 112          0.083
 113          0.079
 114          0.114
 115          0.085
 116          0.089
 117          0.098
 118          0.085
 119          0.151
 120          0.138
 121          0.168
 122          0.171
 123          0.178
 124          0.100
 125          0.117
 126          0.135
 127          0.122
 128          0.153
 129          0.051
 130          0.069
 131          0.056
 132          0.062
 133          0.053
 134          0.079
 135          0.060
 136          0.044
 137          0.035
 138          0.029
 139          0.043
 140          0.029
 141          0.045
 142          0.048
 143          0.008
 144          0.074
 145          0.079
 146          0.069
 147          0.044
 148          0.039
 149          0.048
 150          0.054
 151          0.089
 152          0.081
 153          0.210
 154          0.124
 155          0.073
 156          0.016
 157          0.017
 158          0.030
 159          0.014
 160          0.036
 161          0.066
 162          0.092
 163          0.092
 164          0.086
 165          0.091
 166          0.103
 167          0.104
 168          0.047
 169          0.084
 170          0.091
 171          0.037
 172          0.052
 173          0.064
 174          0.084
 175          0.068
 176          0.113
 177          0.125
 178          0.115
 179          0.113
 180          0.037
 181          0.056
 182          0.053
 183          0.098
 184          0.096
 185          0.079
 186          0.130
 187          0.120
 188          0.093
 189          0.090
 190          0.061
 191          0.065
 192          0.093
 193          0.055
 194          0.049
 195          0.050
 196          0.074
 197          0.072
 198          0.090
 199          0.090
 200          0.110
 201          0.108
 202          0.100
 203          0.073
 204          0.074
 205          0.080
 206          0.036
 207          0.059
 208          0.056
 209          0.053
 210          0.046
 211          0.042
 212          0.032
 213          0.062
 214          0.050
 215          0.042
 216          0.038
 217          0.039
 218          0.039
 219          0.032
 220          0.065
 221          0.058
 222          0.048
 223          0.029
 224          0.040
 225          0.024
 226          0.036
 227          0.046
 228          0.032
 229          0.037
 230          0.045
 231          0.063
 232          0.067
 233          0.068
 234          0.026
 235          0.018
 236          0.066
 237          0.158
 238          0.260
 239          0.306
 240          0.173
 241          0.142
 242          0.055
 243          0.087
 244          0.078
 245          0.054
 246          0.033
 247          0.026
 248          0.021
 249          0.048
 250          0.044
 251          0.015
 252          0.021
 253          0.079
 254          0.080
 255          0.040
 256          0.034
 257          0.050
 258          0.022
 259          0.016
 260          0.016
 261          0.073
 262          0.101
 263          0.099
 264          0.083
 265          0.097
 266          0.041
 267          0.039
 268          0.018
 269          0.056
 270          0.054
 271          0.059
 272          0.043
 273          0.035
 274          0.068
 275          0.080
 276          0.055
 277          0.045
 278          0.080
 279          0.075
 280          0.116
 281          0.118
 282          0.057
 283          0.085
 284          0.095
 285          0.057
 286          0.039
 287          0.064
 288          0.058
 289          0.048
 290          0.028
 291          0.074
 292          0.104
 293          0.191
 294          0.206
 295          0.272
 296          0.255
 297          0.129
 298          0.201
 299          0.130
 300          0.089
 301          0.043
 302          0.045
 303          0.064
 304          0.086
 305          0.122
 306          0.117
 307          0.097
 308          0.078
 309          0.058
 310          0.088
 311          0.086
 312          0.053
 313          0.145
 314          0.178
 315          0.075
 316          0.014
 317          0.050
 318          0.050
 319          0.087
 320          0.116
 321          0.131
 322          0.170
 323          0.164
 324          0.123
 325          0.173
 326          0.188
 327          0.108
 328          0.071
 329          0.093
 330          0.089
 331          0.131
 332          0.135
 333          0.126
 334          0.075
 335          0.085
 336          0.104
 337          0.080
 338          0.065
 339          0.090
 340          0.105
 341          0.094
 342          0.083
 343          0.119
 344          0.133
 345          0.117
 346          0.104
 347          0.098
 348          0.089
 349          0.060
 350          0.043
 351          0.067
 352          0.126
 353          0.233
 354          0.313
 355          0.179
 356          0.140
 357          0.065
 358          0.038
 359          0.042
 360          0.148
 361          0.100
 362          0.117
 363          0.148
 364          0.170
 365          0.102
 366          0.100
 367          0.095
 368          0.102
 369          0.064
 370          0.040
 371          0.054
 372          0.048
 373          0.065
 374          0.091
 375          0.083
 376          0.086
 377          0.083
 378          0.073
 379          0.056
 380          0.032
 381          0.054
 382          0.030
 383          0.021
 384          0.080
 385          0.048
 386          0.026
 387          0.095
 388          0.087
 389          0.087
 390          0.118
 391          0.095
 392          0.137
 393          0.214
 394          0.266
 395          0.243
 396          0.139
 397          0.134
 398          0.073
 399          0.051
 400          0.048
 401          0.042
 402          0.073
 403          0.071
 404          0.034
 405          0.048
 406          0.080
 407          0.053
 408          0.079
 409          0.039
 410          0.082
 411          0.123
 412          0.125
 413          0.076
 414          0.085
 415          0.073
 416          0.059
 417          0.063
 418          0.023
 419          0.012
 420          0.051
 421          0.048
 422          0.053
 423          0.053
 424          0.064
 425          0.057
 426          0.040
 427          0.074
 428          0.071
 429          0.088
 430          0.117
 431          0.175
 432          0.176
 433          0.180
 434          0.116
 435          0.078
 436          0.075
 437          0.070
 438          0.103
 439          0.110
 440          0.123
 441          0.113
 442          0.081
 443          0.069
 444          0.054
 445          0.019
 446          0.023
 447          0.014
 448          0.068
 449          0.063
 450          0.017
 451          0.027
 452          0.068
 453          0.089
 454          0.085
 455          0.028
 456          0.047
 457          0.083
 458          0.089
 459          0.116
 460          0.140
 461          0.123
 462          0.101
 463          0.065
 464          0.081
 465          0.077
 466          0.098
 467          0.066
 468          0.061
 469          0.135
 470          0.066
 471          0.095
 472          0.111
 473          0.131
 474          0.123
 475          0.091
 476          0.043
 477          0.055
 478          0.073
 479          0.041
 480          0.049
 481          0.092
 482          0.069
 483          0.065
 484          0.045
 485          0.013
 486          0.057
 487          0.055

# Average distance: 0.087 nm
