# Atom index    Distance (nm)
   1          0.684
   2          0.215
   3          0.186
   4          0.104
   5          0.053
   6          0.077
   7          0.077
   8          0.075
   9          0.090
  10          0.041
  11          0.109
  12          0.096
  13          0.170
  14          0.230
  15          0.157
  16          0.134
  17          0.087
  18          0.046
  19          0.074
  20          0.053
  21          0.109
  22          0.152
  23          0.196
  24          0.146
  25          0.070
  26          0.061
  27          0.102
  28          0.079
  29          0.146
  30          0.148
  31          0.170
  32          0.135
  33          0.133
  34          0.096
  35          0.141
  36          0.125
  37          0.137
  38          0.097
  39          0.076
  40          0.067
  41          0.068
  42          0.094
  43          0.076
  44          0.055
  45          0.065
  46          0.065
  47          0.105
  48          0.370
  49          0.410
  50          0.145
  51          0.252
  52          0.091
  53          0.072
  54          0.074
  55          0.063
  56          0.015
  57          0.053
  58          0.095
  59          0.138
  60          0.152
  61          0.151
  62          0.116
  63          0.063
  64          0.050
  65          0.059
  66          0.041
  67          0.122
  68          0.209
  69          0.191
  70          0.158
  71          0.012
  72          0.069
  73          0.072
  74          0.047
  75          0.095
  76          0.096
  77          0.181
  78          0.171
  79          0.125
  80          0.164
  81          0.144
  82          0.112
  83          0.065
  84          0.087
  85          0.086
  86          0.113
  87          0.130
  88          0.178
  89          0.196
  90          0.216
  91          0.209
  92          0.202
  93          0.156
  94          0.168
  95          0.185
  96          0.139
  97          0.120
  98          0.140
  99          0.126
 100          0.165
 101          0.155
 102          0.160
 103          0.198
 104          0.154
 105          0.144
 106          0.147
 107          0.108
 108          0.141
 109          0.219
 110          0.485
 111          0.299
 112          0.164
 113          0.099
 114          0.091
 115          0.072
 116          0.154
 117          0.168
 118          0.152
 119          0.153
 120          0.152
 121          0.135
 122          0.179
 123          0.106
 124          0.120
 125          0.146
 126          0.162
 127          0.187
 128          0.195
 129          0.114
 130          0.099
 131          0.067
 132          0.116
 133          0.079
 134          0.076
 135          0.073
 136          0.078
 137          0.079
 138          0.072
 139          0.106
 140          0.053
 141          0.096
 142          0.107
 143          0.081
 144          0.112
 145          0.113
 146          0.081
 147          0.081
 148          0.080
 149          0.095
 150          0.118
 151          0.166
 152          0.169
 153          0.171
 154          0.145
 155          0.040
 156          0.063
 157          0.041
 158          0.040
 159          0.046
 160          0.107
 161          0.139
 162          0.154
 163          0.081
 164          0.088
 165          0.128
 166          0.146
 167          0.129
 168          0.116
 169          0.068
 170          0.070
 171          0.084
 172          0.087
 173          0.137
 174          0.174
 175          0.185
 176          0.217
 177          0.208
 178          0.214
 179          0.139
 180          0.088
 181          0.088
 182          0.104
 183          0.112
 184          0.102
 185          0.104
 186          0.095
 187          0.109
 188          0.101
 189          0.069
 190          0.040
 191          0.057
 192          0.087
 193          0.082
 194          0.074
 195          0.039
 196          0.048
 197          0.088
 198          0.156
 199          0.093
 200          0.085
 201          0.064
 202          0.057
 203          0.066
 204          0.064
 205          0.081
 206          0.073
 207          0.135
 208          0.105
 209          0.081
 210          0.040
 211          0.085
 212          0.102
 213          0.063
 214          0.075
 215          0.072
 216          0.072
 217          0.087
 218          0.129
 219          0.120
 220          0.155
 221          0.178
 222          0.131
 223          0.121
 224          0.110
 225          0.105
 226          0.095
 227          0.085
 228          0.049
 229          0.094
 230          0.081
 231          0.088
 232          0.065
 233          0.061
 234          0.050
 235          0.103
 236          0.095
 237          0.221
 238          0.238
 239          0.255
 240          0.514
 241          0.408
 242          0.242
 243          0.329
 244          0.333
 245          0.283
 246          0.182
 247          0.094
 248          0.093
 249          0.074
 250          0.101
 251          0.073
 252          0.082
 253          0.078
 254          0.033
 255          0.020
 256          0.011
 257          0.018
 258          0.033
 259          0.085
 260          0.088
 261          0.113
 262          0.116
 263          0.232
 264          0.236
 265          0.187
 266          0.112
 267          0.049
 268          0.049
 269          0.114
 270          0.166
 271          0.133
 272          0.174
 273          0.161
 274          0.110
 275          0.078
 276          0.035
 277          0.065
 278          0.103
 279          0.143
 280          0.236
 281          0.258
 282          0.214
 283          0.253
 284          0.254
 285          0.207
 286          0.102
 287          0.058
 288          0.046
 289          0.042
 290          0.072
 291          0.055
 292          0.072
 293          0.138
 294          0.198
 295          0.226
 296          0.224
 297          0.156
 298          0.141
 299          0.095
 300          0.048
 301          0.043
 302          0.014
 303          0.043
 304          0.086
 305          0.125
 306          0.095
 307          0.079
 308          0.083
 309          0.109
 310          0.209
 311          0.142
 312          0.148
 313          0.208
 314          0.117
 315          0.095
 316          0.091
 317          0.158
 318          0.177
 319          0.189
 320          0.204
 321          0.174
 322          0.174
 323          0.152
 324          0.155
 325          0.368
 326          0.347
 327          0.218
 328          0.116
 329          0.123
 330          0.095
 331          0.083
 332          0.143
 333          0.169
 334          0.225
 335          0.228
 336          0.286
 337          0.187
 338          0.166
 339          0.117
 340          0.109
 341          0.085
 342          0.045
 343          0.079
 344          0.126
 345          0.156
 346          0.132
 347          0.070
 348          0.050
 349          0.063
 350          0.053
 351          0.027
 352          0.064
 353          0.114
 354          0.118
 355          0.101
 356          0.061
 357          0.045
 358          0.051
 359          0.065
 360          0.161
 361          0.174
 362          0.187
 363          0.128
 364          0.118
 365          0.122
 366          0.097
 367          0.066
 368          0.064
 369          0.101
 370          0.093
 371          0.065
 372          0.045
 373          0.025
 374          0.040
 375          0.041
 376          0.034
 377          0.069
 378          0.053
 379          0.068
 380          0.076
 381          0.072
 382          0.060
 383          0.034
 384          0.075
 385          0.105
 386          0.117
 387          0.095
 388          0.129
 389          0.114
 390          0.175
 391          0.178
 392          0.222
 393          0.225
 394          0.292
 395          0.197
 396          0.185
 397          0.152
 398          0.139
 399          0.129
 400          0.101
 401          0.136
 402          0.127
 403          0.138
 404          0.163
 405          0.162
 406          0.156
 407          0.124
 408          0.122
 409          0.081
 410          0.050
 411          0.064
 412          0.053
 413          0.033
 414          0.109
 415          0.016
 416          0.081
 417          0.075
 418          0.056
 419          0.044
 420          0.105
 421          0.136
 422          0.184
 423          0.178
 424          0.200
 425          0.154
 426          0.102
 427          0.110
 428          0.104
 429          0.127
 430          0.134
 431          0.137
 432          0.179
 433          0.119
 434          0.124
 435          0.135
 436          0.140
 437          0.163
 438          0.176
 439          0.180
 440          0.165
 441          0.158
 442          0.141
 443          0.125
 444          0.058
 445          0.065
 446          0.032
 447          0.016
 448          0.024
 449          0.062
 450          0.071
 451          0.041
 452          0.055
 453          0.048
 454          0.076
 455          0.058
 456          0.012
 457          0.057
 458          0.103
 459          0.157
 460          0.296
 461          0.272
 462          0.108
 463          0.044
 464          0.035
 465          0.040
 466          0.103
 467          0.085
 468          0.105
 469          0.110
 470          0.103
 471          0.058
 472          0.067
 473          0.051
 474          0.052
 475          0.050
 476          0.029
 477          0.044
 478          0.054
 479          0.087
 480          0.078
 481          0.091
 482          0.051
 483          0.032
 484          0.031
 485          0.073
 486          0.048
 487          0.051

# Average distance: 0.119 nm
