# Atom index    Distance (nm)
   1          1.410
   2          0.909
   3          0.375
   4          0.175
   5          0.142
   6          0.217
   7          0.165
   8          0.224
   9          0.169
  10          0.073
  11          0.055
  12          0.016
  13          0.123
  14          0.067
  15          0.057
  16          0.069
  17          0.063
  18          0.083
  19          0.060
  20          0.078
  21          0.091
  22          0.072
  23          0.102
  24          0.133
  25          0.169
  26          0.118
  27          0.067
  28          0.052
  29          0.105
  30          0.061
  31          0.134
  32          0.158
  33          0.197
  34          0.202
  35          0.178
  36          0.155
  37          0.087
  38          0.129
  39          0.147
  40          0.124
  41          0.155
  42          0.141
  43          0.237
  44          0.228
  45          0.545
  46          0.930
  47          1.025
  48          1.078
  49          0.785
  50          0.539
  51          0.422
  52          0.408
  53          0.293
  54          0.178
  55          0.197
  56          0.111
  57          0.138
  58          0.141
  59          0.175
  60          0.198
  61          0.261
  62          0.261
  63          0.192
  64          0.141
  65          0.215
  66          0.233
  67          0.287
  68          0.367
  69          0.370
  70          0.263
  71          0.312
  72          0.228
  73          0.233
  74          0.155
  75          0.280
  76          0.320
  77          0.352
  78          0.413
  79          0.301
  80          0.347
  81          0.345
  82          0.301
  83          0.234
  84          0.233
  85          0.224
  86          0.201
  87          0.151
  88          0.148
  89          0.108
  90          0.106
  91          0.099
  92          0.047
  93          0.053
  94          0.048
  95          0.062
  96          0.123
  97          0.148
  98          0.165
  99          0.225
 100          0.322
 101          0.372
 102          0.350
 103          0.289
 104          0.225
 105          0.173
 106          0.100
 107          0.102
 108          0.196
 109          0.188
 110          0.212
 111          0.246
 112          0.134
 113          0.134
 114          0.171
 115          0.193
 116          0.225
 117          0.227
 118          0.223
 119          0.096
 120          0.122
 121          0.125
 122          0.122
 123          0.120
 124          0.114
 125          0.089
 126          0.039
 127          0.055
 128          0.144
 129          0.199
 130          0.194
 131          0.153
 132          0.096
 133          0.095
 134          0.109
 135          0.123
 136          0.122
 137          0.104
 138          0.044
 139          0.082
 140          0.089
 141          0.147
 142          0.100
 143          0.105
 144          0.119
 145          0.063
 146          0.072
 147          0.062
 148          0.087
 149          0.085
 150          0.074
 151          0.059
 152          0.098
 153          0.091
 154          0.106
 155          0.096
 156          0.067
 157          0.085
 158          0.088
 159          0.075
 160          0.065
 161          0.066
 162          0.063
 163          0.087
 164          0.087
 165          0.075
 166          0.038
 167          0.110
 168          0.054
 169          0.065
 170          0.090
 171          0.106
 172          0.092
 173          0.088
 174          0.130
 175          0.105
 176          0.219
 177          0.147
 178          0.075
 179          0.092
 180          0.100
 181          0.162
 182          0.134
 183          0.133
 184          0.082
 185          0.119
 186          0.112
 187          0.110
 188          0.080
 189          0.111
 190          0.098
 191          0.141
 192          0.132
 193          0.152
 194          0.145
 195          0.148
 196          0.092
 197          0.084
 198          0.085
 199          0.142
 200          0.132
 201          0.130
 202          0.127
 203          0.099
 204          0.139
 205          0.135
 206          0.125
 207          0.078
 208          0.077
 209          0.063
 210          0.106
 211          0.109
 212          0.109
 213          0.182
 214          0.108
 215          0.101
 216          0.092
 217          0.092
 218          0.110
 219          0.096
 220          0.157
 221          0.086
 222          0.098
 223          0.106
 224          0.112
 225          0.118
 226          0.127
 227          0.154
 228          0.113
 229          0.040
 230          0.124
 231          0.254
 232          0.191
 233          0.189
 234          0.137
 235          0.159
 236          0.141
 237          0.130
 238          0.094
 239          0.207
 240          0.258
 241          0.063
 242          0.192
 243          0.258
 244          0.274
 245          0.196
 246          0.127
 247          0.146
 248          0.101
 249          0.139
 250          0.096
 251          0.099
 252          0.052
 253          0.087
 254          0.059
 255          0.062
 256          0.024
 257          0.018
 258          0.049
 259          0.109
 260          0.096
 261          0.133
 262          0.196
 263          0.252
 264          0.174
 265          0.152
 266          0.098
 267          0.104
 268          0.034
 269          0.087
 270          0.061
 271          0.127
 272          0.134
 273          0.150
 274          0.129
 275          0.132
 276          0.132
 277          0.118
 278          0.077
 279          0.069
 280          0.160
 281          0.124
 282          0.071
 283          0.066
 284          0.014
 285          0.039
 286          0.043
 287          0.015
 288          0.037
 289          0.067
 290          0.081
 291          0.092
 292          0.122
 293          0.183
 294          0.225
 295          0.223
 296          0.170
 297          0.137
 298          0.147
 299          0.119
 300          0.088
 301          0.101
 302          0.101
 303          0.148
 304          0.204
 305          0.105
 306          0.138
 307          0.091
 308          0.095
 309          0.097
 310          0.144
 311          0.162
 312          0.239
 313          0.234
 314          0.231
 315          0.223
 316          0.191
 317          0.161
 318          0.148
 319          0.137
 320          0.142
 321          0.147
 322          0.173
 323          0.375
 324          0.303
 325          0.304
 326          0.185
 327          0.173
 328          0.191
 329          0.162
 330          0.153
 331          0.136
 332          0.092
 333          0.143
 334          0.125
 335          0.095
 336          0.094
 337          0.054
 338          0.087
 339          0.084
 340          0.074
 341          0.057
 342          0.130
 343          0.175
 344          0.203
 345          0.231
 346          0.203
 347          0.194
 348          0.152
 349          0.185
 350          0.196
 351          0.213
 352          0.264
 353          0.233
 354          0.199
 355          0.169
 356          0.182
 357          0.172
 358          0.183
 359          0.205
 360          0.212
 361          0.166
 362          0.137
 363          0.130
 364          0.143
 365          0.117
 366          0.094
 367          0.104
 368          0.093
 369          0.086
 370          0.082
 371          0.078
 372          0.050
 373          0.032
 374          0.032
 375          0.019
 376          0.050
 377          0.044
 378          0.050
 379          0.078
 380          0.101
 381          0.080
 382          0.079
 383          0.078
 384          0.124
 385          0.138
 386          0.145
 387          0.111
 388          0.088
 389          0.127
 390          0.133
 391          0.124
 392          0.171
 393          0.278
 394          0.307
 395          0.219
 396          0.109
 397          0.146
 398          0.104
 399          0.171
 400          0.163
 401          0.123
 402          0.109
 403          0.092
 404          0.059
 405          0.094
 406          0.079
 407          0.059
 408          0.045
 409          0.041
 410          0.055
 411          0.057
 412          0.047
 413          0.089
 414          0.077
 415          0.035
 416          0.035
 417          0.042
 418          0.071
 419          0.071
 420          0.094
 421          0.169
 422          0.249
 423          0.161
 424          0.145
 425          0.075
 426          0.041
 427          0.065
 428          0.110
 429          0.135
 430          0.127
 431          0.115
 432          0.112
 433          0.140
 434          0.124
 435          0.135
 436          0.156
 437          0.103
 438          0.086
 439          0.118
 440          0.078
 441          0.098
 442          0.108
 443          0.089
 444          0.095
 445          0.089
 446          0.041
 447          0.029
 448          0.034
 449          0.063
 450          0.085
 451          0.087
 452          0.090
 453          0.063
 454          0.063
 455          0.030
 456          0.011
 457          0.034
 458          0.032
 459          0.046
 460          0.081
 461          0.083
 462          0.121
 463          0.081
 464          0.047
 465          0.071
 466          0.126
 467          0.183
 468          0.151
 469          0.155
 470          0.235
 471          0.170
 472          0.114
 473          0.133
 474          0.113
 475          0.166
 476          0.200
 477          0.153
 478          0.171
 479          0.153
 480          0.132
 481          0.122
 482          0.126
 483          0.086
 484          0.076
 485          0.065
 486          0.076
 487          0.100

# Average distance: 0.146 nm
