# Atom index    Distance (nm)
   1          0.420
   2          0.409
   3          0.487
   4          0.300
   5          0.142
   6          0.105
   7          0.073
   8          0.060
   9          0.111
  10          0.065
  11          0.017
  12          0.024
  13          0.054
  14          0.093
  15          0.075
  16          0.038
  17          0.057
  18          0.052
  19          0.083
  20          0.132
  21          0.157
  22          0.213
  23          0.308
  24          0.308
  25          0.227
  26          0.210
  27          0.121
  28          0.072
  29          0.053
  30          0.120
  31          0.070
  32          0.043
  33          0.097
  34          0.141
  35          0.199
  36          0.196
  37          0.169
  38          0.089
  39          0.088
  40          0.037
  41          0.040
  42          0.121
  43          0.122
  44          0.104
  45          0.110
  46          0.225
  47          0.354
  48          0.445
  49          0.525
  50          0.456
  51          0.417
  52          0.136
  53          0.127
  54          0.077
  55          0.079
  56          0.074
  57          0.100
  58          0.110
  59          0.093
  60          0.065
  61          0.069
  62          0.126
  63          0.150
  64          0.123
  65          0.100
  66          0.100
  67          0.180
  68          0.169
  69          0.167
  70          0.136
  71          0.112
  72          0.147
  73          0.158
  74          0.140
  75          0.144
  76          0.140
  77          0.109
  78          0.137
  79          0.138
  80          0.154
  81          0.163
  82          0.130
  83          0.125
  84          0.094
  85          0.112
  86          0.080
  87          0.104
  88          0.116
  89          0.097
  90          0.067
  91          0.120
  92          0.108
  93          0.109
  94          0.054
  95          0.070
  96          0.051
  97          0.062
  98          0.054
  99          0.052
 100          0.082
 101          0.102
 102          0.074
 103          0.086
 104          0.082
 105          0.054
 106          0.031
 107          0.073
 108          0.156
 109          0.202
 110          0.258
 111          0.278
 112          0.245
 113          0.100
 114          0.094
 115          0.082
 116          0.120
 117          0.119
 118          0.139
 119          0.080
 120          0.041
 121          0.044
 122          0.057
 123          0.052
 124          0.044
 125          0.028
 126          0.039
 127          0.029
 128          0.099
 129          0.139
 130          0.116
 131          0.120
 132          0.106
 133          0.085
 134          0.091
 135          0.062
 136          0.060
 137          0.056
 138          0.059
 139          0.078
 140          0.077
 141          0.112
 142          0.164
 143          0.122
 144          0.105
 145          0.080
 146          0.092
 147          0.085
 148          0.084
 149          0.116
 150          0.107
 151          0.170
 152          0.168
 153          0.196
 154          0.156
 155          0.101
 156          0.059
 157          0.047
 158          0.052
 159          0.076
 160          0.102
 161          0.102
 162          0.137
 163          0.095
 164          0.137
 165          0.125
 166          0.118
 167          0.132
 168          0.141
 169          0.137
 170          0.108
 171          0.073
 172          0.067
 173          0.077
 174          0.119
 175          0.134
 176          0.168
 177          0.116
 178          0.128
 179          0.121
 180          0.107
 181          0.107
 182          0.081
 183          0.072
 184          0.081
 185          0.138
 186          0.179
 187          0.127
 188          0.121
 189          0.085
 190          0.091
 191          0.085
 192          0.095
 193          0.094
 194          0.062
 195          0.063
 196          0.053
 197          0.115
 198          0.150
 199          0.187
 200          0.103
 201          0.067
 202          0.069
 203          0.092
 204          0.112
 205          0.126
 206          0.092
 207          0.112
 208          0.074
 209          0.127
 210          0.132
 211          0.138
 212          0.157
 213          0.185
 214          0.129
 215          0.088
 216          0.054
 217          0.051
 218          0.104
 219          0.084
 220          0.094
 221          0.118
 222          0.097
 223          0.075
 224          0.122
 225          0.062
 226          0.047
 227          0.064
 228          0.106
 229          0.125
 230          0.118
 231          0.059
 232          0.055
 233          0.037
 234          0.055
 235          0.056
 236          0.056
 237          0.081
 238          0.073
 239          0.381
 240          0.378
 241          0.250
 242          0.151
 243          0.203
 244          0.199
 245          0.106
 246          0.082
 247          0.078
 248          0.074
 249          0.101
 250          0.067
 251          0.059
 252          0.089
 253          0.092
 254          0.076
 255          0.077
 256          0.097
 257          0.050
 258          0.044
 259          0.026
 260          0.049
 261          0.057
 262          0.127
 263          0.143
 264          0.142
 265          0.049
 266          0.029
 267          0.055
 268          0.087
 269          0.110
 270          0.063
 271          0.195
 272          0.245
 273          0.158
 274          0.077
 275          0.085
 276          0.072
 277          0.091
 278          0.120
 279          0.097
 280          0.090
 281          0.087
 282          0.089
 283          0.083
 284          0.067
 285          0.045
 286          0.056
 287          0.055
 288          0.027
 289          0.050
 290          0.039
 291          0.066
 292          0.108
 293          0.124
 294          0.187
 295          0.198
 296          0.186
 297          0.148
 298          0.148
 299          0.081
 300          0.070
 301          0.039
 302          0.064
 303          0.091
 304          0.136
 305          0.115
 306          0.095
 307          0.055
 308          0.027
 309          0.021
 310          0.027
 311          0.037
 312          0.072
 313          0.165
 314          0.152
 315          0.096
 316          0.102
 317          0.034
 318          0.057
 319          0.075
 320          0.108
 321          0.103
 322          0.094
 323          0.092
 324          0.078
 325          0.075
 326          0.058
 327          0.055
 328          0.047
 329          0.056
 330          0.090
 331          0.126
 332          0.158
 333          0.171
 334          0.179
 335          0.245
 336          0.227
 337          0.181
 338          0.222
 339          0.222
 340          0.170
 341          0.136
 342          0.123
 343          0.123
 344          0.083
 345          0.065
 346          0.110
 347          0.145
 348          0.125
 349          0.153
 350          0.166
 351          0.106
 352          0.159
 353          0.171
 354          0.175
 355          0.094
 356          0.094
 357          0.048
 358          0.087
 359          0.103
 360          0.156
 361          0.173
 362          0.198
 363          0.174
 364          0.212
 365          0.180
 366          0.282
 367          0.206
 368          0.209
 369          0.203
 370          0.108
 371          0.052
 372          0.080
 373          0.070
 374          0.046
 375          0.066
 376          0.078
 377          0.101
 378          0.122
 379          0.116
 380          0.101
 381          0.081
 382          0.084
 383          0.094
 384          0.099
 385          0.118
 386          0.103
 387          0.066
 388          0.079
 389          0.063
 390          0.080
 391          0.075
 392          0.069
 393          0.139
 394          0.151
 395          0.235
 396          0.156
 397          0.056
 398          0.085
 399          0.033
 400          0.049
 401          0.066
 402          0.024
 403          0.096
 404          0.106
 405          0.076
 406          0.088
 407          0.107
 408          0.065
 409          0.065
 410          0.058
 411          0.099
 412          0.075
 413          0.058
 414          0.054
 415          0.074
 416          0.016
 417          0.040
 418          0.032
 419          0.029
 420          0.022
 421          0.062
 422          0.146
 423          0.214
 424          0.163
 425          0.094
 426          0.050
 427          0.072
 428          0.098
 429          0.150
 430          0.218
 431          0.218
 432          0.234
 433          0.198
 434          0.127
 435          0.097
 436          0.090
 437          0.082
 438          0.105
 439          0.148
 440          0.194
 441          0.115
 442          0.085
 443          0.096
 444          0.080
 445          0.082
 446          0.092
 447          0.064
 448          0.115
 449          0.130
 450          0.147
 451          0.177
 452          0.174
 453          0.120
 454          0.124
 455          0.111
 456          0.100
 457          0.084
 458          0.102
 459          0.100
 460          0.145
 461          0.154
 462          0.128
 463          0.097
 464          0.103
 465          0.142
 466          0.070
 467          0.044
 468          0.075
 469          0.066
 470          0.070
 471          0.095
 472          0.107
 473          0.141
 474          0.120
 475          0.107
 476          0.129
 477          0.133
 478          0.102
 479          0.109
 480          0.125
 481          0.088
 482          0.087
 483          0.104
 484          0.132
 485          0.087
 486          0.102
 487          0.068

# Average distance: 0.113 nm
