# Atom index    Distance (nm)
   1          0.386
   2          0.498
   3          0.278
   4          0.236
   5          0.116
   6          0.057
   7          0.063
   8          0.028
   9          0.074
  10          0.076
  11          0.058
  12          0.081
  13          0.094
  14          0.100
  15          0.110
  16          0.096
  17          0.085
  18          0.114
  19          0.167
  20          0.117
  21          0.093
  22          0.034
  23          0.109
  24          0.008
  25          0.030
  26          0.067
  27          0.116
  28          0.105
  29          0.116
  30          0.158
  31          0.142
  32          0.161
  33          0.161
  34          0.154
  35          0.141
  36          0.085
  37          0.083
  38          0.090
  39          0.040
  40          0.051
  41          0.065
  42          0.048
  43          0.087
  44          0.148
  45          0.100
  46          0.074
  47          0.167
  48          0.146
  49          0.120
  50          0.072
  51          0.067
  52          0.091
  53          0.078
  54          0.076
  55          0.072
  56          0.045
  57          0.061
  58          0.072
  59          0.074
  60          0.062
  61          0.070
  62          0.063
  63          0.079
  64          0.063
  65          0.072
  66          0.066
  67          0.074
  68          0.014
  69          0.061
  70          0.055
  71          0.072
  72          0.083
  73          0.049
  74          0.029
  75          0.016
  76          0.033
  77          0.089
  78          0.154
  79          0.139
  80          0.129
  81          0.133
  82          0.117
  83          0.120
  84          0.101
  85          0.068
  86          0.076
  87          0.087
  88          0.093
  89          0.134
  90          0.122
  91          0.070
  92          0.069
  93          0.070
  94          0.110
  95          0.114
  96          0.073
  97          0.075
  98          0.085
  99          0.077
 100          0.078
 101          0.104
 102          0.076
 103          0.058
 104          0.083
 105          0.094
 106          0.099
 107          0.074
 108          0.057
 109          0.050
 110          0.055
 111          0.105
 112          0.135
 113          0.130
 114          0.132
 115          0.124
 116          0.128
 117          0.099
 118          0.132
 119          0.058
 120          0.066
 121          0.079
 122          0.054
 123          0.069
 124          0.056
 125          0.066
 126          0.049
 127          0.078
 128          0.065
 129          0.054
 130          0.076
 131          0.107
 132          0.130
 133          0.076
 134          0.046
 135          0.035
 136          0.034
 137          0.096
 138          0.086
 139          0.064
 140          0.056
 141          0.098
 142          0.160
 143          0.119
 144          0.086
 145          0.049
 146          0.068
 147          0.075
 148          0.049
 149          0.051
 150          0.086
 151          0.103
 152          0.095
 153          0.150
 154          0.112
 155          0.095
 156          0.025
 157          0.093
 158          0.109
 159          0.096
 160          0.087
 161          0.072
 162          0.072
 163          0.071
 164          0.035
 165          0.059
 166          0.077
 167          0.073
 168          0.043
 169          0.037
 170          0.055
 171          0.048
 172          0.034
 173          0.048
 174          0.076
 175          0.097
 176          0.147
 177          0.051
 178          0.067
 179          0.069
 180          0.070
 181          0.081
 182          0.096
 183          0.045
 184          0.055
 185          0.061
 186          0.101
 187          0.096
 188          0.093
 189          0.052
 190          0.039
 191          0.065
 192          0.094
 193          0.093
 194          0.040
 195          0.055
 196          0.072
 197          0.095
 198          0.147
 199          0.130
 200          0.141
 201          0.226
 202          0.229
 203          0.102
 204          0.070
 205          0.078
 206          0.082
 207          0.046
 208          0.062
 209          0.056
 210          0.060
 211          0.099
 212          0.106
 213          0.134
 214          0.115
 215          0.085
 216          0.094
 217          0.082
 218          0.052
 219          0.073
 220          0.126
 221          0.124
 222          0.095
 223          0.077
 224          0.084
 225          0.075
 226          0.133
 227          0.148
 228          0.064
 229          0.150
 230          0.144
 231          0.019
 232          0.068
 233          0.077
 234          0.074
 235          0.107
 236          0.128
 237          0.112
 238          0.304
 239          0.391
 240          0.364
 241          0.257
 242          0.130
 243          0.133
 244          0.146
 245          0.131
 246          0.127
 247          0.067
 248          0.097
 249          0.098
 250          0.084
 251          0.095
 252          0.052
 253          0.014
 254          0.045
 255          0.076
 256          0.082
 257          0.067
 258          0.024
 259          0.029
 260          0.093
 261          0.028
 262          0.068
 263          0.055
 264          0.029
 265          0.030
 266          0.031
 267          0.044
 268          0.063
 269          0.103
 270          0.136
 271          0.138
 272          0.104
 273          0.140
 274          0.107
 275          0.075
 276          0.092
 277          0.052
 278          0.097
 279          0.067
 280          0.074
 281          0.051
 282          0.049
 283          0.106
 284          0.028
 285          0.071
 286          0.033
 287          0.033
 288          0.058
 289          0.059
 290          0.072
 291          0.082
 292          0.072
 293          0.093
 294          0.108
 295          0.113
 296          0.101
 297          0.078
 298          0.078
 299          0.086
 300          0.077
 301          0.052
 302          0.091
 303          0.100
 304          0.123
 305          0.132
 306          0.124
 307          0.055
 308          0.017
 309          0.007
 310          0.020
 311          0.030
 312          0.139
 313          0.171
 314          0.216
 315          0.121
 316          0.033
 317          0.071
 318          0.077
 319          0.065
 320          0.079
 321          0.056
 322          0.078
 323          0.097
 324          0.102
 325          0.086
 326          0.046
 327          0.019
 328          0.043
 329          0.078
 330          0.070
 331          0.081
 332          0.096
 333          0.106
 334          0.070
 335          0.076
 336          0.100
 337          0.147
 338          0.142
 339          0.109
 340          0.091
 341          0.103
 342          0.061
 343          0.053
 344          0.054
 345          0.034
 346          0.091
 347          0.084
 348          0.074
 349          0.077
 350          0.125
 351          0.099
 352          0.112
 353          0.105
 354          0.058
 355          0.099
 356          0.091
 357          0.074
 358          0.070
 359          0.086
 360          0.110
 361          0.115
 362          0.052
 363          0.106
 364          0.166
 365          0.120
 366          0.120
 367          0.101
 368          0.101
 369          0.142
 370          0.081
 371          0.061
 372          0.055
 373          0.051
 374          0.080
 375          0.083
 376          0.062
 377          0.070
 378          0.082
 379          0.094
 380          0.025
 381          0.037
 382          0.050
 383          0.017
 384          0.038
 385          0.057
 386          0.029
 387          0.085
 388          0.116
 389          0.144
 390          0.105
 391          0.107
 392          0.134
 393          0.158
 394          0.255
 395          0.110
 396          0.094
 397          0.094
 398          0.039
 399          0.040
 400          0.067
 401          0.054
 402          0.079
 403          0.123
 404          0.163
 405          0.061
 406          0.144
 407          0.133
 408          0.087
 409          0.087
 410          0.076
 411          0.104
 412          0.122
 413          0.068
 414          0.036
 415          0.057
 416          0.092
 417          0.057
 418          0.108
 419          0.059
 420          0.050
 421          0.152
 422          0.254
 423          0.144
 424          0.168
 425          0.031
 426          0.085
 427          0.102
 428          0.080
 429          0.044
 430          0.094
 431          0.100
 432          0.101
 433          0.065
 434          0.041
 435          0.076
 436          0.075
 437          0.135
 438          0.200
 439          0.152
 440          0.123
 441          0.132
 442          0.158
 443          0.160
 444          0.119
 445          0.025
 446          0.016
 447          0.009
 448          0.023
 449          0.043
 450          0.088
 451          0.126
 452          0.150
 453          0.114
 454          0.095
 455          0.085
 456          0.036
 457          0.057
 458          0.066
 459          0.082
 460          0.139
 461          0.122
 462          0.018
 463          0.022
 464          0.024
 465          0.042
 466          0.068
 467          0.107
 468          0.048
 469          0.036
 470          0.155
 471          0.081
 472          0.062
 473          0.048
 474          0.081
 475          0.101
 476          0.033
 477          0.076
 478          0.077
 479          0.062
 480          0.042
 481          0.029
 482          0.047
 483          0.046
 484          0.037
 485          0.021
 486          0.019
 487          0.068

# Average distance: 0.089 nm
