# Atom index    Distance (nm)
   1          0.355
   2          0.302
   3          0.293
   4          0.184
   5          0.161
   6          0.079
   7          0.059
   8          0.124
   9          0.151
  10          0.139
  11          0.130
  12          0.046
  13          0.133
  14          0.029
  15          0.098
  16          0.099
  17          0.105
  18          0.084
  19          0.072
  20          0.077
  21          0.025
  22          0.030
  23          0.044
  24          0.049
  25          0.008
  26          0.022
  27          0.036
  28          0.091
  29          0.084
  30          0.082
  31          0.168
  32          0.199
  33          0.163
  34          0.162
  35          0.158
  36          0.147
  37          0.131
  38          0.121
  39          0.137
  40          0.073
  41          0.109
  42          0.123
  43          0.129
  44          0.109
  45          0.111
  46          0.205
  47          0.188
  48          0.456
  49          0.437
  50          0.386
  51          0.351
  52          0.190
  53          0.118
  54          0.103
  55          0.131
  56          0.162
  57          0.191
  58          0.195
  59          0.201
  60          0.184
  61          0.203
  62          0.180
  63          0.172
  64          0.124
  65          0.141
  66          0.132
  67          0.176
  68          0.232
  69          0.197
  70          0.129
  71          0.146
  72          0.117
  73          0.123
  74          0.122
  75          0.187
  76          0.208
  77          0.226
  78          0.202
  79          0.149
  80          0.119
  81          0.140
  82          0.116
  83          0.113
  84          0.103
  85          0.099
  86          0.066
  87          0.105
  88          0.122
  89          0.119
  90          0.093
  91          0.083
  92          0.132
  93          0.193
  94          0.099
  95          0.117
  96          0.067
  97          0.058
  98          0.117
  99          0.119
 100          0.109
 101          0.141
 102          0.158
 103          0.143
 104          0.179
 105          0.154
 106          0.092
 107          0.036
 108          0.094
 109          0.104
 110          0.057
 111          0.116
 112          0.263
 113          0.143
 114          0.116
 115          0.150
 116          0.229
 117          0.220
 118          0.271
 119          0.255
 120          0.163
 121          0.156
 122          0.148
 123          0.092
 124          0.096
 125          0.086
 126          0.030
 127          0.094
 128          0.205
 129          0.198
 130          0.131
 131          0.173
 132          0.094
 133          0.053
 134          0.049
 135          0.073
 136          0.097
 137          0.092
 138          0.091
 139          0.109
 140          0.174
 141          0.217
 142          0.121
 143          0.076
 144          0.107
 145          0.082
 146          0.069
 147          0.070
 148          0.042
 149          0.040
 150          0.039
 151          0.088
 152          0.150
 153          0.117
 154          0.117
 155          0.115
 156          0.097
 157          0.076
 158          0.088
 159          0.082
 160          0.073
 161          0.062
 162          0.061
 163          0.103
 164          0.093
 165          0.044
 166          0.029
 167          0.069
 168          0.056
 169          0.056
 170          0.035
 171          0.107
 172          0.150
 173          0.137
 174          0.130
 175          0.110
 176          0.150
 177          0.155
 178          0.170
 179          0.165
 180          0.134
 181          0.085
 182          0.182
 183          0.098
 184          0.065
 185          0.094
 186          0.073
 187          0.107
 188          0.088
 189          0.074
 190          0.058
 191          0.090
 192          0.105
 193          0.129
 194          0.142
 195          0.114
 196          0.083
 197          0.060
 198          0.092
 199          0.027
 200          0.061
 201          0.068
 202          0.113
 203          0.143
 204          0.073
 205          0.100
 206          0.103
 207          0.131
 208          0.152
 209          0.067
 210          0.140
 211          0.150
 212          0.211
 213          0.162
 214          0.100
 215          0.059
 216          0.083
 217          0.087
 218          0.050
 219          0.064
 220          0.126
 221          0.040
 222          0.123
 223          0.062
 224          0.026
 225          0.111
 226          0.126
 227          0.106
 228          0.158
 229          0.077
 230          0.143
 231          0.100
 232          0.075
 233          0.038
 234          0.117
 235          0.114
 236          0.072
 237          0.040
 238          0.123
 239          0.099
 240          0.093
 241          0.070
 242          0.032
 243          0.120
 244          0.073
 245          0.107
 246          0.093
 247          0.073
 248          0.111
 249          0.099
 250          0.112
 251          0.109
 252          0.103
 253          0.065
 254          0.053
 255          0.056
 256          0.049
 257          0.063
 258          0.071
 259          0.077
 260          0.083
 261          0.096
 262          0.120
 263          0.152
 264          0.096
 265          0.035
 266          0.031
 267          0.026
 268          0.032
 269          0.005
 270          0.026
 271          0.043
 272          0.045
 273          0.016
 274          0.061
 275          0.050
 276          0.042
 277          0.054
 278          0.061
 279          0.038
 280          0.027
 281          0.033
 282          0.046
 283          0.091
 284          0.071
 285          0.042
 286          0.014
 287          0.066
 288          0.084
 289          0.062
 290          0.026
 291          0.080
 292          0.021
 293          0.046
 294          0.100
 295          0.144
 296          0.132
 297          0.088
 298          0.136
 299          0.074
 300          0.040
 301          0.078
 302          0.086
 303          0.067
 304          0.087
 305          0.175
 306          0.111
 307          0.068
 308          0.070
 309          0.086
 310          0.123
 311          0.090
 312          0.074
 313          0.058
 314          0.061
 315          0.067
 316          0.098
 317          0.093
 318          0.062
 319          0.035
 320          0.106
 321          0.124
 322          0.116
 323          0.107
 324          0.115
 325          0.114
 326          0.160
 327          0.096
 328          0.136
 329          0.158
 330          0.151
 331          0.138
 332          0.162
 333          0.142
 334          0.145
 335          0.156
 336          0.245
 337          0.234
 338          0.153
 339          0.152
 340          0.130
 341          0.084
 342          0.100
 343          0.107
 344          0.110
 345          0.111
 346          0.074
 347          0.112
 348          0.101
 349          0.097
 350          0.120
 351          0.100
 352          0.059
 353          0.080
 354          0.100
 355          0.069
 356          0.056
 357          0.059
 358          0.079
 359          0.084
 360          0.130
 361          0.129
 362          0.145
 363          0.148
 364          0.132
 365          0.142
 366          0.144
 367          0.153
 368          0.141
 369          0.118
 370          0.104
 371          0.142
 372          0.139
 373          0.091
 374          0.065
 375          0.091
 376          0.060
 377          0.062
 378          0.073
 379          0.047
 380          0.077
 381          0.086
 382          0.034
 383          0.076
 384          0.079
 385          0.088
 386          0.150
 387          0.109
 388          0.038
 389          0.041
 390          0.112
 391          0.100
 392          0.043
 393          0.079
 394          0.079
 395          0.020
 396          0.085
 397          0.113
 398          0.080
 399          0.071
 400          0.037
 401          0.073
 402          0.095
 403          0.131
 404          0.171
 405          0.098
 406          0.087
 407          0.112
 408          0.100
 409          0.094
 410          0.079
 411          0.151
 412          0.124
 413          0.032
 414          0.032
 415          0.060
 416          0.053
 417          0.049
 418          0.083
 419          0.096
 420          0.169
 421          0.117
 422          0.047
 423          0.015
 424          0.111
 425          0.095
 426          0.101
 427          0.112
 428          0.070
 429          0.056
 430          0.191
 431          0.118
 432          0.139
 433          0.045
 434          0.081
 435          0.122
 436          0.151
 437          0.163
 438          0.114
 439          0.066
 440          0.053
 441          0.109
 442          0.050
 443          0.067
 444          0.068
 445          0.069
 446          0.079
 447          0.067
 448          0.037
 449          0.041
 450          0.073
 451          0.061
 452          0.050
 453          0.066
 454          0.070
 455          0.041
 456          0.032
 457          0.039
 458          0.053
 459          0.081
 460          0.063
 461          0.122
 462          0.039
 463          0.036
 464          0.057
 465          0.065
 466          0.112
 467          0.163
 468          0.160
 469          0.163
 470          0.107
 471          0.101
 472          0.059
 473          0.042
 474          0.043
 475          0.107
 476          0.072
 477          0.056
 478          0.102
 479          0.069
 480          0.065
 481          0.101
 482          0.101
 483          0.060
 484          0.070
 485          0.106
 486          0.041
 487          0.034

# Average distance: 0.104 nm
