# Atom index    Distance (nm)
   1          0.387
   2          0.423
   3          0.217
   4          0.254
   5          0.083
   6          0.202
   7          0.106
   8          0.059
   9          0.022
  10          0.038
  11          0.047
  12          0.018
  13          0.028
  14          0.074
  15          0.039
  16          0.044
  17          0.020
  18          0.038
  19          0.086
  20          0.113
  21          0.078
  22          0.101
  23          0.118
  24          0.156
  25          0.126
  26          0.189
  27          0.057
  28          0.073
  29          0.066
  30          0.060
  31          0.053
  32          0.122
  33          0.044
  34          0.106
  35          0.098
  36          0.066
  37          0.052
  38          0.025
  39          0.023
  40          0.045
  41          0.061
  42          0.109
  43          0.110
  44          0.071
  45          0.068
  46          0.071
  47          0.134
  48          0.092
  49          0.463
  50          0.536
  51          0.442
  52          0.364
  53          0.264
  54          0.130
  55          0.082
  56          0.074
  57          0.039
  58          0.053
  59          0.072
  60          0.101
  61          0.110
  62          0.049
  63          0.080
  64          0.091
  65          0.130
  66          0.160
  67          0.278
  68          0.295
  69          0.156
  70          0.133
  71          0.175
  72          0.146
  73          0.082
  74          0.096
  75          0.108
  76          0.140
  77          0.135
  78          0.152
  79          0.074
  80          0.086
  81          0.176
  82          0.159
  83          0.129
  84          0.126
  85          0.119
  86          0.177
  87          0.241
  88          0.215
  89          0.206
  90          0.142
  91          0.140
  92          0.095
  93          0.121
  94          0.099
  95          0.108
  96          0.142
  97          0.166
  98          0.199
  99          0.169
 100          0.102
 101          0.075
 102          0.225
 103          0.239
 104          0.222
 105          0.148
 106          0.113
 107          0.084
 108          0.074
 109          0.162
 110          0.117
 111          0.195
 112          0.249
 113          0.095
 114          0.127
 115          0.144
 116          0.154
 117          0.140
 118          0.171
 119          0.163
 120          0.121
 121          0.098
 122          0.052
 123          0.054
 124          0.084
 125          0.081
 126          0.084
 127          0.098
 128          0.156
 129          0.154
 130          0.142
 131          0.137
 132          0.088
 133          0.074
 134          0.091
 135          0.077
 136          0.079
 137          0.088
 138          0.090
 139          0.113
 140          0.142
 141          0.116
 142          0.114
 143          0.148
 144          0.154
 145          0.135
 146          0.101
 147          0.086
 148          0.038
 149          0.049
 150          0.096
 151          0.101
 152          0.135
 153          0.114
 154          0.120
 155          0.119
 156          0.108
 157          0.073
 158          0.087
 159          0.130
 160          0.126
 161          0.154
 162          0.119
 163          0.091
 164          0.093
 165          0.085
 166          0.089
 167          0.105
 168          0.058
 169          0.046
 170          0.097
 171          0.070
 172          0.064
 173          0.110
 174          0.128
 175          0.094
 176          0.177
 177          0.202
 178          0.159
 179          0.062
 180          0.107
 181          0.098
 182          0.077
 183          0.053
 184          0.055
 185          0.061
 186          0.088
 187          0.058
 188          0.050
 189          0.061
 190          0.110
 191          0.093
 192          0.109
 193          0.134
 194          0.113
 195          0.117
 196          0.101
 197          0.092
 198          0.072
 199          0.102
 200          0.106
 201          0.289
 202          0.285
 203          0.182
 204          0.103
 205          0.138
 206          0.125
 207          0.161
 208          0.124
 209          0.083
 210          0.094
 211          0.114
 212          0.139
 213          0.103
 214          0.107
 215          0.150
 216          0.130
 217          0.085
 218          0.126
 219          0.118
 220          0.164
 221          0.181
 222          0.175
 223          0.143
 224          0.065
 225          0.074
 226          0.116
 227          0.120
 228          0.179
 229          0.407
 230          0.318
 231          0.314
 232          0.102
 233          0.119
 234          0.096
 235          0.074
 236          0.103
 237          0.168
 238          0.190
 239          0.173
 240          0.186
 241          0.164
 242          0.162
 243          0.103
 244          0.123
 245          0.092
 246          0.089
 247          0.120
 248          0.112
 249          0.148
 250          0.127
 251          0.099
 252          0.095
 253          0.076
 254          0.086
 255          0.045
 256          0.046
 257          0.046
 258          0.039
 259          0.054
 260          0.068
 261          0.071
 262          0.179
 263          0.092
 264          0.120
 265          0.067
 266          0.051
 267          0.057
 268          0.065
 269          0.059
 270          0.069
 271          0.104
 272          0.120
 273          0.134
 274          0.098
 275          0.039
 276          0.067
 277          0.073
 278          0.061
 279          0.044
 280          0.084
 281          0.076
 282          0.076
 283          0.061
 284          0.047
 285          0.033
 286          0.036
 287          0.032
 288          0.061
 289          0.074
 290          0.058
 291          0.055
 292          0.034
 293          0.030
 294          0.022
 295          0.085
 296          0.066
 297          0.030
 298          0.033
 299          0.044
 300          0.046
 301          0.046
 302          0.106
 303          0.153
 304          0.110
 305          0.061
 306          0.090
 307          0.072
 308          0.047
 309          0.027
 310          0.062
 311          0.062
 312          0.040
 313          0.113
 314          0.158
 315          0.106
 316          0.071
 317          0.049
 318          0.019
 319          0.068
 320          0.183
 321          0.099
 322          0.152
 323          0.166
 324          0.155
 325          0.140
 326          0.134
 327          0.087
 328          0.088
 329          0.076
 330          0.040
 331          0.058
 332          0.052
 333          0.091
 334          0.112
 335          0.107
 336          0.079
 337          0.079
 338          0.046
 339          0.037
 340          0.027
 341          0.033
 342          0.046
 343          0.012
 344          0.019
 345          0.048
 346          0.065
 347          0.012
 348          0.034
 349          0.052
 350          0.079
 351          0.138
 352          0.106
 353          0.266
 354          0.151
 355          0.111
 356          0.117
 357          0.091
 358          0.065
 359          0.059
 360          0.031
 361          0.046
 362          0.040
 363          0.067
 364          0.054
 365          0.098
 366          0.066
 367          0.030
 368          0.040
 369          0.042
 370          0.029
 371          0.038
 372          0.035
 373          0.021
 374          0.035
 375          0.028
 376          0.012
 377          0.066
 378          0.072
 379          0.052
 380          0.058
 381          0.042
 382          0.049
 383          0.030
 384          0.023
 385          0.035
 386          0.057
 387          0.054
 388          0.089
 389          0.069
 390          0.066
 391          0.059
 392          0.061
 393          0.098
 394          0.044
 395          0.079
 396          0.080
 397          0.069
 398          0.052
 399          0.071
 400          0.053
 401          0.065
 402          0.108
 403          0.135
 404          0.114
 405          0.104
 406          0.075
 407          0.066
 408          0.093
 409          0.096
 410          0.061
 411          0.049
 412          0.087
 413          0.084
 414          0.085
 415          0.072
 416          0.067
 417          0.058
 418          0.055
 419          0.067
 420          0.058
 421          0.136
 422          0.338
 423          0.155
 424          0.184
 425          0.026
 426          0.058
 427          0.066
 428          0.128
 429          0.113
 430          0.252
 431          0.187
 432          0.229
 433          0.143
 434          0.122
 435          0.088
 436          0.094
 437          0.034
 438          0.083
 439          0.081
 440          0.070
 441          0.118
 442          0.151
 443          0.093
 444          0.027
 445          0.029
 446          0.052
 447          0.050
 448          0.084
 449          0.057
 450          0.056
 451          0.032
 452          0.042
 453          0.074
 454          0.082
 455          0.065
 456          0.063
 457          0.067
 458          0.105
 459          0.112
 460          0.199
 461          0.074
 462          0.088
 463          0.109
 464          0.101
 465          0.117
 466          0.074
 467          0.135
 468          0.150
 469          0.057
 470          0.097
 471          0.072
 472          0.072
 473          0.131
 474          0.103
 475          0.110
 476          0.122
 477          0.115
 478          0.243
 479          0.162
 480          0.138
 481          0.098
 482          0.115
 483          0.095
 484          0.081
 485          0.021
 486          0.063
 487          0.050

# Average distance: 0.103 nm
