# Atom index    Distance (nm)
   1          0.262
   2          0.222
   3          0.122
   4          0.092
   5          0.109
   6          0.100
   7          0.086
   8          0.032
   9          0.017
  10          0.079
  11          0.119
  12          0.106
  13          0.123
  14          0.153
  15          0.103
  16          0.115
  17          0.082
  18          0.073
  19          0.067
  20          0.115
  21          0.160
  22          0.176
  23          0.180
  24          0.125
  25          0.136
  26          0.135
  27          0.146
  28          0.149
  29          0.137
  30          0.135
  31          0.097
  32          0.103
  33          0.096
  34          0.051
  35          0.028
  36          0.095
  37          0.138
  38          0.081
  39          0.055
  40          0.050
  41          0.048
  42          0.037
  43          0.078
  44          0.139
  45          0.196
  46          0.239
  47          0.196
  48          0.145
  49          0.182
  50          0.135
  51          0.152
  52          0.180
  53          0.103
  54          0.117
  55          0.136
  56          0.108
  57          0.065
  58          0.130
  59          0.099
  60          0.176
  61          0.191
  62          0.183
  63          0.138
  64          0.153
  65          0.144
  66          0.175
  67          0.115
  68          0.100
  69          0.182
  70          0.168
  71          0.188
  72          0.201
  73          0.188
  74          0.165
  75          0.197
  76          0.187
  77          0.182
  78          0.231
  79          0.209
  80          0.192
  81          0.256
  82          0.189
  83          0.170
  84          0.164
  85          0.151
  86          0.118
  87          0.106
  88          0.123
  89          0.123
  90          0.125
  91          0.138
  92          0.126
  93          0.111
  94          0.120
  95          0.128
  96          0.102
  97          0.116
  98          0.176
  99          0.159
 100          0.142
 101          0.183
 102          0.164
 103          0.158
 104          0.157
 105          0.168
 106          0.118
 107          0.085
 108          0.140
 109          0.119
 110          0.092
 111          0.098
 112          0.116
 113          0.100
 114          0.128
 115          0.160
 116          0.164
 117          0.159
 118          0.180
 119          0.159
 120          0.155
 121          0.134
 122          0.139
 123          0.122
 124          0.131
 125          0.127
 126          0.114
 127          0.100
 128          0.029
 129          0.066
 130          0.071
 131          0.067
 132          0.070
 133          0.060
 134          0.082
 135          0.064
 136          0.081
 137          0.076
 138          0.087
 139          0.114
 140          0.156
 141          0.214
 142          0.271
 143          0.201
 144          0.193
 145          0.134
 146          0.095
 147          0.084
 148          0.055
 149          0.062
 150          0.036
 151          0.031
 152          0.059
 153          0.108
 154          0.073
 155          0.154
 156          0.153
 157          0.137
 158          0.132
 159          0.131
 160          0.151
 161          0.119
 162          0.132
 163          0.090
 164          0.082
 165          0.058
 166          0.095
 167          0.074
 168          0.069
 169          0.068
 170          0.059
 171          0.053
 172          0.072
 173          0.131
 174          0.131
 175          0.150
 176          0.076
 177          0.027
 178          0.014
 179          0.066
 180          0.068
 181          0.079
 182          0.092
 183          0.058
 184          0.060
 185          0.054
 186          0.057
 187          0.066
 188          0.075
 189          0.067
 190          0.092
 191          0.150
 192          0.173
 193          0.143
 194          0.130
 195          0.128
 196          0.143
 197          0.141
 198          0.125
 199          0.134
 200          0.114
 201          0.162
 202          0.144
 203          0.138
 204          0.135
 205          0.057
 206          0.051
 207          0.067
 208          0.076
 209          0.055
 210          0.055
 211          0.055
 212          0.054
 213          0.096
 214          0.110
 215          0.069
 216          0.107
 217          0.103
 218          0.132
 219          0.134
 220          0.145
 221          0.145
 222          0.154
 223          0.144
 224          0.128
 225          0.145
 226          0.175
 227          0.150
 228          0.139
 229          0.233
 230          0.216
 231          0.210
 232          0.093
 233          0.117
 234          0.109
 235          0.110
 236          0.161
 237          0.196
 238          0.328
 239          0.192
 240          0.118
 241          0.131
 242          0.154
 243          0.168
 244          0.120
 245          0.221
 246          0.164
 247          0.159
 248          0.144
 249          0.113
 250          0.070
 251          0.107
 252          0.075
 253          0.061
 254          0.066
 255          0.044
 256          0.044
 257          0.061
 258          0.074
 259          0.047
 260          0.060
 261          0.115
 262          0.170
 263          0.214
 264          0.181
 265          0.156
 266          0.136
 267          0.128
 268          0.170
 269          0.173
 270          0.204
 271          0.190
 272          0.199
 273          0.227
 274          0.160
 275          0.185
 276          0.184
 277          0.159
 278          0.225
 279          0.239
 280          0.242
 281          0.180
 282          0.108
 283          0.088
 284          0.084
 285          0.117
 286          0.110
 287          0.105
 288          0.082
 289          0.069
 290          0.047
 291          0.081
 292          0.057
 293          0.057
 294          0.062
 295          0.066
 296          0.060
 297          0.104
 298          0.115
 299          0.086
 300          0.068
 301          0.047
 302          0.108
 303          0.104
 304          0.094
 305          0.080
 306          0.073
 307          0.132
 308          0.103
 309          0.088
 310          0.150
 311          0.157
 312          0.202
 313          0.362
 314          0.497
 315          0.380
 316          0.246
 317          0.146
 318          0.188
 319          0.201
 320          0.215
 321          0.157
 322          0.101
 323          0.138
 324          0.168
 325          0.115
 326          0.162
 327          0.179
 328          0.137
 329          0.116
 330          0.156
 331          0.153
 332          0.116
 333          0.111
 334          0.122
 335          0.108
 336          0.070
 337          0.062
 338          0.033
 339          0.035
 340          0.066
 341          0.083
 342          0.139
 343          0.182
 344          0.229
 345          0.159
 346          0.113
 347          0.112
 348          0.088
 349          0.046
 350          0.035
 351          0.122
 352          0.133
 353          0.145
 354          0.181
 355          0.223
 356          0.208
 357          0.151
 358          0.164
 359          0.158
 360          0.088
 361          0.083
 362          0.085
 363          0.082
 364          0.149
 365          0.091
 366          0.117
 367          0.129
 368          0.090
 369          0.107
 370          0.031
 371          0.071
 372          0.086
 373          0.077
 374          0.050
 375          0.077
 376          0.037
 377          0.046
 378          0.084
 379          0.103
 380          0.084
 381          0.082
 382          0.068
 383          0.066
 384          0.079
 385          0.091
 386          0.166
 387          0.123
 388          0.113
 389          0.130
 390          0.113
 391          0.115
 392          0.099
 393          0.108
 394          0.077
 395          0.109
 396          0.117
 397          0.138
 398          0.139
 399          0.134
 400          0.150
 401          0.143
 402          0.113
 403          0.113
 404          0.094
 405          0.175
 406          0.153
 407          0.140
 408          0.132
 409          0.126
 410          0.111
 411          0.103
 412          0.113
 413          0.086
 414          0.063
 415          0.067
 416          0.060
 417          0.057
 418          0.099
 419          0.183
 420          0.199
 421          0.166
 422          0.164
 423          0.157
 424          0.141
 425          0.174
 426          0.150
 427          0.148
 428          0.153
 429          0.167
 430          0.159
 431          0.166
 432          0.177
 433          0.164
 434          0.155
 435          0.148
 436          0.153
 437          0.169
 438          0.137
 439          0.117
 440          0.137
 441          0.141
 442          0.206
 443          0.154
 444          0.077
 445          0.066
 446          0.059
 447          0.087
 448          0.089
 449          0.062
 450          0.069
 451          0.063
 452          0.046
 453          0.074
 454          0.045
 455          0.032
 456          0.077
 457          0.076
 458          0.082
 459          0.109
 460          0.143
 461          0.079
 462          0.138
 463          0.094
 464          0.123
 465          0.171
 466          0.199
 467          0.229
 468          0.205
 469          0.212
 470          0.174
 471          0.153
 472          0.156
 473          0.132
 474          0.099
 475          0.078
 476          0.069
 477          0.146
 478          0.119
 479          0.122
 480          0.111
 481          0.131
 482          0.100
 483          0.077
 484          0.103
 485          0.067
 486          0.049
 487          0.053

# Average distance: 0.123 nm
