# Atom index    Distance (nm)
   1          0.298
   2          0.164
   3          0.255
   4          0.210
   5          0.146
   6          0.146
   7          0.092
   8          0.095
   9          0.174
  10          0.117
  11          0.076
  12          0.063
  13          0.096
  14          0.047
  15          0.056
  16          0.025
  17          0.027
  18          0.081
  19          0.098
  20          0.130
  21          0.169
  22          0.298
  23          0.362
  24          0.281
  25          0.169
  26          0.192
  27          0.149
  28          0.112
  29          0.079
  30          0.089
  31          0.054
  32          0.078
  33          0.085
  34          0.077
  35          0.092
  36          0.066
  37          0.072
  38          0.022
  39          0.011
  40          0.024
  41          0.028
  42          0.037
  43          0.048
  44          0.026
  45          0.112
  46          0.174
  47          0.156
  48          0.327
  49          0.385
  50          0.201
  51          0.251
  52          0.189
  53          0.119
  54          0.071
  55          0.064
  56          0.068
  57          0.047
  58          0.061
  59          0.061
  60          0.040
  61          0.041
  62          0.052
  63          0.051
  64          0.062
  65          0.056
  66          0.062
  67          0.103
  68          0.177
  69          0.117
  70          0.095
  71          0.097
  72          0.071
  73          0.059
  74          0.057
  75          0.074
  76          0.049
  77          0.147
  78          0.129
  79          0.167
  80          0.120
  81          0.073
  82          0.079
  83          0.069
  84          0.090
  85          0.049
  86          0.027
  87          0.028
  88          0.061
  89          0.090
  90          0.070
  91          0.132
  92          0.087
  93          0.037
  94          0.038
  95          0.045
  96          0.044
  97          0.039
  98          0.087
  99          0.103
 100          0.109
 101          0.141
 102          0.123
 103          0.118
 104          0.127
 105          0.128
 106          0.113
 107          0.100
 108          0.083
 109          0.141
 110          0.087
 111          0.079
 112          0.137
 113          0.084
 114          0.085
 115          0.112
 116          0.097
 117          0.147
 118          0.103
 119          0.059
 120          0.093
 121          0.107
 122          0.056
 123          0.096
 124          0.064
 125          0.052
 126          0.067
 127          0.104
 128          0.097
 129          0.065
 130          0.116
 131          0.072
 132          0.047
 133          0.088
 134          0.041
 135          0.046
 136          0.047
 137          0.055
 138          0.079
 139          0.107
 140          0.129
 141          0.141
 142          0.131
 143          0.142
 144          0.153
 145          0.156
 146          0.134
 147          0.072
 148          0.057
 149          0.067
 150          0.104
 151          0.153
 152          0.191
 153          0.190
 154          0.215
 155          0.133
 156          0.109
 157          0.083
 158          0.067
 159          0.092
 160          0.102
 161          0.107
 162          0.135
 163          0.150
 164          0.113
 165          0.090
 166          0.083
 167          0.080
 168          0.071
 169          0.048
 170          0.037
 171          0.018
 172          0.037
 173          0.060
 174          0.064
 175          0.126
 176          0.164
 177          0.150
 178          0.112
 179          0.078
 180          0.054
 181          0.097
 182          0.082
 183          0.043
 184          0.074
 185          0.158
 186          0.100
 187          0.148
 188          0.026
 189          0.043
 190          0.071
 191          0.123
 192          0.171
 193          0.193
 194          0.138
 195          0.106
 196          0.094
 197          0.114
 198          0.129
 199          0.146
 200          0.174
 201          0.178
 202          0.160
 203          0.173
 204          0.108
 205          0.106
 206          0.091
 207          0.078
 208          0.098
 209          0.151
 210          0.130
 211          0.099
 212          0.206
 213          0.154
 214          0.129
 215          0.131
 216          0.128
 217          0.096
 218          0.064
 219          0.112
 220          0.149
 221          0.178
 222          0.164
 223          0.152
 224          0.127
 225          0.138
 226          0.267
 227          0.178
 228          0.213
 229          0.162
 230          0.146
 231          0.144
 232          0.157
 233          0.131
 234          0.181
 235          0.191
 236          0.201
 237          0.146
 238          0.123
 239          0.187
 240          0.371
 241          0.302
 242          0.182
 243          0.160
 244          0.075
 245          0.093
 246          0.135
 247          0.169
 248          0.097
 249          0.100
 250          0.050
 251          0.103
 252          0.063
 253          0.034
 254          0.039
 255          0.040
 256          0.030
 257          0.041
 258          0.048
 259          0.080
 260          0.084
 261          0.150
 262          0.189
 263          0.207
 264          0.132
 265          0.121
 266          0.047
 267          0.054
 268          0.040
 269          0.061
 270          0.082
 271          0.124
 272          0.148
 273          0.093
 274          0.079
 275          0.104
 276          0.104
 277          0.097
 278          0.168
 279          0.112
 280          0.138
 281          0.106
 282          0.067
 283          0.036
 284          0.062
 285          0.079
 286          0.099
 287          0.126
 288          0.101
 289          0.084
 290          0.086
 291          0.111
 292          0.114
 293          0.111
 294          0.169
 295          0.126
 296          0.186
 297          0.167
 298          0.142
 299          0.077
 300          0.077
 301          0.052
 302          0.084
 303          0.081
 304          0.069
 305          0.131
 306          0.126
 307          0.084
 308          0.080
 309          0.077
 310          0.092
 311          0.102
 312          0.105
 313          0.252
 314          0.203
 315          0.132
 316          0.103
 317          0.091
 318          0.082
 319          0.101
 320          0.105
 321          0.096
 322          0.074
 323          0.122
 324          0.172
 325          0.095
 326          0.121
 327          0.092
 328          0.151
 329          0.115
 330          0.088
 331          0.109
 332          0.142
 333          0.131
 334          0.127
 335          0.139
 336          0.105
 337          0.047
 338          0.035
 339          0.021
 340          0.061
 341          0.057
 342          0.068
 343          0.085
 344          0.113
 345          0.099
 346          0.092
 347          0.045
 348          0.062
 349          0.049
 350          0.030
 351          0.158
 352          0.192
 353          0.309
 354          0.231
 355          0.143
 356          0.148
 357          0.078
 358          0.073
 359          0.081
 360          0.133
 361          0.018
 362          0.025
 363          0.051
 364          0.115
 365          0.077
 366          0.067
 367          0.109
 368          0.089
 369          0.056
 370          0.037
 371          0.051
 372          0.039
 373          0.100
 374          0.066
 375          0.069
 376          0.052
 377          0.043
 378          0.079
 379          0.045
 380          0.049
 381          0.047
 382          0.075
 383          0.081
 384          0.031
 385          0.082
 386          0.100
 387          0.062
 388          0.060
 389          0.081
 390          0.106
 391          0.107
 392          0.114
 393          0.063
 394          0.058
 395          0.080
 396          0.126
 397          0.113
 398          0.081
 399          0.086
 400          0.083
 401          0.125
 402          0.171
 403          0.106
 404          0.138
 405          0.110
 406          0.092
 407          0.082
 408          0.032
 409          0.048
 410          0.066
 411          0.069
 412          0.075
 413          0.026
 414          0.025
 415          0.053
 416          0.040
 417          0.012
 418          0.085
 419          0.069
 420          0.079
 421          0.142
 422          0.235
 423          0.288
 424          0.182
 425          0.119
 426          0.050
 427          0.067
 428          0.069
 429          0.138
 430          0.109
 431          0.153
 432          0.241
 433          0.188
 434          0.171
 435          0.096
 436          0.106
 437          0.103
 438          0.069
 439          0.060
 440          0.035
 441          0.047
 442          0.071
 443          0.052
 444          0.048
 445          0.053
 446          0.053
 447          0.102
 448          0.127
 449          0.097
 450          0.127
 451          0.151
 452          0.095
 453          0.068
 454          0.061
 455          0.089
 456          0.125
 457          0.110
 458          0.070
 459          0.068
 460          0.049
 461          0.034
 462          0.096
 463          0.110
 464          0.085
 465          0.078
 466          0.074
 467          0.155
 468          0.208
 469          0.265
 470          0.180
 471          0.100
 472          0.099
 473          0.122
 474          0.121
 475          0.135
 476          0.112
 477          0.152
 478          0.092
 479          0.110
 480          0.128
 481          0.117
 482          0.090
 483          0.098
 484          0.087
 485          0.008
 486          0.046
 487          0.048

# Average distance: 0.105 nm
