# Atom index    Distance (nm)
   1          0.133
   2          0.111
   3          0.109
   4          0.099
   5          0.042
   6          0.043
   7          0.044
   8          0.027
   9          0.057
  10          0.076
  11          0.073
  12          0.085
  13          0.086
  14          0.082
  15          0.094
  16          0.102
  17          0.084
  18          0.059
  19          0.053
  20          0.060
  21          0.149
  22          0.345
  23          0.308
  24          0.269
  25          0.195
  26          0.133
  27          0.087
  28          0.077
  29          0.067
  30          0.091
  31          0.077
  32          0.066
  33          0.071
  34          0.091
  35          0.079
  36          0.082
  37          0.068
  38          0.034
  39          0.047
  40          0.040
  41          0.049
  42          0.066
  43          0.127
  44          0.185
  45          0.210
  46          0.190
  47          0.216
  48          0.202
  49          0.149
  50          0.192
  51          0.150
  52          0.162
  53          0.168
  54          0.119
  55          0.114
  56          0.082
  57          0.116
  58          0.117
  59          0.093
  60          0.132
  61          0.140
  62          0.087
  63          0.078
  64          0.081
  65          0.086
  66          0.119
  67          0.116
  68          0.139
  69          0.152
  70          0.176
  71          0.151
  72          0.148
  73          0.129
  74          0.136
  75          0.143
  76          0.095
  77          0.093
  78          0.097
  79          0.132
  80          0.141
  81          0.112
  82          0.149
  83          0.129
  84          0.147
  85          0.112
  86          0.137
  87          0.138
  88          0.127
  89          0.134
  90          0.105
  91          0.166
  92          0.148
  93          0.102
  94          0.075
  95          0.079
  96          0.082
  97          0.063
  98          0.146
  99          0.176
 100          0.189
 101          0.169
 102          0.198
 103          0.196
 104          0.131
 105          0.064
 106          0.040
 107          0.053
 108          0.064
 109          0.028
 110          0.020
 111          0.056
 112          0.092
 113          0.088
 114          0.078
 115          0.102
 116          0.120
 117          0.106
 118          0.214
 119          0.302
 120          0.217
 121          0.221
 122          0.177
 123          0.134
 124          0.043
 125          0.050
 126          0.059
 127          0.030
 128          0.045
 129          0.020
 130          0.072
 131          0.062
 132          0.024
 133          0.023
 134          0.045
 135          0.059
 136          0.058
 137          0.077
 138          0.071
 139          0.064
 140          0.021
 141          0.068
 142          0.047
 143          0.054
 144          0.041
 145          0.032
 146          0.063
 147          0.053
 148          0.047
 149          0.070
 150          0.114
 151          0.137
 152          0.148
 153          0.091
 154          0.082
 155          0.086
 156          0.062
 157          0.054
 158          0.074
 159          0.082
 160          0.054
 161          0.076
 162          0.091
 163          0.078
 164          0.097
 165          0.084
 166          0.077
 167          0.074
 168          0.045
 169          0.042
 170          0.032
 171          0.078
 172          0.067
 173          0.024
 174          0.033
 175          0.038
 176          0.043
 177          0.039
 178          0.049
 179          0.057
 180          0.050
 181          0.101
 182          0.118
 183          0.094
 184          0.046
 185          0.053
 186          0.061
 187          0.026
 188          0.036
 189          0.063
 190          0.052
 191          0.092
 192          0.104
 193          0.118
 194          0.076
 195          0.063
 196          0.065
 197          0.076
 198          0.074
 199          0.257
 200          0.247
 201          0.171
 202          0.154
 203          0.106
 204          0.111
 205          0.057
 206          0.048
 207          0.040
 208          0.048
 209          0.105
 210          0.111
 211          0.116
 212          0.128
 213          0.081
 214          0.082
 215          0.076
 216          0.094
 217          0.084
 218          0.079
 219          0.085
 220          0.117
 221          0.191
 222          0.163
 223          0.133
 224          0.109
 225          0.131
 226          0.105
 227          0.082
 228          0.133
 229          0.042
 230          0.157
 231          0.074
 232          0.058
 233          0.067
 234          0.053
 235          0.064
 236          0.081
 237          0.128
 238          0.185
 239          0.152
 240          0.389
 241          0.225
 242          0.213
 243          0.268
 244          0.203
 245          0.169
 246          0.145
 247          0.109
 248          0.109
 249          0.178
 250          0.138
 251          0.062
 252          0.018
 253          0.027
 254          0.038
 255          0.060
 256          0.039
 257          0.029
 258          0.030
 259          0.087
 260          0.073
 261          0.060
 262          0.061
 263          0.087
 264          0.068
 265          0.084
 266          0.104
 267          0.108
 268          0.095
 269          0.129
 270          0.180
 271          0.342
 272          0.226
 273          0.125
 274          0.105
 275          0.100
 276          0.116
 277          0.106
 278          0.085
 279          0.073
 280          0.083
 281          0.074
 282          0.082
 283          0.089
 284          0.086
 285          0.101
 286          0.065
 287          0.041
 288          0.056
 289          0.081
 290          0.081
 291          0.041
 292          0.072
 293          0.052
 294          0.081
 295          0.089
 296          0.082
 297          0.100
 298          0.107
 299          0.036
 300          0.032
 301          0.049
 302          0.072
 303          0.063
 304          0.092
 305          0.184
 306          0.151
 307          0.095
 308          0.095
 309          0.103
 310          0.097
 311          0.103
 312          0.185
 313          0.232
 314          0.246
 315          0.136
 316          0.104
 317          0.088
 318          0.111
 319          0.085
 320          0.084
 321          0.105
 322          0.138
 323          0.143
 324          0.115
 325          0.082
 326          0.055
 327          0.053
 328          0.097
 329          0.085
 330          0.045
 331          0.042
 332          0.062
 333          0.035
 334          0.056
 335          0.076
 336          0.094
 337          0.041
 338          0.029
 339          0.040
 340          0.026
 341          0.027
 342          0.037
 343          0.037
 344          0.043
 345          0.067
 346          0.057
 347          0.019
 348          0.021
 349          0.030
 350          0.054
 351          0.055
 352          0.083
 353          0.150
 354          0.080
 355          0.125
 356          0.099
 357          0.089
 358          0.067
 359          0.033
 360          0.117
 361          0.039
 362          0.044
 363          0.051
 364          0.059
 365          0.096
 366          0.098
 367          0.079
 368          0.072
 369          0.078
 370          0.045
 371          0.033
 372          0.060
 373          0.071
 374          0.044
 375          0.047
 376          0.043
 377          0.012
 378          0.047
 379          0.033
 380          0.042
 381          0.053
 382          0.039
 383          0.071
 384          0.094
 385          0.160
 386          0.129
 387          0.118
 388          0.107
 389          0.086
 390          0.093
 391          0.093
 392          0.172
 393          0.198
 394          0.138
 395          0.103
 396          0.062
 397          0.076
 398          0.078
 399          0.049
 400          0.090
 401          0.065
 402          0.076
 403          0.099
 404          0.147
 405          0.099
 406          0.086
 407          0.072
 408          0.060
 409          0.061
 410          0.057
 411          0.098
 412          0.053
 413          0.085
 414          0.116
 415          0.143
 416          0.068
 417          0.056
 418          0.064
 419          0.048
 420          0.031
 421          0.067
 422          0.131
 423          0.021
 424          0.097
 425          0.066
 426          0.057
 427          0.067
 428          0.064
 429          0.065
 430          0.177
 431          0.242
 432          0.177
 433          0.141
 434          0.107
 435          0.085
 436          0.038
 437          0.044
 438          0.052
 439          0.095
 440          0.106
 441          0.052
 442          0.073
 443          0.096
 444          0.044
 445          0.066
 446          0.041
 447          0.059
 448          0.073
 449          0.076
 450          0.072
 451          0.092
 452          0.085
 453          0.075
 454          0.094
 455          0.070
 456          0.041
 457          0.069
 458          0.062
 459          0.082
 460          0.103
 461          0.156
 462          0.113
 463          0.099
 464          0.092
 465          0.114
 466          0.141
 467          0.145
 468          0.153
 469          0.159
 470          0.098
 471          0.136
 472          0.089
 473          0.069
 474          0.104
 475          0.169
 476          0.145
 477          0.147
 478          0.118
 479          0.102
 480          0.124
 481          0.136
 482          0.078
 483          0.096
 484          0.089
 485          0.094
 486          0.089
 487          0.060

# Average distance: 0.095 nm
