# Atom index    Distance (nm)
   1          0.108
   2          0.117
   3          0.054
   4          0.028
   5          0.085
   6          0.082
   7          0.058
   8          0.035
   9          0.080
  10          0.032
  11          0.022
  12          0.049
  13          0.074
  14          0.079
  15          0.067
  16          0.091
  17          0.084
  18          0.061
  19          0.104
  20          0.151
  21          0.113
  22          0.224
  23          0.278
  24          0.285
  25          0.160
  26          0.140
  27          0.111
  28          0.104
  29          0.100
  30          0.138
  31          0.094
  32          0.113
  33          0.128
  34          0.107
  35          0.156
  36          0.125
  37          0.097
  38          0.050
  39          0.079
  40          0.052
  41          0.051
  42          0.079
  43          0.084
  44          0.118
  45          0.112
  46          0.113
  47          0.090
  48          0.104
  49          0.072
  50          0.106
  51          0.160
  52          0.130
  53          0.080
  54          0.059
  55          0.045
  56          0.049
  57          0.036
  58          0.057
  59          0.068
  60          0.100
  61          0.079
  62          0.057
  63          0.028
  64          0.060
  65          0.073
  66          0.061
  67          0.055
  68          0.055
  69          0.051
  70          0.091
  71          0.086
  72          0.061
  73          0.030
  74          0.013
  75          0.050
  76          0.060
  77          0.069
  78          0.042
  79          0.061
  80          0.077
  81          0.128
  82          0.129
  83          0.018
  84          0.051
  85          0.080
  86          0.088
  87          0.056
  88          0.074
  89          0.056
  90          0.031
  91          0.033
  92          0.037
  93          0.029
  94          0.021
  95          0.024
  96          0.026
  97          0.048
  98          0.092
  99          0.086
 100          0.067
 101          0.083
 102          0.015
 103          0.039
 104          0.047
 105          0.072
 106          0.070
 107          0.102
 108          0.129
 109          0.142
 110          0.119
 111          0.096
 112          0.069
 113          0.074
 114          0.088
 115          0.099
 116          0.056
 117          0.050
 118          0.059
 119          0.109
 120          0.088
 121          0.101
 122          0.090
 123          0.093
 124          0.060
 125          0.032
 126          0.017
 127          0.043
 128          0.018
 129          0.078
 130          0.013
 131          0.021
 132          0.052
 133          0.045
 134          0.035
 135          0.014
 136          0.060
 137          0.094
 138          0.090
 139          0.103
 140          0.113
 141          0.132
 142          0.252
 143          0.169
 144          0.085
 145          0.039
 146          0.057
 147          0.077
 148          0.086
 149          0.073
 150          0.108
 151          0.193
 152          0.188
 153          0.131
 154          0.115
 155          0.062
 156          0.043
 157          0.020
 158          0.057
 159          0.056
 160          0.037
 161          0.040
 162          0.069
 163          0.061
 164          0.039
 165          0.068
 166          0.054
 167          0.036
 168          0.045
 169          0.052
 170          0.056
 171          0.032
 172          0.029
 173          0.042
 174          0.022
 175          0.025
 176          0.044
 177          0.020
 178          0.032
 179          0.021
 180          0.013
 181          0.018
 182          0.042
 183          0.046
 184          0.038
 185          0.027
 186          0.034
 187          0.033
 188          0.029
 189          0.027
 190          0.026
 191          0.073
 192          0.087
 193          0.080
 194          0.044
 195          0.042
 196          0.036
 197          0.033
 198          0.096
 199          0.079
 200          0.038
 201          0.089
 202          0.068
 203          0.037
 204          0.056
 205          0.065
 206          0.043
 207          0.065
 208          0.048
 209          0.044
 210          0.121
 211          0.213
 212          0.193
 213          0.125
 214          0.079
 215          0.060
 216          0.056
 217          0.045
 218          0.046
 219          0.126
 220          0.138
 221          0.083
 222          0.033
 223          0.065
 224          0.071
 225          0.043
 226          0.057
 227          0.075
 228          0.072
 229          0.076
 230          0.036
 231          0.072
 232          0.079
 233          0.069
 234          0.056
 235          0.048
 236          0.050
 237          0.113
 238          0.267
 239          0.272
 240          0.219
 241          0.275
 242          0.164
 243          0.078
 244          0.051
 245          0.072
 246          0.070
 247          0.047
 248          0.049
 249          0.051
 250          0.081
 251          0.129
 252          0.081
 253          0.071
 254          0.041
 255          0.044
 256          0.063
 257          0.061
 258          0.044
 259          0.035
 260          0.048
 261          0.039
 262          0.078
 263          0.095
 264          0.133
 265          0.101
 266          0.055
 267          0.038
 268          0.076
 269          0.094
 270          0.117
 271          0.122
 272          0.144
 273          0.124
 274          0.122
 275          0.100
 276          0.095
 277          0.062
 278          0.100
 279          0.113
 280          0.157
 281          0.082
 282          0.075
 283          0.092
 284          0.084
 285          0.095
 286          0.073
 287          0.082
 288          0.087
 289          0.081
 290          0.091
 291          0.101
 292          0.082
 293          0.092
 294          0.090
 295          0.189
 296          0.088
 297          0.096
 298          0.092
 299          0.091
 300          0.100
 301          0.105
 302          0.086
 303          0.088
 304          0.099
 305          0.136
 306          0.092
 307          0.128
 308          0.114
 309          0.105
 310          0.091
 311          0.048
 312          0.076
 313          0.067
 314          0.056
 315          0.068
 316          0.080
 317          0.066
 318          0.102
 319          0.120
 320          0.164
 321          0.139
 322          0.210
 323          0.214
 324          0.205
 325          0.131
 326          0.147
 327          0.129
 328          0.110
 329          0.115
 330          0.065
 331          0.094
 332          0.093
 333          0.104
 334          0.109
 335          0.088
 336          0.086
 337          0.059
 338          0.049
 339          0.054
 340          0.026
 341          0.062
 342          0.066
 343          0.076
 344          0.122
 345          0.096
 346          0.038
 347          0.027
 348          0.041
 349          0.016
 350          0.017
 351          0.036
 352          0.020
 353          0.090
 354          0.112
 355          0.084
 356          0.078
 357          0.054
 358          0.052
 359          0.037
 360          0.061
 361          0.040
 362          0.045
 363          0.061
 364          0.070
 365          0.060
 366          0.068
 367          0.061
 368          0.064
 369          0.046
 370          0.062
 371          0.096
 372          0.056
 373          0.035
 374          0.049
 375          0.078
 376          0.062
 377          0.041
 378          0.061
 379          0.010
 380          0.026
 381          0.016
 382          0.024
 383          0.016
 384          0.025
 385          0.063
 386          0.096
 387          0.024
 388          0.061
 389          0.055
 390          0.093
 391          0.087
 392          0.079
 393          0.089
 394          0.083
 395          0.061
 396          0.081
 397          0.062
 398          0.055
 399          0.074
 400          0.067
 401          0.068
 402          0.076
 403          0.073
 404          0.040
 405          0.024
 406          0.056
 407          0.065
 408          0.050
 409          0.089
 410          0.083
 411          0.077
 412          0.053
 413          0.161
 414          0.138
 415          0.101
 416          0.107
 417          0.085
 418          0.109
 419          0.093
 420          0.093
 421          0.058
 422          0.026
 423          0.069
 424          0.069
 425          0.073
 426          0.062
 427          0.056
 428          0.046
 429          0.065
 430          0.084
 431          0.135
 432          0.088
 433          0.012
 434          0.049
 435          0.035
 436          0.024
 437          0.025
 438          0.019
 439          0.064
 440          0.119
 441          0.108
 442          0.108
 443          0.086
 444          0.093
 445          0.044
 446          0.041
 447          0.068
 448          0.082
 449          0.063
 450          0.037
 451          0.033
 452          0.020
 453          0.018
 454          0.041
 455          0.099
 456          0.111
 457          0.040
 458          0.045
 459          0.073
 460          0.095
 461          0.062
 462          0.029
 463          0.064
 464          0.042
 465          0.047
 466          0.048
 467          0.066
 468          0.075
 469          0.104
 470          0.072
 471          0.037
 472          0.014
 473          0.069
 474          0.043
 475          0.037
 476          0.013
 477          0.064
 478          0.122
 479          0.111
 480          0.116
 481          0.107
 482          0.047
 483          0.070
 484          0.070
 485          0.064
 486          0.074
 487          0.039

# Average distance: 0.076 nm
