# Atom index    Distance (nm)
   1          0.611
   2          0.267
   3          0.157
   4          0.171
   5          0.112
   6          0.087
   7          0.058
   8          0.077
   9          0.045
  10          0.075
  11          0.033
  12          0.048
  13          0.099
  14          0.173
  15          0.149
  16          0.062
  17          0.053
  18          0.083
  19          0.145
  20          0.096
  21          0.128
  22          0.120
  23          0.229
  24          0.167
  25          0.134
  26          0.105
  27          0.103
  28          0.102
  29          0.058
  30          0.154
  31          0.119
  32          0.093
  33          0.089
  34          0.114
  35          0.098
  36          0.090
  37          0.127
  38          0.106
  39          0.108
  40          0.067
  41          0.077
  42          0.070
  43          0.082
  44          0.139
  45          0.152
  46          0.168
  47          0.155
  48          0.150
  49          0.240
  50          0.228
  51          0.208
  52          0.161
  53          0.149
  54          0.139
  55          0.151
  56          0.124
  57          0.130
  58          0.135
  59          0.167
  60          0.196
  61          0.207
  62          0.177
  63          0.161
  64          0.089
  65          0.103
  66          0.113
  67          0.064
  68          0.051
  69          0.075
  70          0.023
  71          0.013
  72          0.072
  73          0.083
  74          0.113
  75          0.144
  76          0.143
  77          0.176
  78          0.203
  79          0.160
  80          0.195
  81          0.178
  82          0.200
  83          0.141
  84          0.126
  85          0.143
  86          0.166
  87          0.105
  88          0.099
  89          0.117
  90          0.115
  91          0.137
  92          0.046
  93          0.047
  94          0.061
  95          0.071
  96          0.063
  97          0.063
  98          0.084
  99          0.083
 100          0.124
 101          0.160
 102          0.101
 103          0.117
 104          0.051
 105          0.024
 106          0.019
 107          0.061
 108          0.045
 109          0.149
 110          0.111
 111          0.126
 112          0.209
 113          0.084
 114          0.066
 115          0.064
 116          0.066
 117          0.069
 118          0.081
 119          0.069
 120          0.095
 121          0.107
 122          0.104
 123          0.088
 124          0.046
 125          0.040
 126          0.034
 127          0.045
 128          0.058
 129          0.053
 130          0.047
 131          0.043
 132          0.031
 133          0.048
 134          0.055
 135          0.038
 136          0.027
 137          0.049
 138          0.020
 139          0.021
 140          0.029
 141          0.109
 142          0.124
 143          0.060
 144          0.027
 145          0.025
 146          0.035
 147          0.039
 148          0.035
 149          0.020
 150          0.062
 151          0.186
 152          0.151
 153          0.085
 154          0.087
 155          0.020
 156          0.045
 157          0.049
 158          0.055
 159          0.029
 160          0.050
 161          0.031
 162          0.040
 163          0.044
 164          0.093
 165          0.118
 166          0.152
 167          0.083
 168          0.044
 169          0.058
 170          0.036
 171          0.050
 172          0.020
 173          0.037
 174          0.043
 175          0.051
 176          0.086
 177          0.110
 178          0.051
 179          0.051
 180          0.011
 181          0.013
 182          0.009
 183          0.063
 184          0.026
 185          0.040
 186          0.052
 187          0.050
 188          0.016
 189          0.019
 190          0.044
 191          0.046
 192          0.030
 193          0.070
 194          0.077
 195          0.085
 196          0.030
 197          0.016
 198          0.107
 199          0.325
 200          0.358
 201          0.083
 202          0.062
 203          0.052
 204          0.061
 205          0.065
 206          0.036
 207          0.040
 208          0.047
 209          0.073
 210          0.080
 211          0.094
 212          0.098
 213          0.107
 214          0.068
 215          0.066
 216          0.036
 217          0.052
 218          0.047
 219          0.026
 220          0.041
 221          0.061
 222          0.127
 223          0.105
 224          0.033
 225          0.059
 226          0.055
 227          0.061
 228          0.060
 229          0.041
 230          0.133
 231          0.114
 232          0.071
 233          0.058
 234          0.045
 235          0.083
 236          0.053
 237          0.100
 238          0.212
 239          0.267
 240          0.285
 241          0.134
 242          0.100
 243          0.197
 244          0.186
 245          0.075
 246          0.074
 247          0.058
 248          0.044
 249          0.105
 250          0.073
 251          0.036
 252          0.039
 253          0.047
 254          0.046
 255          0.047
 256          0.052
 257          0.060
 258          0.042
 259          0.040
 260          0.050
 261          0.064
 262          0.073
 263          0.044
 264          0.062
 265          0.060
 266          0.053
 267          0.037
 268          0.060
 269          0.089
 270          0.117
 271          0.111
 272          0.133
 273          0.143
 274          0.106
 275          0.040
 276          0.049
 277          0.048
 278          0.037
 279          0.091
 280          0.136
 281          0.185
 282          0.137
 283          0.135
 284          0.119
 285          0.127
 286          0.092
 287          0.071
 288          0.049
 289          0.049
 290          0.036
 291          0.096
 292          0.087
 293          0.085
 294          0.071
 295          0.097
 296          0.130
 297          0.086
 298          0.110
 299          0.135
 300          0.133
 301          0.079
 302          0.104
 303          0.105
 304          0.121
 305          0.149
 306          0.146
 307          0.165
 308          0.151
 309          0.146
 310          0.117
 311          0.151
 312          0.159
 313          0.211
 314          0.114
 315          0.122
 316          0.101
 317          0.141
 318          0.118
 319          0.114
 320          0.092
 321          0.101
 322          0.131
 323          0.298
 324          0.266
 325          0.361
 326          0.372
 327          0.240
 328          0.206
 329          0.170
 330          0.141
 331          0.163
 332          0.122
 333          0.151
 334          0.116
 335          0.137
 336          0.141
 337          0.122
 338          0.058
 339          0.055
 340          0.086
 341          0.091
 342          0.195
 343          0.208
 344          0.230
 345          0.220
 346          0.238
 347          0.193
 348          0.154
 349          0.134
 350          0.105
 351          0.047
 352          0.074
 353          0.100
 354          0.079
 355          0.122
 356          0.114
 357          0.057
 358          0.080
 359          0.131
 360          0.151
 361          0.171
 362          0.146
 363          0.128
 364          0.133
 365          0.129
 366          0.102
 367          0.134
 368          0.087
 369          0.039
 370          0.016
 371          0.036
 372          0.036
 373          0.071
 374          0.077
 375          0.054
 376          0.043
 377          0.055
 378          0.076
 379          0.065
 380          0.066
 381          0.036
 382          0.039
 383          0.046
 384          0.051
 385          0.062
 386          0.052
 387          0.023
 388          0.047
 389          0.042
 390          0.046
 391          0.055
 392          0.058
 393          0.049
 394          0.031
 395          0.024
 396          0.042
 397          0.029
 398          0.043
 399          0.068
 400          0.058
 401          0.077
 402          0.093
 403          0.142
 404          0.057
 405          0.075
 406          0.061
 407          0.035
 408          0.018
 409          0.014
 410          0.065
 411          0.073
 412          0.069
 413          0.131
 414          0.162
 415          0.094
 416          0.090
 417          0.084
 418          0.048
 419          0.056
 420          0.069
 421          0.080
 422          0.139
 423          0.096
 424          0.086
 425          0.081
 426          0.054
 427          0.018
 428          0.036
 429          0.078
 430          0.161
 431          0.218
 432          0.080
 433          0.082
 434          0.044
 435          0.030
 436          0.025
 437          0.041
 438          0.058
 439          0.071
 440          0.062
 441          0.053
 442          0.113
 443          0.111
 444          0.083
 445          0.058
 446          0.075
 447          0.052
 448          0.067
 449          0.072
 450          0.039
 451          0.027
 452          0.039
 453          0.032
 454          0.043
 455          0.043
 456          0.059
 457          0.089
 458          0.052
 459          0.058
 460          0.129
 461          0.099
 462          0.091
 463          0.070
 464          0.075
 465          0.091
 466          0.058
 467          0.075
 468          0.142
 469          0.127
 470          0.114
 471          0.042
 472          0.053
 473          0.056
 474          0.054
 475          0.080
 476          0.105
 477          0.137
 478          0.157
 479          0.167
 480          0.125
 481          0.097
 482          0.112
 483          0.096
 484          0.087
 485          0.048
 486          0.021
 487          0.027

# Average distance: 0.094 nm
