# Atom index    Distance (nm)
   1          0.167
   2          0.090
   3          0.166
   4          0.182
   5          0.066
   6          0.046
   7          0.069
   8          0.018
   9          0.038
  10          0.029
  11          0.030
  12          0.035
  13          0.053
  14          0.089
  15          0.082
  16          0.015
  17          0.032
  18          0.013
  19          0.008
  20          0.052
  21          0.095
  22          0.327
  23          0.244
  24          0.202
  25          0.044
  26          0.121
  27          0.034
  28          0.017
  29          0.042
  30          0.066
  31          0.063
  32          0.023
  33          0.053
  34          0.042
  35          0.069
  36          0.051
  37          0.048
  38          0.013
  39          0.029
  40          0.053
  41          0.045
  42          0.093
  43          0.115
  44          0.219
  45          0.248
  46          0.299
  47          0.385
  48          0.450
  49          0.325
  50          0.307
  51          0.272
  52          0.191
  53          0.152
  54          0.132
  55          0.112
  56          0.111
  57          0.094
  58          0.072
  59          0.070
  60          0.146
  61          0.103
  62          0.126
  63          0.129
  64          0.124
  65          0.124
  66          0.153
  67          0.094
  68          0.109
  69          0.109
  70          0.159
  71          0.129
  72          0.096
  73          0.095
  74          0.126
  75          0.133
  76          0.149
  77          0.145
  78          0.189
  79          0.161
  80          0.158
  81          0.225
  82          0.166
  83          0.138
  84          0.130
  85          0.086
  86          0.056
  87          0.064
  88          0.077
  89          0.086
  90          0.101
  91          0.211
  92          0.173
  93          0.084
  94          0.011
  95          0.027
  96          0.044
  97          0.066
  98          0.050
  99          0.097
 100          0.101
 101          0.143
 102          0.139
 103          0.095
 104          0.080
 105          0.075
 106          0.080
 107          0.069
 108          0.108
 109          0.049
 110          0.042
 111          0.045
 112          0.037
 113          0.069
 114          0.063
 115          0.092
 116          0.085
 117          0.092
 118          0.072
 119          0.075
 120          0.065
 121          0.100
 122          0.079
 123          0.044
 124          0.053
 125          0.036
 126          0.015
 127          0.028
 128          0.023
 129          0.022
 130          0.031
 131          0.043
 132          0.038
 133          0.048
 134          0.047
 135          0.048
 136          0.045
 137          0.042
 138          0.040
 139          0.054
 140          0.027
 141          0.050
 142          0.074
 143          0.050
 144          0.065
 145          0.056
 146          0.049
 147          0.045
 148          0.048
 149          0.048
 150          0.133
 151          0.215
 152          0.287
 153          0.183
 154          0.159
 155          0.116
 156          0.111
 157          0.101
 158          0.038
 159          0.052
 160          0.044
 161          0.046
 162          0.042
 163          0.047
 164          0.057
 165          0.067
 166          0.128
 167          0.064
 168          0.044
 169          0.040
 170          0.050
 171          0.060
 172          0.095
 173          0.100
 174          0.087
 175          0.088
 176          0.094
 177          0.095
 178          0.091
 179          0.060
 180          0.017
 181          0.053
 182          0.067
 183          0.074
 184          0.016
 185          0.060
 186          0.060
 187          0.059
 188          0.054
 189          0.061
 190          0.080
 191          0.089
 192          0.095
 193          0.131
 194          0.149
 195          0.093
 196          0.103
 197          0.066
 198          0.065
 199          0.072
 200          0.062
 201          0.047
 202          0.048
 203          0.070
 204          0.063
 205          0.054
 206          0.075
 207          0.093
 208          0.065
 209          0.108
 210          0.089
 211          0.082
 212          0.043
 213          0.045
 214          0.055
 215          0.069
 216          0.083
 217          0.084
 218          0.105
 219          0.091
 220          0.084
 221          0.102
 222          0.144
 223          0.151
 224          0.134
 225          0.111
 226          0.114
 227          0.118
 228          0.135
 229          0.165
 230          0.180
 231          0.087
 232          0.082
 233          0.115
 234          0.096
 235          0.133
 236          0.151
 237          0.279
 238          0.152
 239          0.338
 240          0.287
 241          0.229
 242          0.147
 243          0.092
 244          0.066
 245          0.083
 246          0.082
 247          0.084
 248          0.065
 249          0.052
 250          0.037
 251          0.025
 252          0.030
 253          0.023
 254          0.018
 255          0.020
 256          0.025
 257          0.052
 258          0.048
 259          0.066
 260          0.085
 261          0.068
 262          0.119
 263          0.192
 264          0.125
 265          0.086
 266          0.079
 267          0.053
 268          0.048
 269          0.078
 270          0.078
 271          0.054
 272          0.070
 273          0.063
 274          0.050
 275          0.059
 276          0.041
 277          0.048
 278          0.038
 279          0.072
 280          0.102
 281          0.108
 282          0.113
 283          0.090
 284          0.082
 285          0.058
 286          0.072
 287          0.064
 288          0.048
 289          0.064
 290          0.059
 291          0.035
 292          0.030
 293          0.082
 294          0.130
 295          0.289
 296          0.244
 297          0.133
 298          0.089
 299          0.093
 300          0.120
 301          0.046
 302          0.019
 303          0.038
 304          0.086
 305          0.121
 306          0.102
 307          0.079
 308          0.062
 309          0.034
 310          0.058
 311          0.055
 312          0.041
 313          0.166
 314          0.193
 315          0.128
 316          0.097
 317          0.051
 318          0.046
 319          0.041
 320          0.060
 321          0.077
 322          0.113
 323          0.118
 324          0.099
 325          0.135
 326          0.124
 327          0.092
 328          0.062
 329          0.099
 330          0.074
 331          0.070
 332          0.095
 333          0.122
 334          0.126
 335          0.125
 336          0.073
 337          0.055
 338          0.108
 339          0.110
 340          0.086
 341          0.058
 342          0.049
 343          0.075
 344          0.075
 345          0.088
 346          0.120
 347          0.075
 348          0.105
 349          0.090
 350          0.067
 351          0.059
 352          0.053
 353          0.062
 354          0.063
 355          0.081
 356          0.072
 357          0.054
 358          0.062
 359          0.060
 360          0.035
 361          0.100
 362          0.099
 363          0.147
 364          0.127
 365          0.159
 366          0.133
 367          0.111
 368          0.107
 369          0.144
 370          0.099
 371          0.057
 372          0.019
 373          0.016
 374          0.009
 375          0.010
 376          0.020
 377          0.039
 378          0.046
 379          0.053
 380          0.063
 381          0.052
 382          0.036
 383          0.059
 384          0.049
 385          0.086
 386          0.096
 387          0.101
 388          0.069
 389          0.071
 390          0.047
 391          0.130
 392          0.126
 393          0.138
 394          0.084
 395          0.120
 396          0.109
 397          0.117
 398          0.106
 399          0.111
 400          0.087
 401          0.139
 402          0.128
 403          0.058
 404          0.205
 405          0.088
 406          0.046
 407          0.053
 408          0.064
 409          0.029
 410          0.039
 411          0.054
 412          0.045
 413          0.062
 414          0.076
 415          0.068
 416          0.071
 417          0.072
 418          0.073
 419          0.071
 420          0.089
 421          0.079
 422          0.053
 423          0.023
 424          0.040
 425          0.129
 426          0.096
 427          0.115
 428          0.096
 429          0.079
 430          0.174
 431          0.040
 432          0.101
 433          0.108
 434          0.094
 435          0.079
 436          0.164
 437          0.139
 438          0.141
 439          0.134
 440          0.144
 441          0.104
 442          0.071
 443          0.095
 444          0.046
 445          0.016
 446          0.082
 447          0.092
 448          0.080
 449          0.089
 450          0.086
 451          0.081
 452          0.076
 453          0.048
 454          0.059
 455          0.082
 456          0.044
 457          0.047
 458          0.064
 459          0.055
 460          0.068
 461          0.072
 462          0.066
 463          0.048
 464          0.039
 465          0.047
 466          0.085
 467          0.145
 468          0.242
 469          0.197
 470          0.172
 471          0.154
 472          0.113
 473          0.100
 474          0.103
 475          0.083
 476          0.067
 477          0.066
 478          0.133
 479          0.076
 480          0.125
 481          0.108
 482          0.101
 483          0.055
 484          0.032
 485          0.081
 486          0.067
 487          0.018

# Average distance: 0.090 nm
