# Atom index    Distance (nm)
   1          0.224
   2          0.135
   3          0.129
   4          0.175
   5          0.130
   6          0.117
   7          0.102
   8          0.086
   9          0.120
  10          0.097
  11          0.087
  12          0.049
  13          0.055
  14          0.040
  15          0.111
  16          0.130
  17          0.140
  18          0.169
  19          0.172
  20          0.120
  21          0.125
  22          0.097
  23          0.190
  24          0.204
  25          0.162
  26          0.139
  27          0.140
  28          0.210
  29          0.178
  30          0.251
  31          0.216
  32          0.187
  33          0.225
  34          0.208
  35          0.207
  36          0.205
  37          0.196
  38          0.195
  39          0.156
  40          0.092
  41          0.048
  42          0.065
  43          0.088
  44          0.080
  45          0.101
  46          0.160
  47          0.147
  48          0.194
  49          0.106
  50          0.052
  51          0.156
  52          0.192
  53          0.137
  54          0.084
  55          0.086
  56          0.091
  57          0.109
  58          0.090
  59          0.135
  60          0.165
  61          0.170
  62          0.165
  63          0.117
  64          0.105
  65          0.130
  66          0.169
  67          0.285
  68          0.321
  69          0.323
  70          0.236
  71          0.248
  72          0.201
  73          0.166
  74          0.179
  75          0.236
  76          0.238
  77          0.229
  78          0.199
  79          0.164
  80          0.162
  81          0.204
  82          0.217
  83          0.155
  84          0.155
  85          0.145
  86          0.153
  87          0.122
  88          0.121
  89          0.159
  90          0.173
  91          0.259
  92          0.239
  93          0.216
  94          0.098
  95          0.085
  96          0.132
  97          0.127
  98          0.173
  99          0.209
 100          0.222
 101          0.253
 102          0.237
 103          0.227
 104          0.203
 105          0.163
 106          0.157
 107          0.141
 108          0.162
 109          0.201
 110          0.222
 111          0.296
 112          0.266
 113          0.203
 114          0.200
 115          0.209
 116          0.200
 117          0.144
 118          0.192
 119          0.179
 120          0.145
 121          0.111
 122          0.070
 123          0.104
 124          0.094
 125          0.054
 126          0.018
 127          0.015
 128          0.026
 129          0.092
 130          0.130
 131          0.125
 132          0.090
 133          0.069
 134          0.035
 135          0.070
 136          0.070
 137          0.051
 138          0.048
 139          0.033
 140          0.038
 141          0.029
 142          0.144
 143          0.129
 144          0.092
 145          0.145
 146          0.104
 147          0.143
 148          0.091
 149          0.031
 150          0.077
 151          0.080
 152          0.044
 153          0.348
 154          0.153
 155          0.069
 156          0.120
 157          0.095
 158          0.094
 159          0.118
 160          0.171
 161          0.171
 162          0.183
 163          0.225
 164          0.099
 165          0.130
 166          0.127
 167          0.121
 168          0.123
 169          0.132
 170          0.078
 171          0.064
 172          0.075
 173          0.071
 174          0.072
 175          0.076
 176          0.062
 177          0.113
 178          0.121
 179          0.130
 180          0.109
 181          0.098
 182          0.074
 183          0.084
 184          0.083
 185          0.068
 186          0.086
 187          0.019
 188          0.085
 189          0.090
 190          0.095
 191          0.135
 192          0.123
 193          0.127
 194          0.089
 195          0.116
 196          0.083
 197          0.128
 198          0.121
 199          0.238
 200          0.242
 201          0.137
 202          0.150
 203          0.152
 204          0.101
 205          0.106
 206          0.128
 207          0.118
 208          0.062
 209          0.119
 210          0.185
 211          0.176
 212          0.218
 213          0.233
 214          0.153
 215          0.102
 216          0.037
 217          0.081
 218          0.074
 219          0.124
 220          0.177
 221          0.213
 222          0.135
 223          0.101
 224          0.082
 225          0.084
 226          0.081
 227          0.068
 228          0.112
 229          0.150
 230          0.145
 231          0.106
 232          0.091
 233          0.115
 234          0.084
 235          0.121
 236          0.130
 237          0.164
 238          0.297
 239          0.280
 240          0.294
 241          0.218
 242          0.175
 243          0.297
 244          0.289
 245          0.129
 246          0.079
 247          0.059
 248          0.040
 249          0.064
 250          0.055
 251          0.108
 252          0.029
 253          0.045
 254          0.069
 255          0.107
 256          0.059
 257          0.100
 258          0.100
 259          0.099
 260          0.036
 261          0.023
 262          0.064
 263          0.040
 264          0.060
 265          0.054
 266          0.018
 267          0.012
 268          0.046
 269          0.061
 270          0.047
 271          0.116
 272          0.138
 273          0.109
 274          0.127
 275          0.098
 276          0.087
 277          0.045
 278          0.096
 279          0.037
 280          0.076
 281          0.081
 282          0.043
 283          0.076
 284          0.088
 285          0.062
 286          0.077
 287          0.085
 288          0.085
 289          0.089
 290          0.103
 291          0.178
 292          0.212
 293          0.362
 294          0.209
 295          0.339
 296          0.421
 297          0.209
 298          0.190
 299          0.158
 300          0.175
 301          0.147
 302          0.112
 303          0.111
 304          0.122
 305          0.142
 306          0.153
 307          0.158
 308          0.200
 309          0.193
 310          0.188
 311          0.242
 312          0.271
 313          0.220
 314          0.249
 315          0.166
 316          0.206
 317          0.191
 318          0.151
 319          0.150
 320          0.194
 321          0.204
 322          0.212
 323          0.224
 324          0.200
 325          0.160
 326          0.117
 327          0.172
 328          0.159
 329          0.101
 330          0.146
 331          0.179
 332          0.130
 333          0.103
 334          0.154
 335          0.147
 336          0.071
 337          0.096
 338          0.054
 339          0.108
 340          0.111
 341          0.146
 342          0.167
 343          0.194
 344          0.269
 345          0.296
 346          0.318
 347          0.212
 348          0.186
 349          0.122
 350          0.129
 351          0.121
 352          0.151
 353          0.144
 354          0.233
 355          0.139
 356          0.168
 357          0.171
 358          0.131
 359          0.131
 360          0.246
 361          0.264
 362          0.274
 363          0.198
 364          0.099
 365          0.090
 366          0.134
 367          0.114
 368          0.093
 369          0.100
 370          0.020
 371          0.058
 372          0.153
 373          0.142
 374          0.100
 375          0.099
 376          0.039
 377          0.054
 378          0.055
 379          0.088
 380          0.058
 381          0.076
 382          0.073
 383          0.061
 384          0.109
 385          0.129
 386          0.224
 387          0.183
 388          0.100
 389          0.084
 390          0.069
 391          0.086
 392          0.098
 393          0.122
 394          0.154
 395          0.192
 396          0.175
 397          0.129
 398          0.066
 399          0.077
 400          0.103
 401          0.144
 402          0.155
 403          0.189
 404          0.212
 405          0.105
 406          0.091
 407          0.073
 408          0.078
 409          0.145
 410          0.101
 411          0.044
 412          0.059
 413          0.095
 414          0.185
 415          0.201
 416          0.125
 417          0.112
 418          0.103
 419          0.108
 420          0.079
 421          0.092
 422          0.159
 423          0.180
 424          0.176
 425          0.126
 426          0.099
 427          0.097
 428          0.063
 429          0.046
 430          0.075
 431          0.091
 432          0.098
 433          0.056
 434          0.058
 435          0.034
 436          0.055
 437          0.080
 438          0.192
 439          0.218
 440          0.171
 441          0.157
 442          0.152
 443          0.095
 444          0.084
 445          0.105
 446          0.049
 447          0.037
 448          0.050
 449          0.037
 450          0.143
 451          0.177
 452          0.130
 453          0.035
 454          0.078
 455          0.053
 456          0.039
 457          0.029
 458          0.072
 459          0.085
 460          0.058
 461          0.057
 462          0.027
 463          0.028
 464          0.029
 465          0.075
 466          0.120
 467          0.140
 468          0.176
 469          0.183
 470          0.154
 471          0.141
 472          0.017
 473          0.038
 474          0.035
 475          0.128
 476          0.084
 477          0.039
 478          0.113
 479          0.106
 480          0.121
 481          0.133
 482          0.107
 483          0.056
 484          0.080
 485          0.036
 486          0.058
 487          0.062

# Average distance: 0.130 nm
