# Atom index    Distance (nm)
   1          1.306
   2          0.869
   3          0.289
   4          0.177
   5          0.192
   6          0.249
   7          0.273
   8          0.218
   9          0.230
  10          0.224
  11          0.179
  12          0.195
  13          0.190
  14          0.180
  15          0.149
  16          0.144
  17          0.182
  18          0.219
  19          0.226
  20          0.245
  21          0.283
  22          0.358
  23          0.449
  24          0.397
  25          0.330
  26          0.300
  27          0.274
  28          0.273
  29          0.319
  30          0.353
  31          0.232
  32          0.195
  33          0.159
  34          0.151
  35          0.134
  36          0.152
  37          0.177
  38          0.185
  39          0.171
  40          0.148
  41          0.170
  42          0.133
  43          0.300
  44          0.260
  45          0.213
  46          0.184
  47          0.211
  48          0.310
  49          0.376
  50          0.304
  51          0.297
  52          0.279
  53          0.218
  54          0.209
  55          0.191
  56          0.202
  57          0.169
  58          0.229
  59          0.336
  60          0.318
  61          0.298
  62          0.308
  63          0.225
  64          0.164
  65          0.114
  66          0.139
  67          0.148
  68          0.141
  69          0.147
  70          0.271
  71          0.270
  72          0.209
  73          0.234
  74          0.265
  75          0.283
  76          0.271
  77          0.337
  78          0.293
  79          0.220
  80          0.198
  81          0.168
  82          0.068
  83          0.108
  84          0.106
  85          0.096
  86          0.110
  87          0.072
  88          0.113
  89          0.114
  90          0.160
  91          0.171
  92          0.163
  93          0.145
  94          0.118
  95          0.095
  96          0.089
  97          0.111
  98          0.123
  99          0.083
 100          0.099
 101          0.108
 102          0.119
 103          0.148
 104          0.194
 105          0.198
 106          0.181
 107          0.257
 108          0.239
 109          0.284
 110          0.302
 111          0.305
 112          0.354
 113          0.258
 114          0.253
 115          0.241
 116          0.311
 117          0.330
 118          0.363
 119          0.278
 120          0.206
 121          0.206
 122          0.089
 123          0.161
 124          0.155
 125          0.098
 126          0.139
 127          0.142
 128          0.126
 129          0.147
 130          0.145
 131          0.117
 132          0.150
 133          0.159
 134          0.123
 135          0.093
 136          0.064
 137          0.048
 138          0.068
 139          0.091
 140          0.078
 141          0.176
 142          0.089
 143          0.132
 144          0.184
 145          0.145
 146          0.104
 147          0.105
 148          0.092
 149          0.098
 150          0.155
 151          0.224
 152          0.272
 153          0.112
 154          0.189
 155          0.178
 156          0.118
 157          0.073
 158          0.106
 159          0.128
 160          0.118
 161          0.102
 162          0.159
 163          0.155
 164          0.125
 165          0.170
 166          0.163
 167          0.160
 168          0.038
 169          0.107
 170          0.094
 171          0.103
 172          0.099
 173          0.099
 174          0.087
 175          0.058
 176          0.101
 177          0.055
 178          0.067
 179          0.044
 180          0.044
 181          0.088
 182          0.082
 183          0.092
 184          0.056
 185          0.066
 186          0.059
 187          0.051
 188          0.073
 189          0.062
 190          0.052
 191          0.057
 192          0.058
 193          0.067
 194          0.070
 195          0.067
 196          0.039
 197          0.056
 198          0.127
 199          0.130
 200          0.156
 201          0.160
 202          0.147
 203          0.094
 204          0.070
 205          0.048
 206          0.077
 207          0.091
 208          0.134
 209          0.093
 210          0.090
 211          0.181
 212          0.384
 213          0.327
 214          0.108
 215          0.083
 216          0.057
 217          0.085
 218          0.091
 219          0.086
 220          0.077
 221          0.063
 222          0.134
 223          0.088
 224          0.051
 225          0.048
 226          0.043
 227          0.070
 228          0.080
 229          0.084
 230          0.104
 231          0.140
 232          0.096
 233          0.078
 234          0.113
 235          0.100
 236          0.050
 237          0.053
 238          0.103
 239          0.126
 240          0.089
 241          0.106
 242          0.150
 243          0.220
 244          0.185
 245          0.036
 246          0.020
 247          0.042
 248          0.082
 249          0.052
 250          0.057
 251          0.123
 252          0.116
 253          0.106
 254          0.091
 255          0.088
 256          0.070
 257          0.049
 258          0.035
 259          0.045
 260          0.036
 261          0.109
 262          0.104
 263          0.097
 264          0.092
 265          0.105
 266          0.037
 267          0.010
 268          0.064
 269          0.052
 270          0.099
 271          0.135
 272          0.219
 273          0.305
 274          0.209
 275          0.087
 276          0.081
 277          0.087
 278          0.114
 279          0.074
 280          0.082
 281          0.079
 282          0.038
 283          0.056
 284          0.077
 285          0.068
 286          0.057
 287          0.083
 288          0.052
 289          0.083
 290          0.120
 291          0.125
 292          0.094
 293          0.066
 294          0.038
 295          0.064
 296          0.227
 297          0.187
 298          0.155
 299          0.093
 300          0.107
 301          0.082
 302          0.071
 303          0.092
 304          0.136
 305          0.215
 306          0.195
 307          0.115
 308          0.111
 309          0.088
 310          0.067
 311          0.089
 312          0.054
 313          0.108
 314          0.156
 315          0.216
 316          0.089
 317          0.054
 318          0.113
 319          0.139
 320          0.108
 321          0.138
 322          0.195
 323          0.212
 324          0.196
 325          0.186
 326          0.246
 327          0.175
 328          0.130
 329          0.127
 330          0.093
 331          0.090
 332          0.104
 333          0.112
 334          0.083
 335          0.025
 336          0.050
 337          0.047
 338          0.041
 339          0.015
 340          0.032
 341          0.037
 342          0.080
 343          0.096
 344          0.129
 345          0.103
 346          0.108
 347          0.080
 348          0.100
 349          0.082
 350          0.088
 351          0.099
 352          0.117
 353          0.197
 354          0.196
 355          0.078
 356          0.070
 357          0.059
 358          0.151
 359          0.108
 360          0.110
 361          0.118
 362          0.118
 363          0.076
 364          0.086
 365          0.065
 366          0.051
 367          0.037
 368          0.049
 369          0.047
 370          0.045
 371          0.075
 372          0.045
 373          0.049
 374          0.053
 375          0.062
 376          0.051
 377          0.069
 378          0.076
 379          0.101
 380          0.105
 381          0.124
 382          0.119
 383          0.110
 384          0.174
 385          0.222
 386          0.208
 387          0.144
 388          0.125
 389          0.096
 390          0.119
 391          0.123
 392          0.142
 393          0.136
 394          0.181
 395          0.175
 396          0.136
 397          0.147
 398          0.111
 399          0.130
 400          0.149
 401          0.209
 402          0.168
 403          0.170
 404          0.145
 405          0.225
 406          0.200
 407          0.138
 408          0.145
 409          0.113
 410          0.057
 411          0.033
 412          0.037
 413          0.071
 414          0.106
 415          0.086
 416          0.108
 417          0.055
 418          0.086
 419          0.101
 420          0.122
 421          0.178
 422          0.276
 423          0.262
 424          0.161
 425          0.162
 426          0.132
 427          0.124
 428          0.069
 429          0.053
 430          0.081
 431          0.202
 432          0.202
 433          0.170
 434          0.145
 435          0.112
 436          0.132
 437          0.157
 438          0.163
 439          0.134
 440          0.172
 441          0.122
 442          0.150
 443          0.095
 444          0.042
 445          0.030
 446          0.038
 447          0.159
 448          0.131
 449          0.124
 450          0.143
 451          0.088
 452          0.056
 453          0.085
 454          0.060
 455          0.072
 456          0.067
 457          0.041
 458          0.070
 459          0.078
 460          0.115
 461          0.075
 462          0.141
 463          0.102
 464          0.102
 465          0.107
 466          0.116
 467          0.155
 468          0.125
 469          0.150
 470          0.108
 471          0.125
 472          0.124
 473          0.120
 474          0.151
 475          0.173
 476          0.176
 477          0.182
 478          0.159
 479          0.174
 480          0.157
 481          0.079
 482          0.077
 483          0.128
 484          0.147
 485          0.116
 486          0.101
 487          0.102

# Average distance: 0.140 nm
