# Atom index    Distance (nm)
   1          0.893
   2          0.328
   3          0.250
   4          0.334
   5          0.247
   6          0.230
   7          0.176
   8          0.104
   9          0.123
  10          0.069
  11          0.099
  12          0.148
  13          0.119
  14          0.200
  15          0.174
  16          0.168
  17          0.171
  18          0.154
  19          0.215
  20          0.181
  21          0.202
  22          0.217
  23          0.254
  24          0.232
  25          0.160
  26          0.196
  27          0.249
  28          0.271
  29          0.223
  30          0.277
  31          0.223
  32          0.204
  33          0.229
  34          0.159
  35          0.221
  36          0.244
  37          0.254
  38          0.164
  39          0.098
  40          0.115
  41          0.102
  42          0.057
  43          0.026
  44          0.084
  45          0.139
  46          0.293
  47          0.339
  48          0.350
  49          0.383
  50          0.301
  51          0.159
  52          0.277
  53          0.063
  54          0.015
  55          0.033
  56          0.109
  57          0.101
  58          0.138
  59          0.120
  60          0.125
  61          0.148
  62          0.152
  63          0.142
  64          0.133
  65          0.126
  66          0.177
  67          0.271
  68          0.306
  69          0.341
  70          0.254
  71          0.250
  72          0.196
  73          0.193
  74          0.164
  75          0.183
  76          0.115
  77          0.136
  78          0.114
  79          0.170
  80          0.191
  81          0.122
  82          0.126
  83          0.139
  84          0.089
  85          0.085
  86          0.102
  87          0.105
  88          0.090
  89          0.118
  90          0.190
  91          0.159
  92          0.079
  93          0.102
  94          0.098
  95          0.094
  96          0.113
  97          0.099
  98          0.124
  99          0.135
 100          0.142
 101          0.150
 102          0.233
 103          0.232
 104          0.228
 105          0.190
 106          0.153
 107          0.197
 108          0.247
 109          0.294
 110          0.270
 111          0.302
 112          0.383
 113          0.287
 114          0.286
 115          0.231
 116          0.333
 117          0.298
 118          0.327
 119          0.277
 120          0.247
 121          0.184
 122          0.138
 123          0.149
 124          0.165
 125          0.145
 126          0.103
 127          0.047
 128          0.067
 129          0.080
 130          0.102
 131          0.091
 132          0.072
 133          0.089
 134          0.094
 135          0.081
 136          0.101
 137          0.140
 138          0.150
 139          0.138
 140          0.145
 141          0.220
 142          0.256
 143          0.218
 144          0.219
 145          0.134
 146          0.129
 147          0.139
 148          0.091
 149          0.082
 150          0.162
 151          0.245
 152          0.159
 153          0.076
 154          0.212
 155          0.099
 156          0.104
 157          0.105
 158          0.149
 159          0.163
 160          0.163
 161          0.097
 162          0.114
 163          0.089
 164          0.080
 165          0.033
 166          0.039
 167          0.064
 168          0.041
 169          0.078
 170          0.062
 171          0.084
 172          0.113
 173          0.116
 174          0.072
 175          0.042
 176          0.098
 177          0.101
 178          0.110
 179          0.105
 180          0.098
 181          0.087
 182          0.109
 183          0.083
 184          0.090
 185          0.063
 186          0.070
 187          0.046
 188          0.086
 189          0.102
 190          0.101
 191          0.056
 192          0.133
 193          0.191
 194          0.162
 195          0.088
 196          0.099
 197          0.111
 198          0.081
 199          0.118
 200          0.132
 201          0.100
 202          0.072
 203          0.060
 204          0.064
 205          0.105
 206          0.085
 207          0.101
 208          0.122
 209          0.090
 210          0.104
 211          0.082
 212          0.132
 213          0.203
 214          0.150
 215          0.087
 216          0.123
 217          0.086
 218          0.056
 219          0.047
 220          0.060
 221          0.096
 222          0.061
 223          0.110
 224          0.105
 225          0.078
 226          0.135
 227          0.105
 228          0.124
 229          0.269
 230          0.314
 231          0.109
 232          0.161
 233          0.086
 234          0.091
 235          0.113
 236          0.104
 237          0.173
 238          0.054
 239          0.030
 240          0.046
 241          0.062
 242          0.065
 243          0.134
 244          0.152
 245          0.137
 246          0.098
 247          0.103
 248          0.159
 249          0.160
 250          0.143
 251          0.111
 252          0.153
 253          0.054
 254          0.079
 255          0.068
 256          0.053
 257          0.048
 258          0.067
 259          0.152
 260          0.139
 261          0.197
 262          0.225
 263          0.173
 264          0.242
 265          0.149
 266          0.141
 267          0.134
 268          0.106
 269          0.088
 270          0.149
 271          0.252
 272          0.221
 273          0.198
 274          0.167
 275          0.109
 276          0.119
 277          0.153
 278          0.137
 279          0.093
 280          0.144
 281          0.149
 282          0.126
 283          0.067
 284          0.054
 285          0.079
 286          0.076
 287          0.059
 288          0.055
 289          0.055
 290          0.089
 291          0.076
 292          0.130
 293          0.228
 294          0.254
 295          0.187
 296          0.125
 297          0.131
 298          0.124
 299          0.093
 300          0.096
 301          0.102
 302          0.075
 303          0.048
 304          0.047
 305          0.034
 306          0.031
 307          0.080
 308          0.089
 309          0.136
 310          0.137
 311          0.116
 312          0.159
 313          0.162
 314          0.180
 315          0.213
 316          0.141
 317          0.114
 318          0.152
 319          0.134
 320          0.168
 321          0.193
 322          0.175
 323          0.228
 324          0.282
 325          0.327
 326          0.275
 327          0.245
 328          0.190
 329          0.151
 330          0.139
 331          0.149
 332          0.141
 333          0.068
 334          0.086
 335          0.129
 336          0.139
 337          0.134
 338          0.078
 339          0.085
 340          0.088
 341          0.089
 342          0.127
 343          0.175
 344          0.211
 345          0.230
 346          0.181
 347          0.148
 348          0.110
 349          0.119
 350          0.131
 351          0.237
 352          0.233
 353          0.299
 354          0.330
 355          0.221
 356          0.194
 357          0.147
 358          0.133
 359          0.155
 360          0.188
 361          0.175
 362          0.221
 363          0.182
 364          0.180
 365          0.198
 366          0.192
 367          0.173
 368          0.101
 369          0.078
 370          0.110
 371          0.126
 372          0.097
 373          0.056
 374          0.039
 375          0.030
 376          0.031
 377          0.020
 378          0.036
 379          0.016
 380          0.056
 381          0.042
 382          0.084
 383          0.129
 384          0.132
 385          0.177
 386          0.210
 387          0.172
 388          0.130
 389          0.149
 390          0.167
 391          0.158
 392          0.100
 393          0.362
 394          0.161
 395          0.191
 396          0.101
 397          0.155
 398          0.171
 399          0.134
 400          0.129
 401          0.173
 402          0.188
 403          0.197
 404          0.306
 405          0.170
 406          0.145
 407          0.060
 408          0.061
 409          0.026
 410          0.050
 411          0.163
 412          0.139
 413          0.174
 414          0.107
 415          0.145
 416          0.080
 417          0.027
 418          0.056
 419          0.075
 420          0.068
 421          0.098
 422          0.154
 423          0.154
 424          0.166
 425          0.075
 426          0.064
 427          0.084
 428          0.105
 429          0.130
 430          0.239
 431          0.285
 432          0.286
 433          0.226
 434          0.168
 435          0.117
 436          0.100
 437          0.100
 438          0.100
 439          0.098
 440          0.057
 441          0.095
 442          0.083
 443          0.030
 444          0.029
 445          0.048
 446          0.054
 447          0.071
 448          0.088
 449          0.127
 450          0.079
 451          0.138
 452          0.173
 453          0.140
 454          0.124
 455          0.137
 456          0.075
 457          0.049
 458          0.065
 459          0.096
 460          0.098
 461          0.109
 462          0.118
 463          0.164
 464          0.116
 465          0.171
 466          0.055
 467          0.136
 468          0.226
 469          0.235
 470          0.175
 471          0.179
 472          0.167
 473          0.168
 474          0.168
 475          0.186
 476          0.174
 477          0.212
 478          0.200
 479          0.328
 480          0.360
 481          0.238
 482          0.126
 483          0.200
 484          0.125
 485          0.137
 486          0.131
 487          0.113

# Average distance: 0.144 nm
