# Atom index    Distance (nm)
   1          0.068
   2          0.087
   3          0.078
   4          0.102
   5          0.097
   6          0.097
   7          0.076
   8          0.082
   9          0.068
  10          0.077
  11          0.073
  12          0.062
  13          0.126
  14          0.106
  15          0.024
  16          0.051
  17          0.056
  18          0.043
  19          0.039
  20          0.062
  21          0.056
  22          0.148
  23          0.155
  24          0.103
  25          0.036
  26          0.049
  27          0.050
  28          0.030
  29          0.033
  30          0.023
  31          0.016
  32          0.087
  33          0.085
  34          0.078
  35          0.079
  36          0.053
  37          0.065
  38          0.055
  39          0.074
  40          0.085
  41          0.098
  42          0.103
  43          0.031
  44          0.070
  45          0.047
  46          0.095
  47          0.077
  48          0.067
  49          0.094
  50          0.106
  51          0.060
  52          0.135
  53          0.090
  54          0.069
  55          0.076
  56          0.069
  57          0.074
  58          0.101
  59          0.134
  60          0.118
  61          0.111
  62          0.053
  63          0.050
  64          0.062
  65          0.092
  66          0.087
  67          0.101
  68          0.155
  69          0.145
  70          0.116
  71          0.099
  72          0.062
  73          0.054
  74          0.048
  75          0.068
  76          0.064
  77          0.102
  78          0.106
  79          0.039
  80          0.020
  81          0.061
  82          0.076
  83          0.031
  84          0.053
  85          0.084
  86          0.078
  87          0.096
  88          0.017
  89          0.061
  90          0.051
  91          0.041
  92          0.073
  93          0.074
  94          0.033
  95          0.009
  96          0.040
  97          0.064
  98          0.061
  99          0.058
 100          0.045
 101          0.038
 102          0.063
 103          0.058
 104          0.059
 105          0.040
 106          0.061
 107          0.065
 108          0.078
 109          0.100
 110          0.130
 111          0.140
 112          0.101
 113          0.060
 114          0.083
 115          0.062
 116          0.076
 117          0.042
 118          0.046
 119          0.042
 120          0.065
 121          0.075
 122          0.067
 123          0.098
 124          0.034
 125          0.041
 126          0.048
 127          0.035
 128          0.079
 129          0.105
 130          0.067
 131          0.053
 132          0.049
 133          0.053
 134          0.049
 135          0.039
 136          0.038
 137          0.048
 138          0.031
 139          0.095
 140          0.090
 141          0.135
 142          0.169
 143          0.143
 144          0.134
 145          0.060
 146          0.042
 147          0.009
 148          0.054
 149          0.079
 150          0.090
 151          0.153
 152          0.161
 153          0.202
 154          0.156
 155          0.129
 156          0.088
 157          0.085
 158          0.094
 159          0.108
 160          0.115
 161          0.048
 162          0.052
 163          0.051
 164          0.038
 165          0.052
 166          0.078
 167          0.078
 168          0.046
 169          0.039
 170          0.047
 171          0.045
 172          0.019
 173          0.027
 174          0.042
 175          0.031
 176          0.036
 177          0.044
 178          0.049
 179          0.038
 180          0.019
 181          0.032
 182          0.062
 183          0.051
 184          0.061
 185          0.081
 186          0.100
 187          0.086
 188          0.066
 189          0.031
 190          0.038
 191          0.051
 192          0.057
 193          0.092
 194          0.094
 195          0.080
 196          0.061
 197          0.085
 198          0.113
 199          0.091
 200          0.147
 201          0.120
 202          0.122
 203          0.072
 204          0.073
 205          0.094
 206          0.055
 207          0.042
 208          0.072
 209          0.074
 210          0.054
 211          0.074
 212          0.093
 213          0.069
 214          0.088
 215          0.081
 216          0.049
 217          0.044
 218          0.032
 219          0.066
 220          0.097
 221          0.097
 222          0.090
 223          0.095
 224          0.024
 225          0.067
 226          0.062
 227          0.104
 228          0.102
 229          0.342
 230          0.394
 231          0.243
 232          0.112
 233          0.058
 234          0.043
 235          0.038
 236          0.081
 237          0.094
 238          0.264
 239          0.178
 240          0.382
 241          0.203
 242          0.085
 243          0.005
 244          0.033
 245          0.059
 246          0.054
 247          0.063
 248          0.031
 249          0.099
 250          0.100
 251          0.073
 252          0.046
 253          0.058
 254          0.061
 255          0.012
 256          0.013
 257          0.017
 258          0.036
 259          0.039
 260          0.025
 261          0.073
 262          0.117
 263          0.113
 264          0.114
 265          0.080
 266          0.054
 267          0.015
 268          0.072
 269          0.042
 270          0.191
 271          0.319
 272          0.230
 273          0.085
 274          0.083
 275          0.048
 276          0.064
 277          0.052
 278          0.043
 279          0.067
 280          0.082
 281          0.064
 282          0.062
 283          0.065
 284          0.068
 285          0.059
 286          0.031
 287          0.021
 288          0.020
 289          0.025
 290          0.030
 291          0.064
 292          0.037
 293          0.051
 294          0.110
 295          0.124
 296          0.096
 297          0.078
 298          0.069
 299          0.049
 300          0.083
 301          0.056
 302          0.031
 303          0.039
 304          0.075
 305          0.103
 306          0.089
 307          0.065
 308          0.066
 309          0.049
 310          0.036
 311          0.055
 312          0.093
 313          0.135
 314          0.104
 315          0.071
 316          0.022
 317          0.021
 318          0.046
 319          0.040
 320          0.061
 321          0.079
 322          0.068
 323          0.073
 324          0.083
 325          0.086
 326          0.105
 327          0.086
 328          0.078
 329          0.090
 330          0.087
 331          0.058
 332          0.021
 333          0.090
 334          0.093
 335          0.087
 336          0.051
 337          0.044
 338          0.051
 339          0.035
 340          0.035
 341          0.027
 342          0.063
 343          0.070
 344          0.036
 345          0.039
 346          0.056
 347          0.028
 348          0.046
 349          0.034
 350          0.022
 351          0.022
 352          0.041
 353          0.087
 354          0.089
 355          0.060
 356          0.043
 357          0.031
 358          0.044
 359          0.030
 360          0.075
 361          0.068
 362          0.063
 363          0.059
 364          0.055
 365          0.042
 366          0.041
 367          0.086
 368          0.030
 369          0.067
 370          0.057
 371          0.080
 372          0.090
 373          0.071
 374          0.051
 375          0.060
 376          0.033
 377          0.029
 378          0.039
 379          0.038
 380          0.008
 381          0.025
 382          0.038
 383          0.035
 384          0.161
 385          0.121
 386          0.018
 387          0.056
 388          0.065
 389          0.063
 390          0.065
 391          0.074
 392          0.108
 393          0.248
 394          0.247
 395          0.194
 396          0.086
 397          0.117
 398          0.056
 399          0.064
 400          0.081
 401          0.075
 402          0.085
 403          0.110
 404          0.136
 405          0.125
 406          0.105
 407          0.099
 408          0.080
 409          0.050
 410          0.035
 411          0.027
 412          0.041
 413          0.062
 414          0.062
 415          0.053
 416          0.082
 417          0.041
 418          0.067
 419          0.070
 420          0.065
 421          0.091
 422          0.115
 423          0.173
 424          0.144
 425          0.145
 426          0.097
 427          0.142
 428          0.151
 429          0.158
 430          0.143
 431          0.161
 432          0.161
 433          0.162
 434          0.158
 435          0.116
 436          0.122
 437          0.178
 438          0.069
 439          0.064
 440          0.113
 441          0.119
 442          0.178
 443          0.162
 444          0.028
 445          0.036
 446          0.013
 447          0.023
 448          0.012
 449          0.012
 450          0.052
 451          0.073
 452          0.068
 453          0.064
 454          0.069
 455          0.038
 456          0.030
 457          0.057
 458          0.061
 459          0.070
 460          0.128
 461          0.112
 462          0.107
 463          0.097
 464          0.072
 465          0.083
 466          0.069
 467          0.015
 468          0.103
 469          0.080
 470          0.050
 471          0.050
 472          0.094
 473          0.092
 474          0.077
 475          0.078
 476          0.142
 477          0.138
 478          0.146
 479          0.103
 480          0.087
 481          0.082
 482          0.099
 483          0.110
 484          0.052
 485          0.034
 486          0.049
 487          0.049

# Average distance: 0.077 nm
