# Atom index    Distance (nm)
   1          0.080
   2          0.038
   3          0.125
   4          0.114
   5          0.084
   6          0.045
   7          0.066
   8          0.051
   9          0.062
  10          0.053
  11          0.061
  12          0.094
  13          0.104
  14          0.141
  15          0.133
  16          0.095
  17          0.055
  18          0.025
  19          0.032
  20          0.042
  21          0.056
  22          0.073
  23          0.069
  24          0.085
  25          0.046
  26          0.068
  27          0.084
  28          0.077
  29          0.027
  30          0.030
  31          0.028
  32          0.033
  33          0.049
  34          0.050
  35          0.052
  36          0.077
  37          0.048
  38          0.041
  39          0.055
  40          0.031
  41          0.035
  42          0.047
  43          0.099
  44          0.072
  45          0.091
  46          0.112
  47          0.070
  48          0.072
  49          0.120
  50          0.134
  51          0.103
  52          0.086
  53          0.083
  54          0.087
  55          0.089
  56          0.073
  57          0.067
  58          0.035
  59          0.042
  60          0.075
  61          0.047
  62          0.040
  63          0.051
  64          0.034
  65          0.041
  66          0.068
  67          0.070
  68          0.045
  69          0.048
  70          0.117
  71          0.066
  72          0.014
  73          0.030
  74          0.039
  75          0.079
  76          0.093
  77          0.077
  78          0.149
  79          0.116
  80          0.088
  81          0.063
  82          0.078
  83          0.106
  84          0.116
  85          0.087
  86          0.082
  87          0.052
  88          0.048
  89          0.073
  90          0.078
  91          0.106
  92          0.079
  93          0.140
  94          0.085
  95          0.072
  96          0.068
  97          0.026
  98          0.069
  99          0.067
 100          0.149
 101          0.166
 102          0.128
 103          0.125
 104          0.094
 105          0.073
 106          0.016
 107          0.051
 108          0.098
 109          0.354
 110          0.372
 111          0.380
 112          0.210
 113          0.064
 114          0.025
 115          0.054
 116          0.048
 117          0.050
 118          0.066
 119          0.078
 120          0.053
 121          0.048
 122          0.027
 123          0.033
 124          0.042
 125          0.043
 126          0.040
 127          0.043
 128          0.042
 129          0.019
 130          0.054
 131          0.040
 132          0.039
 133          0.046
 134          0.056
 135          0.053
 136          0.083
 137          0.094
 138          0.075
 139          0.054
 140          0.066
 141          0.089
 142          0.126
 143          0.117
 144          0.062
 145          0.072
 146          0.098
 147          0.104
 148          0.084
 149          0.085
 150          0.170
 151          0.189
 152          0.170
 153          0.166
 154          0.035
 155          0.119
 156          0.101
 157          0.075
 158          0.068
 159          0.086
 160          0.141
 161          0.106
 162          0.116
 163          0.091
 164          0.072
 165          0.044
 166          0.055
 167          0.084
 168          0.109
 169          0.067
 170          0.050
 171          0.052
 172          0.065
 173          0.061
 174          0.048
 175          0.064
 176          0.131
 177          0.155
 178          0.117
 179          0.122
 180          0.110
 181          0.105
 182          0.103
 183          0.083
 184          0.085
 185          0.079
 186          0.090
 187          0.094
 188          0.101
 189          0.073
 190          0.064
 191          0.105
 192          0.140
 193          0.170
 194          0.064
 195          0.094
 196          0.115
 197          0.170
 198          0.193
 199          0.224
 200          0.192
 201          0.237
 202          0.254
 203          0.172
 204          0.120
 205          0.105
 206          0.130
 207          0.168
 208          0.156
 209          0.137
 210          0.148
 211          0.195
 212          0.196
 213          0.149
 214          0.077
 215          0.072
 216          0.118
 217          0.124
 218          0.175
 219          0.170
 220          0.128
 221          0.149
 222          0.208
 223          0.232
 224          0.175
 225          0.101
 226          0.077
 227          0.062
 228          0.105
 229          0.137
 230          0.150
 231          0.133
 232          0.052
 233          0.102
 234          0.124
 235          0.122
 236          0.142
 237          0.083
 238          0.171
 239          0.489
 240          0.616
 241          0.636
 242          0.375
 243          0.293
 244          0.181
 245          0.099
 246          0.082
 247          0.043
 248          0.075
 249          0.067
 250          0.065
 251          0.108
 252          0.053
 253          0.039
 254          0.057
 255          0.085
 256          0.074
 257          0.053
 258          0.040
 259          0.081
 260          0.094
 261          0.046
 262          0.181
 263          0.193
 264          0.140
 265          0.076
 266          0.030
 267          0.019
 268          0.045
 269          0.033
 270          0.091
 271          0.236
 272          0.279
 273          0.148
 274          0.064
 275          0.069
 276          0.059
 277          0.033
 278          0.194
 279          0.064
 280          0.038
 281          0.062
 282          0.083
 283          0.032
 284          0.047
 285          0.039
 286          0.029
 287          0.060
 288          0.046
 289          0.070
 290          0.081
 291          0.099
 292          0.108
 293          0.213
 294          0.064
 295          0.276
 296          0.399
 297          0.265
 298          0.165
 299          0.106
 300          0.057
 301          0.045
 302          0.050
 303          0.059
 304          0.044
 305          0.076
 306          0.060
 307          0.060
 308          0.042
 309          0.043
 310          0.061
 311          0.049
 312          0.057
 313          0.064
 314          0.028
 315          0.036
 316          0.033
 317          0.043
 318          0.030
 319          0.037
 320          0.060
 321          0.083
 322          0.130
 323          0.100
 324          0.103
 325          0.247
 326          0.189
 327          0.167
 328          0.126
 329          0.054
 330          0.087
 331          0.167
 332          0.113
 333          0.086
 334          0.050
 335          0.020
 336          0.031
 337          0.092
 338          0.045
 339          0.035
 340          0.077
 341          0.076
 342          0.151
 343          0.161
 344          0.171
 345          0.181
 346          0.210
 347          0.164
 348          0.103
 349          0.092
 350          0.088
 351          0.096
 352          0.114
 353          0.178
 354          0.206
 355          0.161
 356          0.083
 357          0.057
 358          0.060
 359          0.112
 360          0.275
 361          0.129
 362          0.127
 363          0.162
 364          0.122
 365          0.118
 366          0.178
 367          0.175
 368          0.112
 369          0.089
 370          0.045
 371          0.053
 372          0.053
 373          0.086
 374          0.081
 375          0.077
 376          0.075
 377          0.072
 378          0.043
 379          0.051
 380          0.023
 381          0.035
 382          0.033
 383          0.056
 384          0.061
 385          0.075
 386          0.081
 387          0.116
 388          0.098
 389          0.106
 390          0.098
 391          0.200
 392          0.273
 393          0.277
 394          0.182
 395          0.134
 396          0.107
 397          0.171
 398          0.141
 399          0.110
 400          0.102
 401          0.094
 402          0.109
 403          0.086
 404          0.058
 405          0.060
 406          0.071
 407          0.023
 408          0.046
 409          0.028
 410          0.031
 411          0.096
 412          0.091
 413          0.038
 414          0.119
 415          0.087
 416          0.044
 417          0.085
 418          0.059
 419          0.059
 420          0.086
 421          0.101
 422          0.185
 423          0.093
 424          0.046
 425          0.050
 426          0.044
 427          0.050
 428          0.125
 429          0.132
 430          0.132
 431          0.215
 432          0.152
 433          0.097
 434          0.088
 435          0.131
 436          0.109
 437          0.065
 438          0.031
 439          0.023
 440          0.075
 441          0.076
 442          0.089
 443          0.112
 444          0.104
 445          0.070
 446          0.070
 447          0.065
 448          0.070
 449          0.043
 450          0.077
 451          0.072
 452          0.111
 453          0.038
 454          0.076
 455          0.073
 456          0.077
 457          0.035
 458          0.139
 459          0.169
 460          0.215
 461          0.219
 462          0.142
 463          0.071
 464          0.037
 465          0.043
 466          0.058
 467          0.081
 468          0.093
 469          0.106
 470          0.094
 471          0.102
 472          0.086
 473          0.046
 474          0.040
 475          0.136
 476          0.071
 477          0.112
 478          0.139
 479          0.124
 480          0.180
 481          0.206
 482          0.104
 483          0.130
 484          0.083
 485          0.079
 486          0.058
 487          0.073

# Average distance: 0.099 nm
