# Atom index    Distance (nm)
   1          0.111
   2          0.130
   3          0.117
   4          0.126
   5          0.106
   6          0.077
   7          0.030
   8          0.013
   9          0.068
  10          0.075
  11          0.091
  12          0.091
  13          0.120
  14          0.114
  15          0.098
  16          0.075
  17          0.028
  18          0.035
  19          0.063
  20          0.081
  21          0.153
  22          0.250
  23          0.309
  24          0.313
  25          0.215
  26          0.215
  27          0.083
  28          0.061
  29          0.025
  30          0.049
  31          0.084
  32          0.087
  33          0.094
  34          0.082
  35          0.119
  36          0.129
  37          0.111
  38          0.045
  39          0.032
  40          0.041
  41          0.038
  42          0.086
  43          0.057
  44          0.087
  45          0.100
  46          0.094
  47          0.071
  48          0.061
  49          0.172
  50          0.141
  51          0.156
  52          0.143
  53          0.109
  54          0.083
  55          0.075
  56          0.038
  57          0.078
  58          0.079
  59          0.061
  60          0.069
  61          0.075
  62          0.097
  63          0.102
  64          0.055
  65          0.114
  66          0.074
  67          0.101
  68          0.196
  69          0.231
  70          0.164
  71          0.160
  72          0.118
  73          0.183
  74          0.127
  75          0.116
  76          0.097
  77          0.125
  78          0.155
  79          0.208
  80          0.085
  81          0.130
  82          0.147
  83          0.100
  84          0.122
  85          0.107
  86          0.133
  87          0.111
  88          0.152
  89          0.147
  90          0.117
  91          0.104
  92          0.135
  93          0.133
  94          0.150
  95          0.137
  96          0.106
  97          0.116
  98          0.126
  99          0.131
 100          0.166
 101          0.171
 102          0.186
 103          0.189
 104          0.156
 105          0.141
 106          0.131
 107          0.080
 108          0.050
 109          0.015
 110          0.037
 111          0.061
 112          0.023
 113          0.034
 114          0.084
 115          0.081
 116          0.149
 117          0.138
 118          0.185
 119          0.182
 120          0.096
 121          0.044
 122          0.039
 123          0.047
 124          0.062
 125          0.083
 126          0.147
 127          0.071
 128          0.032
 129          0.039
 130          0.056
 131          0.040
 132          0.078
 133          0.050
 134          0.059
 135          0.040
 136          0.055
 137          0.021
 138          0.021
 139          0.038
 140          0.076
 141          0.151
 142          0.108
 143          0.113
 144          0.104
 145          0.070
 146          0.036
 147          0.045
 148          0.038
 149          0.101
 150          0.103
 151          0.176
 152          0.072
 153          0.066
 154          0.106
 155          0.106
 156          0.116
 157          0.096
 158          0.072
 159          0.066
 160          0.085
 161          0.093
 162          0.057
 163          0.070
 164          0.089
 165          0.046
 166          0.058
 167          0.044
 168          0.029
 169          0.027
 170          0.013
 171          0.054
 172          0.052
 173          0.077
 174          0.065
 175          0.033
 176          0.058
 177          0.072
 178          0.059
 179          0.049
 180          0.079
 181          0.106
 182          0.075
 183          0.068
 184          0.053
 185          0.065
 186          0.072
 187          0.064
 188          0.069
 189          0.081
 190          0.109
 191          0.098
 192          0.096
 193          0.099
 194          0.104
 195          0.090
 196          0.102
 197          0.116
 198          0.090
 199          0.071
 200          0.070
 201          0.123
 202          0.126
 203          0.051
 204          0.085
 205          0.105
 206          0.113
 207          0.114
 208          0.123
 209          0.159
 210          0.146
 211          0.104
 212          0.098
 213          0.093
 214          0.083
 215          0.087
 216          0.142
 217          0.138
 218          0.108
 219          0.116
 220          0.202
 221          0.183
 222          0.155
 223          0.153
 224          0.154
 225          0.136
 226          0.130
 227          0.125
 228          0.114
 229          0.123
 230          0.112
 231          0.113
 232          0.123
 233          0.171
 234          0.174
 235          0.147
 236          0.099
 237          0.124
 238          0.335
 239          0.156
 240          0.238
 241          0.189
 242          0.097
 243          0.230
 244          0.106
 245          0.144
 246          0.131
 247          0.110
 248          0.072
 249          0.077
 250          0.104
 251          0.088
 252          0.063
 253          0.064
 254          0.029
 255          0.039
 256          0.017
 257          0.023
 258          0.046
 259          0.048
 260          0.059
 261          0.064
 262          0.050
 263          0.073
 264          0.054
 265          0.071
 266          0.070
 267          0.079
 268          0.060
 269          0.061
 270          0.102
 271          0.131
 272          0.068
 273          0.085
 274          0.113
 275          0.078
 276          0.092
 277          0.125
 278          0.114
 279          0.064
 280          0.043
 281          0.038
 282          0.062
 283          0.080
 284          0.049
 285          0.031
 286          0.043
 287          0.031
 288          0.039
 289          0.018
 290          0.020
 291          0.026
 292          0.028
 293          0.069
 294          0.074
 295          0.080
 296          0.100
 297          0.103
 298          0.095
 299          0.083
 300          0.066
 301          0.134
 302          0.074
 303          0.024
 304          0.082
 305          0.133
 306          0.093
 307          0.102
 308          0.060
 309          0.073
 310          0.071
 311          0.047
 312          0.093
 313          0.227
 314          0.230
 315          0.109
 316          0.092
 317          0.032
 318          0.063
 319          0.067
 320          0.070
 321          0.080
 322          0.110
 323          0.238
 324          0.154
 325          0.146
 326          0.180
 327          0.156
 328          0.061
 329          0.085
 330          0.077
 331          0.092
 332          0.136
 333          0.118
 334          0.042
 335          0.051
 336          0.041
 337          0.041
 338          0.092
 339          0.110
 340          0.142
 341          0.135
 342          0.121
 343          0.082
 344          0.043
 345          0.072
 346          0.114
 347          0.065
 348          0.110
 349          0.110
 350          0.122
 351          0.101
 352          0.090
 353          0.081
 354          0.079
 355          0.074
 356          0.081
 357          0.101
 358          0.069
 359          0.069
 360          0.056
 361          0.058
 362          0.073
 363          0.109
 364          0.140
 365          0.178
 366          0.114
 367          0.115
 368          0.138
 369          0.145
 370          0.093
 371          0.032
 372          0.057
 373          0.021
 374          0.027
 375          0.039
 376          0.015
 377          0.052
 378          0.059
 379          0.061
 380          0.052
 381          0.052
 382          0.060
 383          0.052
 384          0.128
 385          0.080
 386          0.043
 387          0.043
 388          0.034
 389          0.066
 390          0.055
 391          0.073
 392          0.140
 393          0.133
 394          0.198
 395          0.188
 396          0.134
 397          0.058
 398          0.044
 399          0.051
 400          0.052
 401          0.054
 402          0.043
 403          0.081
 404          0.078
 405          0.069
 406          0.050
 407          0.091
 408          0.042
 409          0.014
 410          0.028
 411          0.031
 412          0.034
 413          0.041
 414          0.044
 415          0.028
 416          0.051
 417          0.021
 418          0.020
 419          0.022
 420          0.021
 421          0.060
 422          0.111
 423          0.105
 424          0.080
 425          0.093
 426          0.049
 427          0.041
 428          0.031
 429          0.035
 430          0.085
 431          0.091
 432          0.162
 433          0.101
 434          0.038
 435          0.034
 436          0.057
 437          0.096
 438          0.126
 439          0.077
 440          0.077
 441          0.094
 442          0.182
 443          0.122
 444          0.054
 445          0.029
 446          0.054
 447          0.058
 448          0.030
 449          0.049
 450          0.038
 451          0.043
 452          0.090
 453          0.072
 454          0.058
 455          0.023
 456          0.026
 457          0.047
 458          0.046
 459          0.059
 460          0.079
 461          0.085
 462          0.052
 463          0.026
 464          0.026
 465          0.047
 466          0.077
 467          0.110
 468          0.089
 469          0.117
 470          0.091
 471          0.109
 472          0.071
 473          0.046
 474          0.039
 475          0.057
 476          0.035
 477          0.041
 478          0.096
 479          0.117
 480          0.119
 481          0.095
 482          0.120
 483          0.107
 484          0.046
 485          0.063
 486          0.064
 487          0.041

# Average distance: 0.090 nm
