# Atom index    Distance (nm)
   1          0.387
   2          0.286
   3          0.198
   4          0.152
   5          0.062
   6          0.078
   7          0.084
   8          0.048
   9          0.150
  10          0.124
  11          0.107
  12          0.110
  13          0.158
  14          0.092
  15          0.134
  16          0.118
  17          0.105
  18          0.125
  19          0.120
  20          0.138
  21          0.104
  22          0.086
  23          0.063
  24          0.125
  25          0.111
  26          0.108
  27          0.109
  28          0.068
  29          0.119
  30          0.161
  31          0.149
  32          0.132
  33          0.094
  34          0.108
  35          0.113
  36          0.118
  37          0.146
  38          0.113
  39          0.086
  40          0.067
  41          0.037
  42          0.087
  43          0.125
  44          0.205
  45          0.228
  46          0.383
  47          0.418
  48          0.647
  49          0.355
  50          0.275
  51          0.283
  52          0.284
  53          0.200
  54          0.112
  55          0.051
  56          0.022
  57          0.049
  58          0.081
  59          0.108
  60          0.128
  61          0.102
  62          0.086
  63          0.059
  64          0.039
  65          0.041
  66          0.095
  67          0.081
  68          0.059
  69          0.068
  70          0.063
  71          0.112
  72          0.049
  73          0.050
  74          0.046
  75          0.067
  76          0.089
  77          0.057
  78          0.086
  79          0.074
  80          0.139
  81          0.123
  82          0.133
  83          0.097
  84          0.088
  85          0.066
  86          0.094
  87          0.064
  88          0.118
  89          0.114
  90          0.103
  91          0.152
  92          0.119
  93          0.092
  94          0.109
  95          0.116
  96          0.125
  97          0.094
  98          0.083
  99          0.050
 100          0.064
 101          0.113
 102          0.051
 103          0.096
 104          0.139
 105          0.105
 106          0.103
 107          0.109
 108          0.121
 109          0.123
 110          0.065
 111          0.164
 112          0.146
 113          0.130
 114          0.172
 115          0.130
 116          0.191
 117          0.201
 118          0.201
 119          0.164
 120          0.141
 121          0.143
 122          0.162
 123          0.170
 124          0.145
 125          0.171
 126          0.149
 127          0.104
 128          0.055
 129          0.052
 130          0.060
 131          0.103
 132          0.081
 133          0.074
 134          0.051
 135          0.034
 136          0.027
 137          0.061
 138          0.082
 139          0.109
 140          0.144
 141          0.064
 142          0.137
 143          0.127
 144          0.144
 145          0.158
 146          0.122
 147          0.098
 148          0.043
 149          0.055
 150          0.173
 151          0.404
 152          0.757
 153          0.501
 154          0.202
 155          0.138
 156          0.119
 157          0.135
 158          0.065
 159          0.089
 160          0.182
 161          0.164
 162          0.159
 163          0.144
 164          0.114
 165          0.089
 166          0.096
 167          0.050
 168          0.038
 169          0.046
 170          0.028
 171          0.024
 172          0.038
 173          0.045
 174          0.029
 175          0.034
 176          0.076
 177          0.049
 178          0.054
 179          0.063
 180          0.068
 181          0.082
 182          0.071
 183          0.095
 184          0.042
 185          0.075
 186          0.064
 187          0.041
 188          0.064
 189          0.049
 190          0.075
 191          0.090
 192          0.083
 193          0.107
 194          0.106
 195          0.075
 196          0.050
 197          0.065
 198          0.073
 199          0.160
 200          0.094
 201          0.192
 202          0.156
 203          0.050
 204          0.052
 205          0.074
 206          0.088
 207          0.094
 208          0.050
 209          0.090
 210          0.064
 211          0.102
 212          0.101
 213          0.023
 214          0.062
 215          0.056
 216          0.076
 217          0.056
 218          0.107
 219          0.049
 220          0.084
 221          0.082
 222          0.156
 223          0.138
 224          0.149
 225          0.139
 226          0.128
 227          0.157
 228          0.183
 229          0.117
 230          0.105
 231          0.062
 232          0.085
 233          0.089
 234          0.173
 235          0.188
 236          0.174
 237          0.183
 238          0.288
 239          0.365
 240          0.221
 241          0.333
 242          0.139
 243          0.084
 244          0.179
 245          0.175
 246          0.159
 247          0.117
 248          0.113
 249          0.063
 250          0.026
 251          0.089
 252          0.093
 253          0.090
 254          0.087
 255          0.094
 256          0.098
 257          0.071
 258          0.068
 259          0.074
 260          0.085
 261          0.129
 262          0.207
 263          0.176
 264          0.175
 265          0.132
 266          0.108
 267          0.130
 268          0.175
 269          0.217
 270          0.144
 271          0.242
 272          0.241
 273          0.226
 274          0.159
 275          0.119
 276          0.151
 277          0.138
 278          0.164
 279          0.171
 280          0.236
 281          0.247
 282          0.216
 283          0.222
 284          0.214
 285          0.082
 286          0.106
 287          0.116
 288          0.060
 289          0.081
 290          0.098
 291          0.076
 292          0.074
 293          0.090
 294          0.107
 295          0.137
 296          0.203
 297          0.109
 298          0.103
 299          0.072
 300          0.067
 301          0.083
 302          0.132
 303          0.166
 304          0.251
 305          0.222
 306          0.203
 307          0.154
 308          0.118
 309          0.081
 310          0.074
 311          0.118
 312          0.131
 313          0.170
 314          0.117
 315          0.070
 316          0.106
 317          0.121
 318          0.139
 319          0.169
 320          0.182
 321          0.194
 322          0.189
 323          0.281
 324          0.196
 325          0.231
 326          0.136
 327          0.055
 328          0.067
 329          0.082
 330          0.056
 331          0.078
 332          0.147
 333          0.176
 334          0.098
 335          0.153
 336          0.173
 337          0.106
 338          0.107
 339          0.086
 340          0.107
 341          0.081
 342          0.062
 343          0.026
 344          0.056
 345          0.057
 346          0.130
 347          0.114
 348          0.148
 349          0.121
 350          0.135
 351          0.206
 352          0.159
 353          0.168
 354          0.154
 355          0.144
 356          0.113
 357          0.125
 358          0.132
 359          0.151
 360          0.186
 361          0.213
 362          0.247
 363          0.250
 364          0.191
 365          0.254
 366          0.336
 367          0.344
 368          0.150
 369          0.069
 370          0.079
 371          0.094
 372          0.128
 373          0.092
 374          0.090
 375          0.061
 376          0.089
 377          0.062
 378          0.033
 379          0.031
 380          0.027
 381          0.075
 382          0.076
 383          0.109
 384          0.099
 385          0.048
 386          0.044
 387          0.055
 388          0.090
 389          0.067
 390          0.058
 391          0.111
 392          0.214
 393          0.305
 394          0.233
 395          0.076
 396          0.118
 397          0.050
 398          0.065
 399          0.062
 400          0.091
 401          0.109
 402          0.120
 403          0.230
 404          0.306
 405          0.126
 406          0.048
 407          0.055
 408          0.048
 409          0.085
 410          0.077
 411          0.094
 412          0.089
 413          0.065
 414          0.089
 415          0.072
 416          0.120
 417          0.105
 418          0.078
 419          0.117
 420          0.129
 421          0.114
 422          0.410
 423          0.420
 424          0.083
 425          0.059
 426          0.043
 427          0.043
 428          0.038
 429          0.042
 430          0.119
 431          0.260
 432          0.121
 433          0.042
 434          0.017
 435          0.034
 436          0.015
 437          0.111
 438          0.145
 439          0.086
 440          0.097
 441          0.095
 442          0.072
 443          0.039
 444          0.080
 445          0.085
 446          0.036
 447          0.048
 448          0.075
 449          0.084
 450          0.067
 451          0.089
 452          0.105
 453          0.088
 454          0.076
 455          0.042
 456          0.071
 457          0.025
 458          0.057
 459          0.018
 460          0.097
 461          0.101
 462          0.051
 463          0.037
 464          0.028
 465          0.096
 466          0.080
 467          0.117
 468          0.041
 469          0.063
 470          0.063
 471          0.126
 472          0.106
 473          0.081
 474          0.095
 475          0.085
 476          0.058
 477          0.029
 478          0.071
 479          0.114
 480          0.088
 481          0.045
 482          0.023
 483          0.043
 484          0.072
 485          0.071
 486          0.085
 487          0.076

# Average distance: 0.118 nm
