# Atom index    Distance (nm)
   1          0.374
   2          0.229
   3          0.089
   4          0.237
   5          0.120
   6          0.084
   7          0.052
   8          0.038
   9          0.076
  10          0.081
  11          0.102
  12          0.077
  13          0.089
  14          0.073
  15          0.115
  16          0.100
  17          0.115
  18          0.114
  19          0.070
  20          0.135
  21          0.160
  22          0.304
  23          0.406
  24          0.364
  25          0.296
  26          0.248
  27          0.186
  28          0.128
  29          0.124
  30          0.158
  31          0.100
  32          0.084
  33          0.077
  34          0.107
  35          0.083
  36          0.057
  37          0.051
  38          0.039
  39          0.053
  40          0.072
  41          0.091
  42          0.077
  43          0.107
  44          0.168
  45          0.248
  46          0.315
  47          0.364
  48          0.248
  49          0.275
  50          0.292
  51          0.176
  52          0.179
  53          0.175
  54          0.167
  55          0.142
  56          0.084
  57          0.079
  58          0.122
  59          0.116
  60          0.168
  61          0.140
  62          0.134
  63          0.159
  64          0.146
  65          0.076
  66          0.134
  67          0.191
  68          0.111
  69          0.115
  70          0.166
  71          0.162
  72          0.102
  73          0.129
  74          0.090
  75          0.143
  76          0.125
  77          0.130
  78          0.181
  79          0.172
  80          0.135
  81          0.137
  82          0.155
  83          0.159
  84          0.150
  85          0.150
  86          0.151
  87          0.127
  88          0.083
  89          0.118
  90          0.088
  91          0.093
  92          0.200
  93          0.083
  94          0.068
  95          0.076
  96          0.038
  97          0.036
  98          0.114
  99          0.129
 100          0.168
 101          0.201
 102          0.133
 103          0.133
 104          0.134
 105          0.075
 106          0.064
 107          0.083
 108          0.233
 109          0.159
 110          0.180
 111          0.148
 112          0.218
 113          0.164
 114          0.081
 115          0.099
 116          0.109
 117          0.077
 118          0.089
 119          0.185
 120          0.074
 121          0.166
 122          0.119
 123          0.107
 124          0.102
 125          0.090
 126          0.093
 127          0.056
 128          0.056
 129          0.020
 130          0.062
 131          0.072
 132          0.074
 133          0.050
 134          0.081
 135          0.069
 136          0.084
 137          0.088
 138          0.088
 139          0.092
 140          0.111
 141          0.133
 142          0.159
 143          0.144
 144          0.144
 145          0.105
 146          0.083
 147          0.062
 148          0.028
 149          0.051
 150          0.063
 151          0.060
 152          0.057
 153          0.044
 154          0.049
 155          0.055
 156          0.023
 157          0.032
 158          0.040
 159          0.049
 160          0.075
 161          0.087
 162          0.111
 163          0.094
 164          0.121
 165          0.074
 166          0.046
 167          0.026
 168          0.026
 169          0.040
 170          0.094
 171          0.069
 172          0.053
 173          0.101
 174          0.094
 175          0.083
 176          0.104
 177          0.084
 178          0.043
 179          0.038
 180          0.083
 181          0.119
 182          0.093
 183          0.119
 184          0.130
 185          0.074
 186          0.084
 187          0.134
 188          0.087
 189          0.090
 190          0.103
 191          0.126
 192          0.129
 193          0.133
 194          0.114
 195          0.104
 196          0.064
 197          0.113
 198          0.122
 199          0.216
 200          0.234
 201          0.223
 202          0.199
 203          0.070
 204          0.118
 205          0.093
 206          0.094
 207          0.067
 208          0.092
 209          0.061
 210          0.069
 211          0.151
 212          0.138
 213          0.133
 214          0.139
 215          0.052
 216          0.047
 217          0.070
 218          0.117
 219          0.152
 220          0.213
 221          0.243
 222          0.210
 223          0.176
 224          0.152
 225          0.136
 226          0.165
 227          0.112
 228          0.118
 229          0.091
 230          0.173
 231          0.176
 232          0.112
 233          0.095
 234          0.103
 235          0.165
 236          0.157
 237          0.134
 238          0.442
 239          0.370
 240          0.501
 241          0.422
 242          0.296
 243          0.313
 244          0.270
 245          0.153
 246          0.139
 247          0.121
 248          0.100
 249          0.112
 250          0.114
 251          0.094
 252          0.078
 253          0.065
 254          0.113
 255          0.102
 256          0.042
 257          0.047
 258          0.068
 259          0.063
 260          0.083
 261          0.138
 262          0.090
 263          0.165
 264          0.139
 265          0.076
 266          0.059
 267          0.063
 268          0.134
 269          0.101
 270          0.191
 271          0.365
 272          0.236
 273          0.137
 274          0.185
 275          0.116
 276          0.118
 277          0.141
 278          0.192
 279          0.178
 280          0.176
 281          0.105
 282          0.055
 283          0.029
 284          0.088
 285          0.115
 286          0.067
 287          0.042
 288          0.036
 289          0.044
 290          0.060
 291          0.070
 292          0.114
 293          0.105
 294          0.167
 295          0.234
 296          0.169
 297          0.138
 298          0.072
 299          0.086
 300          0.106
 301          0.065
 302          0.091
 303          0.098
 304          0.133
 305          0.092
 306          0.105
 307          0.091
 308          0.091
 309          0.103
 310          0.156
 311          0.194
 312          0.218
 313          0.169
 314          0.175
 315          0.312
 316          0.169
 317          0.142
 318          0.121
 319          0.137
 320          0.135
 321          0.098
 322          0.109
 323          0.164
 324          0.113
 325          0.131
 326          0.136
 327          0.125
 328          0.104
 329          0.106
 330          0.134
 331          0.125
 332          0.079
 333          0.131
 334          0.127
 335          0.049
 336          0.107
 337          0.062
 338          0.038
 339          0.068
 340          0.085
 341          0.095
 342          0.124
 343          0.146
 344          0.172
 345          0.138
 346          0.145
 347          0.140
 348          0.112
 349          0.155
 350          0.191
 351          0.180
 352          0.159
 353          0.173
 354          0.201
 355          0.181
 356          0.199
 357          0.192
 358          0.191
 359          0.202
 360          0.157
 361          0.134
 362          0.064
 363          0.098
 364          0.038
 365          0.122
 366          0.212
 367          0.251
 368          0.150
 369          0.102
 370          0.072
 371          0.083
 372          0.064
 373          0.034
 374          0.022
 375          0.050
 376          0.058
 377          0.065
 378          0.069
 379          0.064
 380          0.026
 381          0.032
 382          0.045
 383          0.057
 384          0.162
 385          0.093
 386          0.116
 387          0.157
 388          0.185
 389          0.126
 390          0.097
 391          0.114
 392          0.124
 393          0.064
 394          0.156
 395          0.120
 396          0.096
 397          0.135
 398          0.123
 399          0.145
 400          0.174
 401          0.194
 402          0.227
 403          0.372
 404          0.348
 405          0.158
 406          0.092
 407          0.076
 408          0.043
 409          0.088
 410          0.084
 411          0.075
 412          0.082
 413          0.109
 414          0.091
 415          0.088
 416          0.079
 417          0.085
 418          0.071
 419          0.033
 420          0.063
 421          0.040
 422          0.179
 423          0.334
 424          0.263
 425          0.183
 426          0.092
 427          0.071
 428          0.172
 429          0.153
 430          0.153
 431          0.205
 432          0.179
 433          0.218
 434          0.144
 435          0.190
 436          0.198
 437          0.101
 438          0.208
 439          0.188
 440          0.224
 441          0.186
 442          0.218
 443          0.177
 444          0.144
 445          0.097
 446          0.039
 447          0.038
 448          0.071
 449          0.076
 450          0.093
 451          0.115
 452          0.100
 453          0.067
 454          0.071
 455          0.094
 456          0.117
 457          0.118
 458          0.115
 459          0.140
 460          0.173
 461          0.159
 462          0.203
 463          0.132
 464          0.152
 465          0.191
 466          0.236
 467          0.333
 468          0.485
 469          0.163
 470          0.189
 471          0.088
 472          0.117
 473          0.188
 474          0.226
 475          0.313
 476          0.245
 477          0.164
 478          0.211
 479          0.148
 480          0.166
 481          0.155
 482          0.170
 483          0.172
 484          0.110
 485          0.071
 486          0.052
 487          0.038

# Average distance: 0.129 nm
