# Atom index    Distance (nm)
   1          0.585
   2          0.432
   3          0.307
   4          0.228
   5          0.108
   6          0.123
   7          0.052
   8          0.024
   9          0.087
  10          0.102
  11          0.057
  12          0.052
  13          0.098
  14          0.059
  15          0.048
  16          0.049
  17          0.097
  18          0.090
  19          0.089
  20          0.062
  21          0.021
  22          0.043
  23          0.053
  24          0.107
  25          0.036
  26          0.058
  27          0.045
  28          0.041
  29          0.050
  30          0.081
  31          0.109
  32          0.125
  33          0.095
  34          0.070
  35          0.089
  36          0.091
  37          0.073
  38          0.066
  39          0.068
  40          0.081
  41          0.078
  42          0.072
  43          0.104
  44          0.166
  45          0.263
  46          0.303
  47          0.342
  48          0.446
  49          0.493
  50          0.362
  51          0.234
  52          0.196
  53          0.141
  54          0.126
  55          0.110
  56          0.139
  57          0.132
  58          0.068
  59          0.082
  60          0.100
  61          0.131
  62          0.052
  63          0.100
  64          0.090
  65          0.101
  66          0.113
  67          0.141
  68          0.145
  69          0.141
  70          0.093
  71          0.123
  72          0.072
  73          0.076
  74          0.100
  75          0.073
  76          0.076
  77          0.144
  78          0.164
  79          0.174
  80          0.223
  81          0.207
  82          0.173
  83          0.139
  84          0.124
  85          0.113
  86          0.114
  87          0.123
  88          0.119
  89          0.135
  90          0.114
  91          0.190
  92          0.121
  93          0.050
  94          0.025
  95          0.069
  96          0.080
  97          0.100
  98          0.107
  99          0.117
 100          0.151
 101          0.190
 102          0.165
 103          0.136
 104          0.108
 105          0.089
 106          0.065
 107          0.098
 108          0.048
 109          0.064
 110          0.045
 111          0.028
 112          0.054
 113          0.040
 114          0.060
 115          0.062
 116          0.107
 117          0.111
 118          0.156
 119          0.126
 120          0.098
 121          0.080
 122          0.073
 123          0.045
 124          0.023
 125          0.049
 126          0.020
 127          0.027
 128          0.070
 129          0.049
 130          0.050
 131          0.027
 132          0.030
 133          0.026
 134          0.066
 135          0.025
 136          0.059
 137          0.083
 138          0.102
 139          0.110
 140          0.087
 141          0.076
 142          0.023
 143          0.044
 144          0.078
 145          0.097
 146          0.111
 147          0.113
 148          0.116
 149          0.136
 150          0.140
 151          0.109
 152          0.187
 153          0.131
 154          0.084
 155          0.122
 156          0.155
 157          0.145
 158          0.136
 159          0.158
 160          0.139
 161          0.082
 162          0.139
 163          0.114
 164          0.088
 165          0.094
 166          0.116
 167          0.068
 168          0.051
 169          0.036
 170          0.041
 171          0.019
 172          0.067
 173          0.063
 174          0.030
 175          0.087
 176          0.110
 177          0.113
 178          0.077
 179          0.104
 180          0.085
 181          0.032
 182          0.049
 183          0.040
 184          0.049
 185          0.061
 186          0.096
 187          0.081
 188          0.100
 189          0.112
 190          0.089
 191          0.062
 192          0.081
 193          0.054
 194          0.054
 195          0.072
 196          0.126
 197          0.129
 198          0.163
 199          0.357
 200          0.390
 201          0.298
 202          0.176
 203          0.075
 204          0.075
 205          0.032
 206          0.032
 207          0.054
 208          0.084
 209          0.121
 210          0.112
 211          0.096
 212          0.112
 213          0.098
 214          0.116
 215          0.132
 216          0.118
 217          0.122
 218          0.109
 219          0.055
 220          0.040
 221          0.097
 222          0.103
 223          0.087
 224          0.084
 225          0.100
 226          0.157
 227          0.156
 228          0.123
 229          0.073
 230          0.047
 231          0.074
 232          0.088
 233          0.081
 234          0.130
 235          0.133
 236          0.130
 237          0.279
 238          0.234
 239          0.083
 240          0.181
 241          0.098
 242          0.086
 243          0.074
 244          0.066
 245          0.070
 246          0.091
 247          0.108
 248          0.119
 249          0.151
 250          0.117
 251          0.120
 252          0.016
 253          0.037
 254          0.087
 255          0.133
 256          0.107
 257          0.087
 258          0.048
 259          0.049
 260          0.075
 261          0.044
 262          0.076
 263          0.220
 264          0.204
 265          0.169
 266          0.149
 267          0.098
 268          0.092
 269          0.057
 270          0.224
 271          0.297
 272          0.211
 273          0.104
 274          0.089
 275          0.089
 276          0.129
 277          0.164
 278          0.176
 279          0.181
 280          0.172
 281          0.173
 282          0.193
 283          0.146
 284          0.118
 285          0.088
 286          0.096
 287          0.096
 288          0.074
 289          0.071
 290          0.031
 291          0.099
 292          0.097
 293          0.077
 294          0.044
 295          0.057
 296          0.073
 297          0.080
 298          0.088
 299          0.075
 300          0.109
 301          0.057
 302          0.052
 303          0.056
 304          0.061
 305          0.060
 306          0.111
 307          0.118
 308          0.113
 309          0.096
 310          0.160
 311          0.199
 312          0.181
 313          0.235
 314          0.231
 315          0.165
 316          0.161
 317          0.108
 318          0.091
 319          0.073
 320          0.172
 321          0.179
 322          0.226
 323          0.205
 324          0.187
 325          0.190
 326          0.178
 327          0.157
 328          0.088
 329          0.117
 330          0.076
 331          0.070
 332          0.053
 333          0.043
 334          0.039
 335          0.074
 336          0.072
 337          0.089
 338          0.046
 339          0.045
 340          0.071
 341          0.080
 342          0.089
 343          0.124
 344          0.122
 345          0.120
 346          0.114
 347          0.108
 348          0.139
 349          0.103
 350          0.097
 351          0.072
 352          0.151
 353          0.169
 354          0.218
 355          0.155
 356          0.124
 357          0.107
 358          0.117
 359          0.152
 360          0.144
 361          0.126
 362          0.243
 363          0.243
 364          0.186
 365          0.164
 366          0.142
 367          0.111
 368          0.056
 369          0.054
 370          0.044
 371          0.050
 372          0.047
 373          0.064
 374          0.065
 375          0.037
 376          0.033
 377          0.036
 378          0.052
 379          0.021
 380          0.015
 381          0.025
 382          0.047
 383          0.066
 384          0.073
 385          0.136
 386          0.133
 387          0.106
 388          0.100
 389          0.092
 390          0.097
 391          0.110
 392          0.108
 393          0.121
 394          0.148
 395          0.072
 396          0.058
 397          0.073
 398          0.079
 399          0.078
 400          0.072
 401          0.109
 402          0.132
 403          0.160
 404          0.169
 405          0.098
 406          0.046
 407          0.064
 408          0.069
 409          0.074
 410          0.071
 411          0.115
 412          0.132
 413          0.067
 414          0.074
 415          0.047
 416          0.096
 417          0.082
 418          0.085
 419          0.041
 420          0.101
 421          0.061
 422          0.076
 423          0.039
 424          0.110
 425          0.080
 426          0.069
 427          0.080
 428          0.082
 429          0.098
 430          0.167
 431          0.245
 432          0.199
 433          0.125
 434          0.076
 435          0.094
 436          0.110
 437          0.094
 438          0.123
 439          0.135
 440          0.168
 441          0.123
 442          0.035
 443          0.016
 444          0.021
 445          0.031
 446          0.008
 447          0.024
 448          0.012
 449          0.021
 450          0.043
 451          0.080
 452          0.106
 453          0.076
 454          0.072
 455          0.062
 456          0.055
 457          0.044
 458          0.034
 459          0.040
 460          0.270
 461          0.109
 462          0.036
 463          0.045
 464          0.045
 465          0.091
 466          0.055
 467          0.106
 468          0.146
 469          0.143
 470          0.125
 471          0.078
 472          0.066
 473          0.097
 474          0.077
 475          0.083
 476          0.074
 477          0.060
 478          0.099
 479          0.086
 480          0.108
 481          0.140
 482          0.101
 483          0.085
 484          0.098
 485          0.051
 486          0.060
 487          0.043

# Average distance: 0.105 nm
