# Atom index    Distance (nm)
   1          0.094
   2          0.089
   3          0.077
   4          0.066
   5          0.032
   6          0.062
   7          0.069
   8          0.042
   9          0.083
  10          0.079
  11          0.087
  12          0.108
  13          0.188
  14          0.209
  15          0.122
  16          0.100
  17          0.071
  18          0.074
  19          0.099
  20          0.127
  21          0.188
  22          0.213
  23          0.214
  24          0.130
  25          0.108
  26          0.120
  27          0.108
  28          0.132
  29          0.097
  30          0.125
  31          0.093
  32          0.048
  33          0.044
  34          0.084
  35          0.107
  36          0.165
  37          0.147
  38          0.075
  39          0.088
  40          0.080
  41          0.074
  42          0.086
  43          0.102
  44          0.092
  45          0.100
  46          0.219
  47          0.243
  48          0.322
  49          0.215
  50          0.196
  51          0.172
  52          0.137
  53          0.093
  54          0.048
  55          0.066
  56          0.097
  57          0.117
  58          0.099
  59          0.151
  60          0.181
  61          0.175
  62          0.137
  63          0.121
  64          0.105
  65          0.084
  66          0.104
  67          0.062
  68          0.032
  69          0.070
  70          0.088
  71          0.114
  72          0.101
  73          0.110
  74          0.122
  75          0.121
  76          0.102
  77          0.160
  78          0.118
  79          0.103
  80          0.068
  81          0.065
  82          0.029
  83          0.050
  84          0.053
  85          0.038
  86          0.049
  87          0.064
  88          0.099
  89          0.127
  90          0.142
  91          0.150
  92          0.132
  93          0.087
  94          0.128
  95          0.099
  96          0.101
  97          0.047
  98          0.053
  99          0.077
 100          0.074
 101          0.103
 102          0.107
 103          0.096
 104          0.076
 105          0.088
 106          0.082
 107          0.102
 108          0.155
 109          0.224
 110          0.156
 111          0.170
 112          0.235
 113          0.158
 114          0.130
 115          0.070
 116          0.113
 117          0.125
 118          0.140
 119          0.226
 120          0.180
 121          0.206
 122          0.237
 123          0.200
 124          0.154
 125          0.149
 126          0.104
 127          0.048
 128          0.036
 129          0.036
 130          0.008
 131          0.040
 132          0.040
 133          0.051
 134          0.039
 135          0.066
 136          0.042
 137          0.053
 138          0.082
 139          0.086
 140          0.076
 141          0.057
 142          0.071
 143          0.080
 144          0.082
 145          0.095
 146          0.107
 147          0.052
 148          0.057
 149          0.059
 150          0.069
 151          0.064
 152          0.034
 153          0.097
 154          0.073
 155          0.053
 156          0.044
 157          0.039
 158          0.065
 159          0.059
 160          0.070
 161          0.092
 162          0.165
 163          0.075
 164          0.039
 165          0.066
 166          0.065
 167          0.083
 168          0.075
 169          0.063
 170          0.095
 171          0.079
 172          0.068
 173          0.063
 174          0.035
 175          0.029
 176          0.061
 177          0.078
 178          0.083
 179          0.062
 180          0.039
 181          0.076
 182          0.072
 183          0.093
 184          0.104
 185          0.081
 186          0.032
 187          0.030
 188          0.059
 189          0.062
 190          0.031
 191          0.029
 192          0.055
 193          0.055
 194          0.063
 195          0.017
 196          0.047
 197          0.056
 198          0.095
 199          0.135
 200          0.163
 201          0.115
 202          0.122
 203          0.081
 204          0.064
 205          0.103
 206          0.095
 207          0.109
 208          0.098
 209          0.119
 210          0.091
 211          0.065
 212          0.063
 213          0.110
 214          0.114
 215          0.061
 216          0.062
 217          0.029
 218          0.111
 219          0.104
 220          0.211
 221          0.281
 222          0.157
 223          0.136
 224          0.103
 225          0.069
 226          0.063
 227          0.066
 228          0.095
 229          0.102
 230          0.107
 231          0.091
 232          0.080
 233          0.067
 234          0.049
 235          0.059
 236          0.094
 237          0.148
 238          0.218
 239          0.248
 240          0.368
 241          0.282
 242          0.149
 243          0.186
 244          0.249
 245          0.109
 246          0.053
 247          0.074
 248          0.087
 249          0.076
 250          0.071
 251          0.082
 252          0.077
 253          0.077
 254          0.050
 255          0.114
 256          0.099
 257          0.039
 258          0.040
 259          0.055
 260          0.048
 261          0.056
 262          0.084
 263          0.064
 264          0.060
 265          0.047
 266          0.080
 267          0.075
 268          0.066
 269          0.086
 270          0.138
 271          0.140
 272          0.083
 273          0.105
 274          0.103
 275          0.077
 276          0.085
 277          0.060
 278          0.066
 279          0.093
 280          0.091
 281          0.082
 282          0.073
 283          0.096
 284          0.109
 285          0.101
 286          0.055
 287          0.042
 288          0.059
 289          0.065
 290          0.071
 291          0.089
 292          0.054
 293          0.090
 294          0.108
 295          0.113
 296          0.048
 297          0.059
 298          0.051
 299          0.054
 300          0.068
 301          0.076
 302          0.111
 303          0.126
 304          0.118
 305          0.197
 306          0.185
 307          0.173
 308          0.137
 309          0.119
 310          0.103
 311          0.086
 312          0.094
 313          0.130
 314          0.172
 315          0.143
 316          0.099
 317          0.113
 318          0.103
 319          0.102
 320          0.112
 321          0.117
 322          0.157
 323          0.167
 324          0.148
 325          0.139
 326          0.113
 327          0.107
 328          0.094
 329          0.065
 330          0.025
 331          0.063
 332          0.078
 333          0.075
 334          0.028
 335          0.036
 336          0.034
 337          0.070
 338          0.031
 339          0.033
 340          0.052
 341          0.051
 342          0.053
 343          0.051
 344          0.113
 345          0.110
 346          0.085
 347          0.043
 348          0.016
 349          0.018
 350          0.015
 351          0.095
 352          0.119
 353          0.099
 354          0.124
 355          0.099
 356          0.098
 357          0.052
 358          0.025
 359          0.051
 360          0.097
 361          0.076
 362          0.066
 363          0.098
 364          0.097
 365          0.079
 366          0.074
 367          0.064
 368          0.048
 369          0.057
 370          0.058
 371          0.025
 372          0.013
 373          0.032
 374          0.048
 375          0.057
 376          0.094
 377          0.095
 378          0.095
 379          0.100
 380          0.077
 381          0.066
 382          0.034
 383          0.038
 384          0.060
 385          0.045
 386          0.053
 387          0.075
 388          0.021
 389          0.023
 390          0.023
 391          0.063
 392          0.083
 393          0.195
 394          0.191
 395          0.123
 396          0.099
 397          0.069
 398          0.042
 399          0.062
 400          0.075
 401          0.028
 402          0.034
 403          0.061
 404          0.020
 405          0.047
 406          0.086
 407          0.100
 408          0.099
 409          0.100
 410          0.116
 411          0.065
 412          0.061
 413          0.051
 414          0.037
 415          0.052
 416          0.099
 417          0.049
 418          0.066
 419          0.072
 420          0.062
 421          0.049
 422          0.030
 423          0.026
 424          0.062
 425          0.036
 426          0.039
 427          0.076
 428          0.073
 429          0.136
 430          0.248
 431          0.179
 432          0.047
 433          0.093
 434          0.040
 435          0.083
 436          0.076
 437          0.035
 438          0.043
 439          0.015
 440          0.031
 441          0.036
 442          0.055
 443          0.054
 444          0.085
 445          0.067
 446          0.057
 447          0.045
 448          0.042
 449          0.021
 450          0.017
 451          0.090
 452          0.029
 453          0.040
 454          0.031
 455          0.041
 456          0.045
 457          0.026
 458          0.049
 459          0.107
 460          0.097
 461          0.180
 462          0.078
 463          0.079
 464          0.056
 465          0.083
 466          0.152
 467          0.100
 468          0.095
 469          0.073
 470          0.036
 471          0.038
 472          0.050
 473          0.085
 474          0.096
 475          0.152
 476          0.073
 477          0.101
 478          0.098
 479          0.080
 480          0.104
 481          0.120
 482          0.106
 483          0.065
 484          0.063
 485          0.065
 486          0.045
 487          0.047

# Average distance: 0.089 nm
