# Atom index    Distance (nm)
   1          0.829
   2          0.551
   3          0.266
   4          0.213
   5          0.090
   6          0.075
   7          0.089
   8          0.111
   9          0.093
  10          0.054
  11          0.063
  12          0.081
  13          0.139
  14          0.130
  15          0.108
  16          0.089
  17          0.072
  18          0.093
  19          0.121
  20          0.119
  21          0.142
  22          0.207
  23          0.129
  24          0.060
  25          0.079
  26          0.092
  27          0.131
  28          0.162
  29          0.096
  30          0.084
  31          0.092
  32          0.113
  33          0.096
  34          0.097
  35          0.126
  36          0.202
  37          0.135
  38          0.086
  39          0.110
  40          0.093
  41          0.088
  42          0.055
  43          0.067
  44          0.095
  45          0.268
  46          0.254
  47          0.222
  48          0.319
  49          0.325
  50          0.320
  51          0.188
  52          0.160
  53          0.164
  54          0.023
  55          0.084
  56          0.080
  57          0.078
  58          0.094
  59          0.093
  60          0.070
  61          0.126
  62          0.122
  63          0.127
  64          0.102
  65          0.104
  66          0.146
  67          0.116
  68          0.192
  69          0.295
  70          0.193
  71          0.197
  72          0.152
  73          0.123
  74          0.141
  75          0.067
  76          0.111
  77          0.164
  78          0.184
  79          0.150
  80          0.234
  81          0.301
  82          0.215
  83          0.160
  84          0.114
  85          0.122
  86          0.123
  87          0.106
  88          0.108
  89          0.168
  90          0.182
  91          0.255
  92          0.101
  93          0.158
  94          0.050
  95          0.029
  96          0.094
  97          0.066
  98          0.139
  99          0.152
 100          0.145
 101          0.203
 102          0.154
 103          0.156
 104          0.164
 105          0.144
 106          0.091
 107          0.062
 108          0.092
 109          0.128
 110          0.123
 111          0.164
 112          0.179
 113          0.135
 114          0.119
 115          0.115
 116          0.200
 117          0.176
 118          0.219
 119          0.208
 120          0.144
 121          0.096
 122          0.051
 123          0.070
 124          0.086
 125          0.070
 126          0.058
 127          0.049
 128          0.070
 129          0.084
 130          0.129
 131          0.115
 132          0.110
 133          0.086
 134          0.070
 135          0.065
 136          0.092
 137          0.070
 138          0.049
 139          0.025
 140          0.038
 141          0.106
 142          0.112
 143          0.089
 144          0.063
 145          0.081
 146          0.086
 147          0.034
 148          0.033
 149          0.115
 150          0.166
 151          0.125
 152          0.118
 153          0.431
 154          0.099
 155          0.134
 156          0.124
 157          0.078
 158          0.074
 159          0.115
 160          0.183
 161          0.188
 162          0.166
 163          0.146
 164          0.091
 165          0.053
 166          0.060
 167          0.050
 168          0.059
 169          0.061
 170          0.071
 171          0.052
 172          0.073
 173          0.092
 174          0.078
 175          0.131
 176          0.120
 177          0.117
 178          0.113
 179          0.105
 180          0.080
 181          0.040
 182          0.063
 183          0.053
 184          0.061
 185          0.075
 186          0.090
 187          0.060
 188          0.063
 189          0.067
 190          0.061
 191          0.067
 192          0.097
 193          0.074
 194          0.044
 195          0.085
 196          0.055
 197          0.102
 198          0.046
 199          0.022
 200          0.022
 201          0.058
 202          0.028
 203          0.079
 204          0.051
 205          0.058
 206          0.062
 207          0.075
 208          0.064
 209          0.070
 210          0.081
 211          0.173
 212          0.239
 213          0.213
 214          0.140
 215          0.082
 216          0.095
 217          0.093
 218          0.109
 219          0.096
 220          0.139
 221          0.176
 222          0.153
 223          0.109
 224          0.092
 225          0.075
 226          0.090
 227          0.052
 228          0.074
 229          0.096
 230          0.094
 231          0.071
 232          0.087
 233          0.061
 234          0.054
 235          0.046
 236          0.130
 237          0.123
 238          0.188
 239          0.216
 240          0.222
 241          0.242
 242          0.170
 243          0.189
 244          0.121
 245          0.116
 246          0.103
 247          0.078
 248          0.104
 249          0.087
 250          0.083
 251          0.140
 252          0.075
 253          0.055
 254          0.042
 255          0.070
 256          0.057
 257          0.061
 258          0.078
 259          0.103
 260          0.107
 261          0.106
 262          0.106
 263          0.113
 264          0.130
 265          0.123
 266          0.062
 267          0.048
 268          0.057
 269          0.075
 270          0.088
 271          0.042
 272          0.087
 273          0.055
 274          0.054
 275          0.069
 276          0.076
 277          0.073
 278          0.084
 279          0.091
 280          0.094
 281          0.085
 282          0.049
 283          0.058
 284          0.017
 285          0.032
 286          0.047
 287          0.044
 288          0.057
 289          0.051
 290          0.062
 291          0.090
 292          0.077
 293          0.047
 294          0.109
 295          0.064
 296          0.054
 297          0.021
 298          0.040
 299          0.086
 300          0.090
 301          0.075
 302          0.065
 303          0.042
 304          0.077
 305          0.086
 306          0.116
 307          0.128
 308          0.074
 309          0.050
 310          0.089
 311          0.101
 312          0.088
 313          0.156
 314          0.147
 315          0.184
 316          0.097
 317          0.061
 318          0.046
 319          0.085
 320          0.060
 321          0.066
 322          0.053
 323          0.065
 324          0.121
 325          0.100
 326          0.111
 327          0.089
 328          0.088
 329          0.135
 330          0.112
 331          0.105
 332          0.122
 333          0.143
 334          0.104
 335          0.168
 336          0.175
 337          0.203
 338          0.131
 339          0.125
 340          0.114
 341          0.088
 342          0.092
 343          0.092
 344          0.106
 345          0.171
 346          0.185
 347          0.112
 348          0.111
 349          0.080
 350          0.062
 351          0.063
 352          0.115
 353          0.109
 354          0.086
 355          0.091
 356          0.082
 357          0.090
 358          0.088
 359          0.068
 360          0.097
 361          0.113
 362          0.096
 363          0.157
 364          0.168
 365          0.159
 366          0.167
 367          0.139
 368          0.041
 369          0.100
 370          0.096
 371          0.104
 372          0.060
 373          0.056
 374          0.050
 375          0.028
 376          0.066
 377          0.111
 378          0.110
 379          0.067
 380          0.073
 381          0.075
 382          0.080
 383          0.075
 384          0.065
 385          0.061
 386          0.064
 387          0.070
 388          0.078
 389          0.084
 390          0.074
 391          0.130
 392          0.149
 393          0.151
 394          0.168
 395          0.094
 396          0.121
 397          0.111
 398          0.108
 399          0.089
 400          0.086
 401          0.065
 402          0.099
 403          0.062
 404          0.094
 405          0.083
 406          0.081
 407          0.079
 408          0.138
 409          0.120
 410          0.095
 411          0.098
 412          0.093
 413          0.103
 414          0.104
 415          0.141
 416          0.187
 417          0.066
 418          0.077
 419          0.073
 420          0.103
 421          0.121
 422          0.234
 423          0.302
 424          0.162
 425          0.183
 426          0.071
 427          0.066
 428          0.054
 429          0.078
 430          0.282
 431          0.275
 432          0.078
 433          0.049
 434          0.050
 435          0.057
 436          0.057
 437          0.144
 438          0.195
 439          0.132
 440          0.113
 441          0.085
 442          0.154
 443          0.162
 444          0.123
 445          0.075
 446          0.066
 447          0.050
 448          0.038
 449          0.045
 450          0.057
 451          0.057
 452          0.067
 453          0.060
 454          0.029
 455          0.019
 456          0.024
 457          0.023
 458          0.032
 459          0.047
 460          0.113
 461          0.051
 462          0.080
 463          0.090
 464          0.090
 465          0.144
 466          0.187
 467          0.194
 468          0.183
 469          0.223
 470          0.200
 471          0.189
 472          0.155
 473          0.117
 474          0.150
 475          0.140
 476          0.166
 477          0.219
 478          0.188
 479          0.099
 480          0.091
 481          0.071
 482          0.052
 483          0.049
 484          0.051
 485          0.054
 486          0.062
 487          0.081

# Average distance: 0.109 nm
