# Atom index    Distance (nm)
   1          0.149
   2          0.099
   3          0.139
   4          0.138
   5          0.118
   6          0.114
   7          0.091
   8          0.069
   9          0.116
  10          0.047
  11          0.054
  12          0.071
  13          0.102
  14          0.144
  15          0.127
  16          0.115
  17          0.094
  18          0.056
  19          0.051
  20          0.036
  21          0.047
  22          0.106
  23          0.136
  24          0.172
  25          0.081
  26          0.099
  27          0.064
  28          0.088
  29          0.107
  30          0.155
  31          0.159
  32          0.132
  33          0.125
  34          0.122
  35          0.130
  36          0.077
  37          0.028
  38          0.071
  39          0.118
  40          0.072
  41          0.024
  42          0.019
  43          0.092
  44          0.102
  45          0.188
  46          0.213
  47          0.186
  48          0.304
  49          0.239
  50          0.219
  51          0.226
  52          0.177
  53          0.152
  54          0.113
  55          0.060
  56          0.034
  57          0.058
  58          0.105
  59          0.102
  60          0.104
  61          0.107
  62          0.101
  63          0.087
  64          0.076
  65          0.093
  66          0.095
  67          0.220
  68          0.136
  69          0.144
  70          0.195
  71          0.132
  72          0.051
  73          0.025
  74          0.089
  75          0.082
  76          0.093
  77          0.152
  78          0.204
  79          0.232
  80          0.153
  81          0.057
  82          0.063
  83          0.066
  84          0.067
  85          0.067
  86          0.121
  87          0.129
  88          0.139
  89          0.110
  90          0.102
  91          0.211
  92          0.096
  93          0.075
  94          0.086
  95          0.098
  96          0.113
  97          0.106
  98          0.106
  99          0.108
 100          0.122
 101          0.132
 102          0.155
 103          0.174
 104          0.088
 105          0.105
 106          0.076
 107          0.086
 108          0.089
 109          0.069
 110          0.061
 111          0.136
 112          0.125
 113          0.073
 114          0.101
 115          0.118
 116          0.149
 117          0.094
 118          0.156
 119          0.120
 120          0.052
 121          0.099
 122          0.152
 123          0.111
 124          0.098
 125          0.132
 126          0.082
 127          0.056
 128          0.053
 129          0.086
 130          0.095
 131          0.063
 132          0.090
 133          0.088
 134          0.068
 135          0.064
 136          0.063
 137          0.042
 138          0.034
 139          0.030
 140          0.058
 141          0.037
 142          0.082
 143          0.048
 144          0.031
 145          0.052
 146          0.039
 147          0.091
 148          0.100
 149          0.112
 150          0.129
 151          0.190
 152          0.145
 153          0.081
 154          0.119
 155          0.084
 156          0.089
 157          0.098
 158          0.083
 159          0.077
 160          0.065
 161          0.066
 162          0.074
 163          0.083
 164          0.065
 165          0.090
 166          0.091
 167          0.062
 168          0.052
 169          0.063
 170          0.035
 171          0.045
 172          0.056
 173          0.081
 174          0.080
 175          0.036
 176          0.062
 177          0.061
 178          0.022
 179          0.021
 180          0.025
 181          0.046
 182          0.049
 183          0.013
 184          0.072
 185          0.063
 186          0.048
 187          0.045
 188          0.057
 189          0.073
 190          0.071
 191          0.068
 192          0.099
 193          0.099
 194          0.060
 195          0.061
 196          0.087
 197          0.092
 198          0.121
 199          0.110
 200          0.179
 201          0.104
 202          0.083
 203          0.058
 204          0.072
 205          0.057
 206          0.032
 207          0.064
 208          0.060
 209          0.074
 210          0.103
 211          0.112
 212          0.176
 213          0.142
 214          0.051
 215          0.040
 216          0.065
 217          0.081
 218          0.006
 219          0.062
 220          0.111
 221          0.128
 222          0.081
 223          0.075
 224          0.066
 225          0.076
 226          0.041
 227          0.070
 228          0.072
 229          0.236
 230          0.272
 231          0.105
 232          0.092
 233          0.091
 234          0.067
 235          0.059
 236          0.061
 237          0.124
 238          0.151
 239          0.157
 240          0.156
 241          0.135
 242          0.042
 243          0.114
 244          0.107
 245          0.043
 246          0.073
 247          0.097
 248          0.056
 249          0.030
 250          0.021
 251          0.056
 252          0.011
 253          0.059
 254          0.086
 255          0.101
 256          0.077
 257          0.085
 258          0.056
 259          0.043
 260          0.134
 261          0.160
 262          0.167
 263          0.199
 264          0.184
 265          0.160
 266          0.127
 267          0.135
 268          0.145
 269          0.136
 270          0.062
 271          0.203
 272          0.118
 273          0.114
 274          0.073
 275          0.095
 276          0.127
 277          0.139
 278          0.167
 279          0.141
 280          0.219
 281          0.183
 282          0.183
 283          0.132
 284          0.143
 285          0.085
 286          0.049
 287          0.053
 288          0.051
 289          0.088
 290          0.101
 291          0.137
 292          0.152
 293          0.151
 294          0.138
 295          0.163
 296          0.168
 297          0.143
 298          0.111
 299          0.121
 300          0.115
 301          0.079
 302          0.061
 303          0.048
 304          0.079
 305          0.077
 306          0.101
 307          0.069
 308          0.068
 309          0.038
 310          0.030
 311          0.090
 312          0.159
 313          0.189
 314          0.190
 315          0.179
 316          0.151
 317          0.081
 318          0.066
 319          0.039
 320          0.047
 321          0.079
 322          0.099
 323          0.085
 324          0.103
 325          0.142
 326          0.128
 327          0.076
 328          0.057
 329          0.103
 330          0.095
 331          0.148
 332          0.177
 333          0.190
 334          0.111
 335          0.169
 336          0.147
 337          0.146
 338          0.147
 339          0.134
 340          0.149
 341          0.106
 342          0.120
 343          0.056
 344          0.062
 345          0.082
 346          0.078
 347          0.083
 348          0.113
 349          0.159
 350          0.206
 351          0.133
 352          0.166
 353          0.231
 354          0.217
 355          0.164
 356          0.152
 357          0.123
 358          0.105
 359          0.161
 360          0.199
 361          0.167
 362          0.148
 363          0.226
 364          0.287
 365          0.285
 366          0.464
 367          0.495
 368          0.273
 369          0.137
 370          0.116
 371          0.076
 372          0.071
 373          0.051
 374          0.083
 375          0.077
 376          0.050
 377          0.061
 378          0.079
 379          0.039
 380          0.067
 381          0.090
 382          0.083
 383          0.076
 384          0.079
 385          0.103
 386          0.088
 387          0.039
 388          0.077
 389          0.075
 390          0.086
 391          0.062
 392          0.083
 393          0.204
 394          0.376
 395          0.226
 396          0.108
 397          0.123
 398          0.105
 399          0.078
 400          0.063
 401          0.050
 402          0.044
 403          0.095
 404          0.093
 405          0.070
 406          0.092
 407          0.078
 408          0.045
 409          0.030
 410          0.036
 411          0.037
 412          0.026
 413          0.038
 414          0.161
 415          0.136
 416          0.063
 417          0.054
 418          0.066
 419          0.058
 420          0.069
 421          0.105
 422          0.103
 423          0.261
 424          0.207
 425          0.132
 426          0.029
 427          0.028
 428          0.048
 429          0.029
 430          0.092
 431          0.048
 432          0.062
 433          0.067
 434          0.053
 435          0.087
 436          0.090
 437          0.043
 438          0.057
 439          0.056
 440          0.055
 441          0.043
 442          0.040
 443          0.030
 444          0.061
 445          0.020
 446          0.051
 447          0.107
 448          0.139
 449          0.077
 450          0.064
 451          0.102
 452          0.121
 453          0.086
 454          0.086
 455          0.113
 456          0.127
 457          0.048
 458          0.052
 459          0.103
 460          0.112
 461          0.078
 462          0.044
 463          0.053
 464          0.065
 465          0.088
 466          0.079
 467          0.092
 468          0.129
 469          0.122
 470          0.095
 471          0.136
 472          0.111
 473          0.091
 474          0.093
 475          0.070
 476          0.093
 477          0.102
 478          0.094
 479          0.095
 480          0.102
 481          0.031
 482          0.028
 483          0.067
 484          0.049
 485          0.056
 486          0.058
 487          0.110

# Average distance: 0.101 nm
