# Atom index    Distance (nm)
   1          0.259
   2          0.160
   3          0.050
   4          0.151
   5          0.103
   6          0.110
   7          0.098
   8          0.076
   9          0.085
  10          0.066
  11          0.053
  12          0.066
  13          0.085
  14          0.072
  15          0.058
  16          0.055
  17          0.055
  18          0.101
  19          0.111
  20          0.139
  21          0.149
  22          0.137
  23          0.208
  24          0.208
  25          0.155
  26          0.159
  27          0.166
  28          0.156
  29          0.096
  30          0.141
  31          0.129
  32          0.127
  33          0.129
  34          0.116
  35          0.151
  36          0.179
  37          0.183
  38          0.163
  39          0.103
  40          0.058
  41          0.037
  42          0.065
  43          0.094
  44          0.115
  45          0.111
  46          0.164
  47          0.073
  48          0.044
  49          0.138
  50          0.144
  51          0.158
  52          0.075
  53          0.051
  54          0.044
  55          0.045
  56          0.086
  57          0.066
  58          0.122
  59          0.136
  60          0.150
  61          0.132
  62          0.119
  63          0.097
  64          0.127
  65          0.134
  66          0.151
  67          0.142
  68          0.192
  69          0.256
  70          0.197
  71          0.153
  72          0.147
  73          0.147
  74          0.096
  75          0.110
  76          0.107
  77          0.114
  78          0.110
  79          0.094
  80          0.200
  81          0.198
  82          0.192
  83          0.109
  84          0.119
  85          0.049
  86          0.068
  87          0.056
  88          0.067
  89          0.075
  90          0.083
  91          0.114
  92          0.071
  93          0.053
  94          0.025
  95          0.027
  96          0.063
  97          0.069
  98          0.070
  99          0.110
 100          0.119
 101          0.145
 102          0.154
 103          0.156
 104          0.154
 105          0.104
 106          0.098
 107          0.095
 108          0.099
 109          0.108
 110          0.043
 111          0.151
 112          0.163
 113          0.134
 114          0.148
 115          0.143
 116          0.182
 117          0.215
 118          0.228
 119          0.201
 120          0.097
 121          0.075
 122          0.053
 123          0.077
 124          0.092
 125          0.068
 126          0.038
 127          0.070
 128          0.109
 129          0.048
 130          0.077
 131          0.086
 132          0.054
 133          0.055
 134          0.062
 135          0.032
 136          0.029
 137          0.125
 138          0.126
 139          0.169
 140          0.098
 141          0.081
 142          0.075
 143          0.092
 144          0.058
 145          0.083
 146          0.091
 147          0.082
 148          0.060
 149          0.101
 150          0.167
 151          0.111
 152          0.189
 153          0.200
 154          0.098
 155          0.064
 156          0.093
 157          0.059
 158          0.124
 159          0.117
 160          0.142
 161          0.058
 162          0.072
 163          0.097
 164          0.043
 165          0.016
 166          0.035
 167          0.063
 168          0.067
 169          0.033
 170          0.047
 171          0.039
 172          0.029
 173          0.047
 174          0.112
 175          0.103
 176          0.058
 177          0.064
 178          0.046
 179          0.059
 180          0.048
 181          0.067
 182          0.080
 183          0.045
 184          0.041
 185          0.038
 186          0.056
 187          0.054
 188          0.054
 189          0.071
 190          0.063
 191          0.085
 192          0.095
 193          0.065
 194          0.073
 195          0.064
 196          0.068
 197          0.042
 198          0.033
 199          0.126
 200          0.196
 201          0.120
 202          0.095
 203          0.114
 204          0.093
 205          0.062
 206          0.082
 207          0.055
 208          0.085
 209          0.127
 210          0.109
 211          0.089
 212          0.050
 213          0.072
 214          0.070
 215          0.090
 216          0.090
 217          0.095
 218          0.092
 219          0.072
 220          0.134
 221          0.215
 222          0.236
 223          0.134
 224          0.129
 225          0.113
 226          0.091
 227          0.098
 228          0.098
 229          0.185
 230          0.233
 231          0.145
 232          0.141
 233          0.052
 234          0.051
 235          0.078
 236          0.114
 237          0.171
 238          0.187
 239          0.250
 240          0.077
 241          0.139
 242          0.017
 243          0.102
 244          0.168
 245          0.142
 246          0.162
 247          0.135
 248          0.120
 249          0.133
 250          0.118
 251          0.110
 252          0.064
 253          0.036
 254          0.030
 255          0.038
 256          0.032
 257          0.034
 258          0.058
 259          0.072
 260          0.088
 261          0.078
 262          0.101
 263          0.103
 264          0.085
 265          0.058
 266          0.053
 267          0.054
 268          0.030
 269          0.058
 270          0.056
 271          0.033
 272          0.084
 273          0.063
 274          0.057
 275          0.022
 276          0.020
 277          0.032
 278          0.034
 279          0.055
 280          0.056
 281          0.039
 282          0.039
 283          0.040
 284          0.026
 285          0.020
 286          0.034
 287          0.022
 288          0.028
 289          0.050
 290          0.060
 291          0.112
 292          0.144
 293          0.100
 294          0.140
 295          0.163
 296          0.098
 297          0.092
 298          0.118
 299          0.125
 300          0.081
 301          0.054
 302          0.047
 303          0.030
 304          0.037
 305          0.051
 306          0.015
 307          0.038
 308          0.025
 309          0.040
 310          0.027
 311          0.031
 312          0.136
 313          0.192
 314          0.154
 315          0.101
 316          0.040
 317          0.031
 318          0.028
 319          0.045
 320          0.081
 321          0.029
 322          0.035
 323          0.079
 324          0.035
 325          0.042
 326          0.056
 327          0.053
 328          0.039
 329          0.125
 330          0.123
 331          0.171
 332          0.135
 333          0.056
 334          0.049
 335          0.051
 336          0.053
 337          0.112
 338          0.044
 339          0.045
 340          0.077
 341          0.109
 342          0.105
 343          0.076
 344          0.079
 345          0.121
 346          0.164
 347          0.119
 348          0.087
 349          0.099
 350          0.099
 351          0.058
 352          0.028
 353          0.114
 354          0.067
 355          0.063
 356          0.035
 357          0.019
 358          0.034
 359          0.094
 360          0.160
 361          0.135
 362          0.049
 363          0.011
 364          0.038
 365          0.038
 366          0.090
 367          0.054
 368          0.069
 369          0.064
 370          0.040
 371          0.063
 372          0.045
 373          0.045
 374          0.023
 375          0.051
 376          0.052
 377          0.028
 378          0.030
 379          0.026
 380          0.042
 381          0.052
 382          0.045
 383          0.092
 384          0.081
 385          0.102
 386          0.088
 387          0.052
 388          0.091
 389          0.088
 390          0.132
 391          0.106
 392          0.106
 393          0.120
 394          0.150
 395          0.120
 396          0.100
 397          0.110
 398          0.100
 399          0.121
 400          0.126
 401          0.148
 402          0.144
 403          0.148
 404          0.154
 405          0.092
 406          0.095
 407          0.077
 408          0.037
 409          0.046
 410          0.088
 411          0.080
 412          0.126
 413          0.219
 414          0.130
 415          0.104
 416          0.168
 417          0.066
 418          0.077
 419          0.071
 420          0.078
 421          0.099
 422          0.058
 423          0.108
 424          0.138
 425          0.070
 426          0.052
 427          0.069
 428          0.087
 429          0.047
 430          0.090
 431          0.076
 432          0.054
 433          0.099
 434          0.077
 435          0.080
 436          0.092
 437          0.045
 438          0.070
 439          0.119
 440          0.100
 441          0.077
 442          0.074
 443          0.095
 444          0.108
 445          0.111
 446          0.106
 447          0.112
 448          0.083
 449          0.081
 450          0.062
 451          0.061
 452          0.055
 453          0.031
 454          0.087
 455          0.109
 456          0.115
 457          0.111
 458          0.127
 459          0.169
 460          0.253
 461          0.199
 462          0.155
 463          0.120
 464          0.117
 465          0.148
 466          0.144
 467          0.123
 468          0.165
 469          0.122
 470          0.109
 471          0.102
 472          0.084
 473          0.059
 474          0.109
 475          0.237
 476          0.193
 477          0.120
 478          0.144
 479          0.176
 480          0.171
 481          0.177
 482          0.191
 483          0.154
 484          0.117
 485          0.084
 486          0.063
 487          0.041

# Average distance: 0.095 nm
