# Atom index    Distance (nm)
   1          0.124
   2          0.247
   3          0.408
   4          0.144
   5          0.097
   6          0.096
   7          0.127
   8          0.089
   9          0.061
  10          0.050
  11          0.066
  12          0.061
  13          0.093
  14          0.091
  15          0.069
  16          0.055
  17          0.067
  18          0.080
  19          0.073
  20          0.069
  21          0.099
  22          0.167
  23          0.218
  24          0.171
  25          0.115
  26          0.157
  27          0.096
  28          0.071
  29          0.044
  30          0.018
  31          0.047
  32          0.017
  33          0.019
  34          0.042
  35          0.078
  36          0.081
  37          0.088
  38          0.087
  39          0.077
  40          0.085
  41          0.203
  42          0.206
  43          0.110
  44          0.142
  45          0.207
  46          0.203
  47          0.148
  48          0.219
  49          0.651
  50          0.455
  51          0.214
  52          0.132
  53          0.089
  54          0.072
  55          0.019
  56          0.055
  57          0.131
  58          0.097
  59          0.111
  60          0.118
  61          0.103
  62          0.078
  63          0.059
  64          0.015
  65          0.044
  66          0.099
  67          0.118
  68          0.074
  69          0.125
  70          0.166
  71          0.020
  72          0.078
  73          0.074
  74          0.040
  75          0.140
  76          0.135
  77          0.189
  78          0.227
  79          0.196
  80          0.049
  81          0.048
  82          0.035
  83          0.048
  84          0.037
  85          0.036
  86          0.125
  87          0.098
  88          0.095
  89          0.077
  90          0.082
  91          0.064
  92          0.066
  93          0.109
  94          0.098
  95          0.089
  96          0.105
  97          0.105
  98          0.096
  99          0.032
 100          0.094
 101          0.107
 102          0.079
 103          0.097
 104          0.110
 105          0.111
 106          0.125
 107          0.095
 108          0.071
 109          0.103
 110          0.093
 111          0.066
 112          0.110
 113          0.097
 114          0.080
 115          0.075
 116          0.096
 117          0.089
 118          0.149
 119          0.124
 120          0.087
 121          0.073
 122          0.068
 123          0.071
 124          0.076
 125          0.050
 126          0.076
 127          0.063
 128          0.052
 129          0.018
 130          0.044
 131          0.040
 132          0.031
 133          0.017
 134          0.043
 135          0.047
 136          0.054
 137          0.057
 138          0.048
 139          0.041
 140          0.031
 141          0.050
 142          0.060
 143          0.086
 144          0.091
 145          0.031
 146          0.046
 147          0.079
 148          0.030
 149          0.033
 150          0.200
 151          0.404
 152          0.339
 153          0.090
 154          0.087
 155          0.065
 156          0.027
 157          0.042
 158          0.075
 159          0.123
 160          0.126
 161          0.051
 162          0.065
 163          0.063
 164          0.071
 165          0.050
 166          0.088
 167          0.030
 168          0.079
 169          0.073
 170          0.015
 171          0.042
 172          0.056
 173          0.054
 174          0.013
 175          0.051
 176          0.125
 177          0.150
 178          0.061
 179          0.056
 180          0.018
 181          0.019
 182          0.011
 183          0.032
 184          0.061
 185          0.092
 186          0.066
 187          0.056
 188          0.051
 189          0.040
 190          0.039
 191          0.046
 192          0.052
 193          0.070
 194          0.033
 195          0.041
 196          0.071
 197          0.084
 198          0.079
 199          0.096
 200          0.090
 201          0.027
 202          0.030
 203          0.039
 204          0.035
 205          0.036
 206          0.044
 207          0.056
 208          0.079
 209          0.084
 210          0.094
 211          0.167
 212          0.276
 213          0.186
 214          0.093
 215          0.099
 216          0.123
 217          0.067
 218          0.066
 219          0.065
 220          0.075
 221          0.089
 222          0.041
 223          0.082
 224          0.131
 225          0.145
 226          0.106
 227          0.081
 228          0.065
 229          0.154
 230          0.291
 231          0.110
 232          0.060
 233          0.067
 234          0.077
 235          0.057
 236          0.036
 237          0.108
 238          0.253
 239          0.190
 240          0.124
 241          0.098
 242          0.101
 243          0.138
 244          0.110
 245          0.132
 246          0.087
 247          0.057
 248          0.038
 249          0.130
 250          0.148
 251          0.083
 252          0.081
 253          0.047
 254          0.061
 255          0.039
 256          0.023
 257          0.021
 258          0.027
 259          0.031
 260          0.002
 261          0.066
 262          0.072
 263          0.067
 264          0.079
 265          0.064
 266          0.054
 267          0.070
 268          0.067
 269          0.024
 270          0.040
 271          0.041
 272          0.082
 273          0.116
 274          0.076
 275          0.061
 276          0.086
 277          0.090
 278          0.065
 279          0.070
 280          0.088
 281          0.081
 282          0.038
 283          0.066
 284          0.057
 285          0.078
 286          0.082
 287          0.036
 288          0.029
 289          0.074
 290          0.065
 291          0.111
 292          0.142
 293          0.087
 294          0.080
 295          0.100
 296          0.051
 297          0.063
 298          0.066
 299          0.070
 300          0.081
 301          0.127
 302          0.112
 303          0.067
 304          0.098
 305          0.065
 306          0.140
 307          0.133
 308          0.128
 309          0.124
 310          0.092
 311          0.106
 312          0.164
 313          0.210
 314          0.147
 315          0.078
 316          0.101
 317          0.098
 318          0.062
 319          0.062
 320          0.102
 321          0.125
 322          0.148
 323          0.202
 324          0.209
 325          0.165
 326          0.153
 327          0.126
 328          0.115
 329          0.083
 330          0.058
 331          0.080
 332          0.028
 333          0.021
 334          0.026
 335          0.042
 336          0.157
 337          0.046
 338          0.032
 339          0.035
 340          0.084
 341          0.068
 342          0.070
 343          0.094
 344          0.089
 345          0.091
 346          0.088
 347          0.074
 348          0.084
 349          0.090
 350          0.092
 351          0.094
 352          0.072
 353          0.090
 354          0.146
 355          0.125
 356          0.126
 357          0.059
 358          0.132
 359          0.132
 360          0.106
 361          0.069
 362          0.074
 363          0.117
 364          0.182
 365          0.114
 366          0.090
 367          0.054
 368          0.072
 369          0.077
 370          0.032
 371          0.043
 372          0.030
 373          0.031
 374          0.031
 375          0.072
 376          0.082
 377          0.038
 378          0.040
 379          0.039
 380          0.044
 381          0.028
 382          0.055
 383          0.052
 384          0.054
 385          0.049
 386          0.041
 387          0.068
 388          0.064
 389          0.078
 390          0.062
 391          0.121
 392          0.130
 393          0.113
 394          0.155
 395          0.233
 396          0.200
 397          0.181
 398          0.123
 399          0.088
 400          0.103
 401          0.109
 402          0.104
 403          0.090
 404          0.054
 405          0.042
 406          0.041
 407          0.035
 408          0.040
 409          0.030
 410          0.034
 411          0.107
 412          0.050
 413          0.037
 414          0.058
 415          0.152
 416          0.112
 417          0.045
 418          0.068
 419          0.067
 420          0.068
 421          0.074
 422          0.108
 423          0.240
 424          0.267
 425          0.150
 426          0.115
 427          0.151
 428          0.156
 429          0.120
 430          0.184
 431          0.262
 432          0.135
 433          0.121
 434          0.048
 435          0.116
 436          0.151
 437          0.235
 438          0.105
 439          0.072
 440          0.092
 441          0.140
 442          0.195
 443          0.179
 444          0.057
 445          0.075
 446          0.092
 447          0.050
 448          0.069
 449          0.055
 450          0.060
 451          0.075
 452          0.079
 453          0.031
 454          0.081
 455          0.073
 456          0.048
 457          0.070
 458          0.069
 459          0.145
 460          0.274
 461          0.181
 462          0.095
 463          0.082
 464          0.088
 465          0.085
 466          0.105
 467          0.147
 468          0.085
 469          0.086
 470          0.072
 471          0.083
 472          0.067
 473          0.057
 474          0.096
 475          0.108
 476          0.116
 477          0.135
 478          0.137
 479          0.082
 480          0.088
 481          0.163
 482          0.136
 483          0.095
 484          0.089
 485          0.054
 486          0.029
 487          0.027

# Average distance: 0.092 nm
