# Atom index    Distance (nm)
   1          0.681
   2          0.483
   3          0.498
   4          0.271
   5          0.093
   6          0.057
   7          0.069
   8          0.068
   9          0.110
  10          0.076
  11          0.122
  12          0.105
  13          0.104
  14          0.097
  15          0.105
  16          0.097
  17          0.083
  18          0.074
  19          0.102
  20          0.110
  21          0.159
  22          0.195
  23          0.201
  24          0.130
  25          0.134
  26          0.100
  27          0.084
  28          0.083
  29          0.046
  30          0.073
  31          0.137
  32          0.146
  33          0.106
  34          0.125
  35          0.141
  36          0.163
  37          0.141
  38          0.095
  39          0.075
  40          0.044
  41          0.033
  42          0.067
  43          0.064
  44          0.129
  45          0.109
  46          0.223
  47          0.034
  48          0.132
  49          0.335
  50          0.352
  51          0.128
  52          0.188
  53          0.097
  54          0.093
  55          0.090
  56          0.074
  57          0.150
  58          0.186
  59          0.184
  60          0.203
  61          0.203
  62          0.206
  63          0.132
  64          0.127
  65          0.120
  66          0.100
  67          0.107
  68          0.143
  69          0.170
  70          0.156
  71          0.071
  72          0.042
  73          0.142
  74          0.141
  75          0.157
  76          0.163
  77          0.229
  78          0.214
  79          0.208
  80          0.189
  81          0.180
  82          0.157
  83          0.108
  84          0.151
  85          0.135
  86          0.125
  87          0.094
  88          0.102
  89          0.122
  90          0.135
  91          0.145
  92          0.162
  93          0.130
  94          0.088
  95          0.084
  96          0.066
  97          0.061
  98          0.156
  99          0.190
 100          0.212
 101          0.214
 102          0.172
 103          0.162
 104          0.112
 105          0.105
 106          0.068
 107          0.025
 108          0.102
 109          0.058
 110          0.030
 111          0.127
 112          0.078
 113          0.079
 114          0.052
 115          0.068
 116          0.093
 117          0.079
 118          0.117
 119          0.135
 120          0.074
 121          0.070
 122          0.082
 123          0.061
 124          0.012
 125          0.116
 126          0.109
 127          0.117
 128          0.122
 129          0.129
 130          0.096
 131          0.107
 132          0.095
 133          0.056
 134          0.059
 135          0.059
 136          0.067
 137          0.101
 138          0.041
 139          0.061
 140          0.088
 141          0.061
 142          0.070
 143          0.092
 144          0.103
 145          0.092
 146          0.033
 147          0.038
 148          0.030
 149          0.038
 150          0.031
 151          0.164
 152          0.138
 153          0.264
 154          0.088
 155          0.089
 156          0.077
 157          0.063
 158          0.064
 159          0.064
 160          0.110
 161          0.108
 162          0.102
 163          0.111
 164          0.099
 165          0.054
 166          0.051
 167          0.054
 168          0.051
 169          0.047
 170          0.086
 171          0.070
 172          0.081
 173          0.075
 174          0.081
 175          0.108
 176          0.151
 177          0.125
 178          0.086
 179          0.084
 180          0.111
 181          0.090
 182          0.040
 183          0.029
 184          0.023
 185          0.019
 186          0.041
 187          0.008
 188          0.063
 189          0.072
 190          0.070
 191          0.069
 192          0.106
 193          0.065
 194          0.090
 195          0.058
 196          0.064
 197          0.068
 198          0.102
 199          0.102
 200          0.105
 201          0.114
 202          0.109
 203          0.098
 204          0.067
 205          0.067
 206          0.048
 207          0.065
 208          0.051
 209          0.066
 210          0.060
 211          0.110
 212          0.133
 213          0.073
 214          0.085
 215          0.093
 216          0.058
 217          0.062
 218          0.087
 219          0.059
 220          0.112
 221          0.208
 222          0.116
 223          0.105
 224          0.082
 225          0.077
 226          0.117
 227          0.139
 228          0.125
 229          0.158
 230          0.124
 231          0.140
 232          0.158
 233          0.132
 234          0.127
 235          0.134
 236          0.122
 237          0.103
 238          0.132
 239          0.094
 240          0.094
 241          0.038
 242          0.047
 243          0.128
 244          0.059
 245          0.080
 246          0.083
 247          0.085
 248          0.077
 249          0.050
 250          0.048
 251          0.090
 252          0.048
 253          0.061
 254          0.048
 255          0.060
 256          0.048
 257          0.073
 258          0.070
 259          0.038
 260          0.028
 261          0.020
 262          0.050
 263          0.030
 264          0.046
 265          0.048
 266          0.069
 267          0.021
 268          0.061
 269          0.068
 270          0.067
 271          0.076
 272          0.099
 273          0.121
 274          0.099
 275          0.055
 276          0.069
 277          0.024
 278          0.050
 279          0.093
 280          0.132
 281          0.153
 282          0.129
 283          0.069
 284          0.063
 285          0.066
 286          0.035
 287          0.056
 288          0.072
 289          0.050
 290          0.052
 291          0.054
 292          0.061
 293          0.053
 294          0.067
 295          0.095
 296          0.094
 297          0.082
 298          0.136
 299          0.127
 300          0.135
 301          0.121
 302          0.074
 303          0.070
 304          0.103
 305          0.141
 306          0.136
 307          0.136
 308          0.087
 309          0.092
 310          0.102
 311          0.079
 312          0.115
 313          0.116
 314          0.123
 315          0.119
 316          0.152
 317          0.053
 318          0.039
 319          0.018
 320          0.096
 321          0.115
 322          0.107
 323          0.100
 324          0.090
 325          0.117
 326          0.142
 327          0.108
 328          0.110
 329          0.131
 330          0.121
 331          0.117
 332          0.072
 333          0.076
 334          0.079
 335          0.100
 336          0.078
 337          0.083
 338          0.054
 339          0.065
 340          0.109
 341          0.115
 342          0.075
 343          0.082
 344          0.066
 345          0.101
 346          0.094
 347          0.136
 348          0.109
 349          0.101
 350          0.086
 351          0.067
 352          0.057
 353          0.046
 354          0.044
 355          0.053
 356          0.087
 357          0.094
 358          0.104
 359          0.116
 360          0.156
 361          0.154
 362          0.163
 363          0.175
 364          0.198
 365          0.126
 366          0.120
 367          0.121
 368          0.138
 369          0.084
 370          0.069
 371          0.057
 372          0.056
 373          0.088
 374          0.093
 375          0.092
 376          0.078
 377          0.078
 378          0.054
 379          0.096
 380          0.071
 381          0.100
 382          0.041
 383          0.055
 384          0.046
 385          0.077
 386          0.078
 387          0.077
 388          0.060
 389          0.053
 390          0.049
 391          0.067
 392          0.080
 393          0.062
 394          0.179
 395          0.114
 396          0.059
 397          0.061
 398          0.067
 399          0.085
 400          0.097
 401          0.116
 402          0.062
 403          0.061
 404          0.065
 405          0.116
 406          0.115
 407          0.083
 408          0.063
 409          0.066
 410          0.074
 411          0.098
 412          0.128
 413          0.132
 414          0.142
 415          0.074
 416          0.114
 417          0.078
 418          0.082
 419          0.073
 420          0.074
 421          0.114
 422          0.113
 423          0.231
 424          0.205
 425          0.067
 426          0.079
 427          0.053
 428          0.069
 429          0.076
 430          0.114
 431          0.123
 432          0.142
 433          0.109
 434          0.115
 435          0.126
 436          0.076
 437          0.064
 438          0.065
 439          0.060
 440          0.140
 441          0.169
 442          0.226
 443          0.223
 444          0.146
 445          0.116
 446          0.105
 447          0.096
 448          0.109
 449          0.100
 450          0.093
 451          0.104
 452          0.097
 453          0.100
 454          0.089
 455          0.105
 456          0.088
 457          0.086
 458          0.093
 459          0.060
 460          0.051
 461          0.019
 462          0.025
 463          0.075
 464          0.038
 465          0.074
 466          0.081
 467          0.109
 468          0.139
 469          0.121
 470          0.093
 471          0.068
 472          0.065
 473          0.063
 474          0.080
 475          0.073
 476          0.063
 477          0.103
 478          0.088
 479          0.111
 480          0.143
 481          0.110
 482          0.106
 483          0.078
 484          0.070
 485          0.056
 486          0.089
 487          0.085

# Average distance: 0.100 nm
