# Atom index    Distance (nm)
   1          0.504
   2          0.505
   3          0.390
   4          0.278
   5          0.154
   6          0.114
   7          0.076
   8          0.090
   9          0.121
  10          0.107
  11          0.126
  12          0.101
  13          0.151
  14          0.183
  15          0.184
  16          0.175
  17          0.163
  18          0.137
  19          0.160
  20          0.155
  21          0.220
  22          0.262
  23          0.318
  24          0.284
  25          0.207
  26          0.204
  27          0.190
  28          0.175
  29          0.174
  30          0.212
  31          0.232
  32          0.199
  33          0.189
  34          0.195
  35          0.227
  36          0.235
  37          0.212
  38          0.166
  39          0.144
  40          0.138
  41          0.092
  42          0.089
  43          0.082
  44          0.095
  45          0.098
  46          0.124
  47          0.168
  48          0.255
  49          0.169
  50          0.191
  51          0.192
  52          0.132
  53          0.124
  54          0.062
  55          0.054
  56          0.040
  57          0.148
  58          0.166
  59          0.229
  60          0.183
  61          0.193
  62          0.189
  63          0.124
  64          0.086
  65          0.087
  66          0.097
  67          0.180
  68          0.201
  69          0.162
  70          0.093
  71          0.124
  72          0.082
  73          0.124
  74          0.139
  75          0.133
  76          0.163
  77          0.201
  78          0.175
  79          0.168
  80          0.231
  81          0.224
  82          0.126
  83          0.142
  84          0.151
  85          0.116
  86          0.133
  87          0.117
  88          0.182
  89          0.205
  90          0.213
  91          0.256
  92          0.246
  93          0.144
  94          0.155
  95          0.136
  96          0.074
  97          0.063
  98          0.074
  99          0.083
 100          0.126
 101          0.136
 102          0.092
 103          0.079
 104          0.095
 105          0.044
 106          0.042
 107          0.041
 108          0.154
 109          0.196
 110          0.217
 111          0.271
 112          0.146
 113          0.084
 114          0.034
 115          0.051
 116          0.116
 117          0.143
 118          0.178
 119          0.154
 120          0.128
 121          0.149
 122          0.126
 123          0.104
 124          0.117
 125          0.154
 126          0.106
 127          0.083
 128          0.106
 129          0.090
 130          0.068
 131          0.093
 132          0.065
 133          0.078
 134          0.064
 135          0.064
 136          0.028
 137          0.033
 138          0.016
 139          0.028
 140          0.034
 141          0.024
 142          0.032
 143          0.067
 144          0.063
 145          0.032
 146          0.037
 147          0.017
 148          0.049
 149          0.056
 150          0.118
 151          0.182
 152          0.305
 153          0.548
 154          0.324
 155          0.153
 156          0.064
 157          0.068
 158          0.031
 159          0.010
 160          0.019
 161          0.022
 162          0.068
 163          0.037
 164          0.034
 165          0.041
 166          0.065
 167          0.041
 168          0.046
 169          0.041
 170          0.033
 171          0.033
 172          0.043
 173          0.098
 174          0.087
 175          0.125
 176          0.228
 177          0.228
 178          0.174
 179          0.108
 180          0.063
 181          0.052
 182          0.024
 183          0.045
 184          0.038
 185          0.059
 186          0.070
 187          0.066
 188          0.080
 189          0.043
 190          0.026
 191          0.069
 192          0.080
 193          0.088
 194          0.036
 195          0.086
 196          0.047
 197          0.077
 198          0.087
 199          0.094
 200          0.105
 201          0.173
 202          0.110
 203          0.086
 204          0.067
 205          0.062
 206          0.057
 207          0.084
 208          0.052
 209          0.075
 210          0.086
 211          0.064
 212          0.072
 213          0.046
 214          0.033
 215          0.024
 216          0.017
 217          0.029
 218          0.052
 219          0.098
 220          0.197
 221          0.125
 222          0.119
 223          0.104
 224          0.071
 225          0.061
 226          0.109
 227          0.067
 228          0.078
 229          0.105
 230          0.142
 231          0.113
 232          0.059
 233          0.087
 234          0.087
 235          0.065
 236          0.119
 237          0.199
 238          0.177
 239          0.225
 240          0.239
 241          0.205
 242          0.093
 243          0.156
 244          0.190
 245          0.043
 246          0.058
 247          0.083
 248          0.091
 249          0.085
 250          0.038
 251          0.153
 252          0.134
 253          0.117
 254          0.082
 255          0.032
 256          0.044
 257          0.036
 258          0.043
 259          0.046
 260          0.064
 261          0.067
 262          0.079
 263          0.120
 264          0.114
 265          0.064
 266          0.018
 267          0.074
 268          0.041
 269          0.053
 270          0.090
 271          0.163
 272          0.099
 273          0.098
 274          0.110
 275          0.081
 276          0.071
 277          0.075
 278          0.099
 279          0.010
 280          0.037
 281          0.045
 282          0.056
 283          0.068
 284          0.058
 285          0.055
 286          0.061
 287          0.037
 288          0.046
 289          0.050
 290          0.036
 291          0.067
 292          0.096
 293          0.082
 294          0.094
 295          0.076
 296          0.078
 297          0.061
 298          0.066
 299          0.048
 300          0.040
 301          0.052
 302          0.059
 303          0.021
 304          0.043
 305          0.045
 306          0.052
 307          0.033
 308          0.016
 309          0.021
 310          0.014
 311          0.047
 312          0.047
 313          0.111
 314          0.143
 315          0.049
 316          0.039
 317          0.037
 318          0.074
 319          0.036
 320          0.067
 321          0.077
 322          0.069
 323          0.073
 324          0.071
 325          0.063
 326          0.058
 327          0.055
 328          0.066
 329          0.058
 330          0.039
 331          0.048
 332          0.073
 333          0.119
 334          0.122
 335          0.153
 336          0.127
 337          0.113
 338          0.080
 339          0.094
 340          0.100
 341          0.081
 342          0.051
 343          0.054
 344          0.058
 345          0.151
 346          0.089
 347          0.150
 348          0.141
 349          0.084
 350          0.072
 351          0.128
 352          0.181
 353          0.274
 354          0.251
 355          0.200
 356          0.121
 357          0.063
 358          0.071
 359          0.121
 360          0.177
 361          0.179
 362          0.275
 363          0.281
 364          0.270
 365          0.328
 366          0.278
 367          0.170
 368          0.125
 369          0.110
 370          0.059
 371          0.057
 372          0.039
 373          0.013
 374          0.024
 375          0.043
 376          0.045
 377          0.078
 378          0.067
 379          0.114
 380          0.045
 381          0.044
 382          0.028
 383          0.020
 384          0.072
 385          0.100
 386          0.033
 387          0.007
 388          0.061
 389          0.048
 390          0.081
 391          0.097
 392          0.040
 393          0.062
 394          0.173
 395          0.148
 396          0.151
 397          0.116
 398          0.122
 399          0.121
 400          0.068
 401          0.088
 402          0.065
 403          0.096
 404          0.102
 405          0.037
 406          0.064
 407          0.094
 408          0.099
 409          0.104
 410          0.058
 411          0.057
 412          0.103
 413          0.166
 414          0.140
 415          0.085
 416          0.005
 417          0.034
 418          0.052
 419          0.072
 420          0.114
 421          0.063
 422          0.158
 423          0.138
 424          0.172
 425          0.140
 426          0.112
 427          0.064
 428          0.132
 429          0.169
 430          0.208
 431          0.187
 432          0.167
 433          0.152
 434          0.133
 435          0.123
 436          0.123
 437          0.109
 438          0.213
 439          0.207
 440          0.192
 441          0.198
 442          0.112
 443          0.072
 444          0.061
 445          0.011
 446          0.031
 447          0.049
 448          0.057
 449          0.041
 450          0.046
 451          0.045
 452          0.039
 453          0.030
 454          0.028
 455          0.045
 456          0.088
 457          0.039
 458          0.081
 459          0.068
 460          0.074
 461          0.085
 462          0.070
 463          0.050
 464          0.079
 465          0.076
 466          0.061
 467          0.113
 468          0.116
 469          0.154
 470          0.149
 471          0.121
 472          0.055
 473          0.096
 474          0.115
 475          0.141
 476          0.137
 477          0.139
 478          0.064
 479          0.064
 480          0.046
 481          0.030
 482          0.056
 483          0.067
 484          0.034
 485          0.039
 486          0.041
 487          0.034

# Average distance: 0.106 nm
