# Atom index    Distance (nm)
   1          0.198
   2          0.104
   3          0.152
   4          0.102
   5          0.037
   6          0.042
   7          0.035
   8          0.028
   9          0.030
  10          0.024
  11          0.057
  12          0.097
  13          0.165
  14          0.144
  15          0.113
  16          0.114
  17          0.049
  18          0.027
  19          0.064
  20          0.053
  21          0.062
  22          0.123
  23          0.122
  24          0.194
  25          0.154
  26          0.149
  27          0.097
  28          0.104
  29          0.124
  30          0.186
  31          0.054
  32          0.123
  33          0.076
  34          0.028
  35          0.024
  36          0.022
  37          0.009
  38          0.027
  39          0.043
  40          0.074
  41          0.054
  42          0.058
  43          0.195
  44          0.135
  45          0.108
  46          0.171
  47          0.064
  48          0.074
  49          0.050
  50          0.046
  51          0.100
  52          0.031
  53          0.070
  54          0.053
  55          0.085
  56          0.052
  57          0.077
  58          0.094
  59          0.088
  60          0.117
  61          0.109
  62          0.134
  63          0.107
  64          0.089
  65          0.108
  66          0.066
  67          0.091
  68          0.120
  69          0.146
  70          0.071
  71          0.045
  72          0.060
  73          0.058
  74          0.139
  75          0.151
  76          0.126
  77          0.162
  78          0.153
  79          0.181
  80          0.131
  81          0.082
  82          0.068
  83          0.088
  84          0.046
  85          0.043
  86          0.056
  87          0.038
  88          0.066
  89          0.081
  90          0.115
  91          0.206
  92          0.237
  93          0.174
  94          0.102
  95          0.078
  96          0.061
  97          0.047
  98          0.056
  99          0.069
 100          0.074
 101          0.112
 102          0.046
 103          0.064
 104          0.054
 105          0.063
 106          0.071
 107          0.062
 108          0.119
 109          0.207
 110          0.152
 111          0.234
 112          0.270
 113          0.160
 114          0.098
 115          0.090
 116          0.088
 117          0.084
 118          0.066
 119          0.064
 120          0.055
 121          0.106
 122          0.114
 123          0.119
 124          0.099
 125          0.094
 126          0.125
 127          0.084
 128          0.057
 129          0.020
 130          0.011
 131          0.023
 132          0.061
 133          0.047
 134          0.058
 135          0.033
 136          0.020
 137          0.063
 138          0.050
 139          0.052
 140          0.106
 141          0.124
 142          0.148
 143          0.145
 144          0.082
 145          0.029
 146          0.042
 147          0.047
 148          0.050
 149          0.061
 150          0.122
 151          0.150
 152          0.125
 153          0.241
 154          0.206
 155          0.108
 156          0.114
 157          0.042
 158          0.014
 159          0.021
 160          0.017
 161          0.034
 162          0.043
 163          0.053
 164          0.037
 165          0.045
 166          0.065
 167          0.043
 168          0.035
 169          0.020
 170          0.044
 171          0.035
 172          0.031
 173          0.019
 174          0.041
 175          0.033
 176          0.052
 177          0.059
 178          0.066
 179          0.062
 180          0.042
 181          0.029
 182          0.051
 183          0.046
 184          0.036
 185          0.062
 186          0.076
 187          0.081
 188          0.031
 189          0.047
 190          0.049
 191          0.047
 192          0.053
 193          0.094
 194          0.085
 195          0.058
 196          0.033
 197          0.066
 198          0.037
 199          0.034
 200          0.076
 201          0.152
 202          0.130
 203          0.061
 204          0.033
 205          0.040
 206          0.069
 207          0.121
 208          0.145
 209          0.090
 210          0.073
 211          0.068
 212          0.066
 213          0.045
 214          0.058
 215          0.047
 216          0.090
 217          0.138
 218          0.132
 219          0.101
 220          0.132
 221          0.091
 222          0.131
 223          0.086
 224          0.066
 225          0.067
 226          0.092
 227          0.075
 228          0.111
 229          0.140
 230          0.128
 231          0.096
 232          0.041
 233          0.047
 234          0.062
 235          0.107
 236          0.073
 237          0.102
 238          0.175
 239          0.431
 240          0.343
 241          0.341
 242          0.222
 243          0.251
 244          0.174
 245          0.116
 246          0.137
 247          0.089
 248          0.036
 249          0.028
 250          0.050
 251          0.133
 252          0.075
 253          0.060
 254          0.041
 255          0.060
 256          0.059
 257          0.070
 258          0.070
 259          0.062
 260          0.062
 261          0.032
 262          0.082
 263          0.082
 264          0.074
 265          0.075
 266          0.059
 267          0.058
 268          0.051
 269          0.059
 270          0.054
 271          0.058
 272          0.084
 273          0.080
 274          0.089
 275          0.067
 276          0.052
 277          0.031
 278          0.082
 279          0.083
 280          0.072
 281          0.081
 282          0.070
 283          0.077
 284          0.067
 285          0.058
 286          0.037
 287          0.085
 288          0.081
 289          0.072
 290          0.039
 291          0.064
 292          0.092
 293          0.103
 294          0.129
 295          0.184
 296          0.120
 297          0.065
 298          0.084
 299          0.076
 300          0.076
 301          0.060
 302          0.091
 303          0.116
 304          0.108
 305          0.105
 306          0.095
 307          0.090
 308          0.066
 309          0.049
 310          0.084
 311          0.194
 312          0.194
 313          0.116
 314          0.122
 315          0.134
 316          0.109
 317          0.083
 318          0.081
 319          0.071
 320          0.113
 321          0.055
 322          0.058
 323          0.083
 324          0.089
 325          0.097
 326          0.122
 327          0.156
 328          0.050
 329          0.049
 330          0.061
 331          0.083
 332          0.072
 333          0.101
 334          0.101
 335          0.084
 336          0.082
 337          0.079
 338          0.065
 339          0.051
 340          0.041
 341          0.026
 342          0.076
 343          0.087
 344          0.117
 345          0.161
 346          0.144
 347          0.089
 348          0.049
 349          0.084
 350          0.074
 351          0.031
 352          0.071
 353          0.136
 354          0.193
 355          0.159
 356          0.097
 357          0.046
 358          0.051
 359          0.081
 360          0.099
 361          0.104
 362          0.132
 363          0.124
 364          0.129
 365          0.096
 366          0.071
 367          0.056
 368          0.057
 369          0.034
 370          0.056
 371          0.056
 372          0.040
 373          0.047
 374          0.058
 375          0.066
 376          0.019
 377          0.023
 378          0.057
 379          0.046
 380          0.042
 381          0.042
 382          0.031
 383          0.040
 384          0.026
 385          0.075
 386          0.108
 387          0.081
 388          0.063
 389          0.052
 390          0.135
 391          0.141
 392          0.174
 393          0.239
 394          0.106
 395          0.203
 396          0.164
 397          0.163
 398          0.081
 399          0.077
 400          0.102
 401          0.105
 402          0.106
 403          0.065
 404          0.091
 405          0.081
 406          0.101
 407          0.087
 408          0.047
 409          0.046
 410          0.064
 411          0.066
 412          0.061
 413          0.186
 414          0.103
 415          0.066
 416          0.082
 417          0.040
 418          0.060
 419          0.074
 420          0.073
 421          0.067
 422          0.208
 423          0.187
 424          0.160
 425          0.130
 426          0.053
 427          0.050
 428          0.085
 429          0.138
 430          0.125
 431          0.103
 432          0.094
 433          0.078
 434          0.073
 435          0.038
 436          0.065
 437          0.130
 438          0.090
 439          0.049
 440          0.039
 441          0.126
 442          0.164
 443          0.140
 444          0.075
 445          0.047
 446          0.033
 447          0.027
 448          0.067
 449          0.059
 450          0.061
 451          0.080
 452          0.088
 453          0.074
 454          0.029
 455          0.034
 456          0.032
 457          0.035
 458          0.034
 459          0.061
 460          0.107
 461          0.110
 462          0.084
 463          0.057
 464          0.068
 465          0.020
 466          0.097
 467          0.067
 468          0.043
 469          0.083
 470          0.121
 471          0.127
 472          0.032
 473          0.053
 474          0.067
 475          0.108
 476          0.122
 477          0.179
 478          0.181
 479          0.143
 480          0.131
 481          0.141
 482          0.172
 483          0.091
 484          0.087
 485          0.041
 486          0.043
 487          0.040

# Average distance: 0.087 nm
