# Atom index    Distance (nm)
   1          1.136
   2          0.822
   3          0.809
   4          0.552
   5          0.197
   6          0.081
   7          0.121
   8          0.118
   9          0.091
  10          0.105
  11          0.118
  12          0.101
  13          0.153
  14          0.124
  15          0.144
  16          0.120
  17          0.112
  18          0.095
  19          0.108
  20          0.128
  21          0.241
  22          0.394
  23          0.339
  24          0.376
  25          0.149
  26          0.124
  27          0.106
  28          0.103
  29          0.116
  30          0.154
  31          0.126
  32          0.090
  33          0.181
  34          0.165
  35          0.156
  36          0.132
  37          0.143
  38          0.095
  39          0.108
  40          0.115
  41          0.096
  42          0.090
  43          0.149
  44          0.138
  45          0.221
  46          0.322
  47          0.391
  48          0.293
  49          0.389
  50          0.349
  51          0.306
  52          0.214
  53          0.108
  54          0.091
  55          0.125
  56          0.080
  57          0.120
  58          0.116
  59          0.154
  60          0.178
  61          0.134
  62          0.159
  63          0.157
  64          0.160
  65          0.150
  66          0.129
  67          0.226
  68          0.333
  69          0.198
  70          0.105
  71          0.134
  72          0.076
  73          0.112
  74          0.137
  75          0.178
  76          0.193
  77          0.176
  78          0.150
  79          0.118
  80          0.166
  81          0.170
  82          0.194
  83          0.155
  84          0.129
  85          0.088
  86          0.088
  87          0.092
  88          0.119
  89          0.084
  90          0.116
  91          0.103
  92          0.125
  93          0.075
  94          0.107
  95          0.058
  96          0.069
  97          0.054
  98          0.092
  99          0.122
 100          0.214
 101          0.282
 102          0.134
 103          0.165
 104          0.150
 105          0.091
 106          0.048
 107          0.035
 108          0.079
 109          0.109
 110          0.144
 111          0.154
 112          0.173
 113          0.073
 114          0.023
 115          0.072
 116          0.090
 117          0.097
 118          0.151
 119          0.139
 120          0.133
 121          0.115
 122          0.131
 123          0.140
 124          0.093
 125          0.107
 126          0.088
 127          0.110
 128          0.102
 129          0.110
 130          0.143
 131          0.150
 132          0.105
 133          0.100
 134          0.085
 135          0.079
 136          0.073
 137          0.067
 138          0.063
 139          0.070
 140          0.039
 141          0.216
 142          0.102
 143          0.047
 144          0.125
 145          0.081
 146          0.041
 147          0.078
 148          0.098
 149          0.109
 150          0.127
 151          0.174
 152          0.239
 153          0.228
 154          0.201
 155          0.120
 156          0.080
 157          0.071
 158          0.079
 159          0.071
 160          0.106
 161          0.088
 162          0.111
 163          0.104
 164          0.056
 165          0.066
 166          0.056
 167          0.071
 168          0.066
 169          0.063
 170          0.070
 171          0.070
 172          0.091
 173          0.079
 174          0.084
 175          0.104
 176          0.069
 177          0.075
 178          0.082
 179          0.076
 180          0.105
 181          0.113
 182          0.110
 183          0.095
 184          0.101
 185          0.143
 186          0.134
 187          0.087
 188          0.109
 189          0.105
 190          0.081
 191          0.084
 192          0.025
 193          0.064
 194          0.038
 195          0.085
 196          0.097
 197          0.147
 198          0.196
 199          0.086
 200          0.088
 201          0.072
 202          0.097
 203          0.081
 204          0.080
 205          0.112
 206          0.073
 207          0.080
 208          0.128
 209          0.078
 210          0.124
 211          0.381
 212          0.480
 213          0.506
 214          0.243
 215          0.084
 216          0.055
 217          0.045
 218          0.068
 219          0.083
 220          0.072
 221          0.062
 222          0.038
 223          0.050
 224          0.047
 225          0.051
 226          0.034
 227          0.055
 228          0.030
 229          0.113
 230          0.111
 231          0.111
 232          0.064
 233          0.035
 234          0.012
 235          0.042
 236          0.086
 237          0.172
 238          0.226
 239          0.366
 240          0.171
 241          0.170
 242          0.172
 243          0.268
 244          0.209
 245          0.083
 246          0.080
 247          0.091
 248          0.086
 249          0.083
 250          0.049
 251          0.095
 252          0.080
 253          0.064
 254          0.065
 255          0.121
 256          0.098
 257          0.088
 258          0.113
 259          0.143
 260          0.109
 261          0.143
 262          0.240
 263          0.305
 264          0.019
 265          0.105
 266          0.099
 267          0.048
 268          0.027
 269          0.038
 270          0.099
 271          0.121
 272          0.135
 273          0.153
 274          0.070
 275          0.065
 276          0.086
 277          0.017
 278          0.096
 279          0.105
 280          0.169
 281          0.182
 282          0.158
 283          0.095
 284          0.095
 285          0.055
 286          0.037
 287          0.070
 288          0.100
 289          0.103
 290          0.163
 291          0.223
 292          0.093
 293          0.087
 294          0.075
 295          0.104
 296          0.137
 297          0.102
 298          0.089
 299          0.118
 300          0.154
 301          0.071
 302          0.070
 303          0.052
 304          0.060
 305          0.085
 306          0.096
 307          0.080
 308          0.079
 309          0.047
 310          0.076
 311          0.080
 312          0.165
 313          0.265
 314          0.254
 315          0.245
 316          0.135
 317          0.096
 318          0.071
 319          0.079
 320          0.152
 321          0.119
 322          0.193
 323          0.096
 324          0.097
 325          0.070
 326          0.084
 327          0.098
 328          0.109
 329          0.086
 330          0.071
 331          0.054
 332          0.072
 333          0.076
 334          0.094
 335          0.196
 336          0.235
 337          0.155
 338          0.090
 339          0.088
 340          0.083
 341          0.077
 342          0.095
 343          0.093
 344          0.100
 345          0.120
 346          0.082
 347          0.086
 348          0.079
 349          0.085
 350          0.085
 351          0.126
 352          0.203
 353          0.266
 354          0.141
 355          0.078
 356          0.105
 357          0.124
 358          0.116
 359          0.079
 360          0.075
 361          0.069
 362          0.085
 363          0.142
 364          0.146
 365          0.142
 366          0.061
 367          0.038
 368          0.055
 369          0.027
 370          0.058
 371          0.041
 372          0.086
 373          0.089
 374          0.096
 375          0.097
 376          0.080
 377          0.099
 378          0.104
 379          0.090
 380          0.057
 381          0.080
 382          0.100
 383          0.108
 384          0.170
 385          0.165
 386          0.126
 387          0.115
 388          0.092
 389          0.061
 390          0.051
 391          0.043
 392          0.132
 393          0.282
 394          0.606
 395          0.550
 396          0.395
 397          0.118
 398          0.054
 399          0.065
 400          0.114
 401          0.093
 402          0.071
 403          0.107
 404          0.127
 405          0.091
 406          0.088
 407          0.080
 408          0.096
 409          0.112
 410          0.029
 411          0.103
 412          0.116
 413          0.126
 414          0.112
 415          0.139
 416          0.117
 417          0.090
 418          0.097
 419          0.054
 420          0.065
 421          0.149
 422          0.189
 423          0.208
 424          0.192
 425          0.149
 426          0.117
 427          0.093
 428          0.084
 429          0.101
 430          0.104
 431          0.115
 432          0.168
 433          0.122
 434          0.104
 435          0.102
 436          0.098
 437          0.094
 438          0.129
 439          0.182
 440          0.252
 441          0.199
 442          0.162
 443          0.163
 444          0.109
 445          0.092
 446          0.091
 447          0.034
 448          0.041
 449          0.032
 450          0.069
 451          0.099
 452          0.122
 453          0.056
 454          0.050
 455          0.050
 456          0.083
 457          0.055
 458          0.078
 459          0.095
 460          0.170
 461          0.185
 462          0.109
 463          0.067
 464          0.091
 465          0.115
 466          0.090
 467          0.089
 468          0.095
 469          0.059
 470          0.089
 471          0.067
 472          0.052
 473          0.043
 474          0.089
 475          0.052
 476          0.124
 477          0.123
 478          0.163
 479          0.106
 480          0.152
 481          0.177
 482          0.213
 483          0.129
 484          0.095
 485          0.069
 486          0.087
 487          0.076

# Average distance: 0.125 nm
