# Atom index    Distance (nm)
   1          0.128
   2          0.092
   3          0.124
   4          0.123
   5          0.091
   6          0.085
   7          0.078
   8          0.032
   9          0.104
  10          0.055
  11          0.060
  12          0.047
  13          0.086
  14          0.125
  15          0.109
  16          0.144
  17          0.093
  18          0.047
  19          0.072
  20          0.052
  21          0.032
  22          0.277
  23          0.198
  24          0.217
  25          0.116
  26          0.107
  27          0.041
  28          0.044
  29          0.058
  30          0.097
  31          0.111
  32          0.170
  33          0.157
  34          0.181
  35          0.173
  36          0.141
  37          0.098
  38          0.082
  39          0.084
  40          0.028
  41          0.030
  42          0.048
  43          0.074
  44          0.111
  45          0.119
  46          0.184
  47          0.204
  48          0.271
  49          0.669
  50          0.711
  51          0.335
  52          0.171
  53          0.113
  54          0.048
  55          0.036
  56          0.024
  57          0.037
  58          0.023
  59          0.109
  60          0.107
  61          0.070
  62          0.030
  63          0.013
  64          0.017
  65          0.095
  66          0.113
  67          0.134
  68          0.151
  69          0.181
  70          0.178
  71          0.137
  72          0.106
  73          0.086
  74          0.028
  75          0.102
  76          0.053
  77          0.068
  78          0.045
  79          0.052
  80          0.124
  81          0.120
  82          0.111
  83          0.071
  84          0.102
  85          0.117
  86          0.151
  87          0.161
  88          0.099
  89          0.087
  90          0.084
  91          0.092
  92          0.135
  93          0.081
  94          0.054
  95          0.060
  96          0.075
  97          0.088
  98          0.133
  99          0.119
 100          0.137
 101          0.127
 102          0.134
 103          0.129
 104          0.138
 105          0.122
 106          0.105
 107          0.100
 108          0.110
 109          0.134
 110          0.117
 111          0.059
 112          0.048
 113          0.062
 114          0.082
 115          0.091
 116          0.121
 117          0.116
 118          0.161
 119          0.165
 120          0.157
 121          0.144
 122          0.118
 123          0.119
 124          0.105
 125          0.096
 126          0.049
 127          0.079
 128          0.092
 129          0.091
 130          0.113
 131          0.116
 132          0.117
 133          0.105
 134          0.126
 135          0.068
 136          0.076
 137          0.041
 138          0.055
 139          0.088
 140          0.116
 141          0.204
 142          0.148
 143          0.129
 144          0.155
 145          0.101
 146          0.075
 147          0.079
 148          0.027
 149          0.015
 150          0.050
 151          0.114
 152          0.102
 153          0.094
 154          0.037
 155          0.130
 156          0.077
 157          0.026
 158          0.064
 159          0.095
 160          0.107
 161          0.077
 162          0.139
 163          0.082
 164          0.023
 165          0.041
 166          0.065
 167          0.048
 168          0.018
 169          0.052
 170          0.050
 171          0.036
 172          0.069
 173          0.104
 174          0.102
 175          0.109
 176          0.132
 177          0.066
 178          0.069
 179          0.083
 180          0.088
 181          0.063
 182          0.047
 183          0.070
 184          0.060
 185          0.069
 186          0.063
 187          0.088
 188          0.094
 189          0.071
 190          0.045
 191          0.043
 192          0.115
 193          0.167
 194          0.152
 195          0.150
 196          0.107
 197          0.139
 198          0.186
 199          0.133
 200          0.076
 201          0.143
 202          0.203
 203          0.123
 204          0.096
 205          0.162
 206          0.119
 207          0.110
 208          0.104
 209          0.116
 210          0.113
 211          0.057
 212          0.057
 213          0.065
 214          0.091
 215          0.097
 216          0.099
 217          0.111
 218          0.090
 219          0.088
 220          0.105
 221          0.074
 222          0.070
 223          0.055
 224          0.074
 225          0.125
 226          0.076
 227          0.054
 228          0.238
 229          0.182
 230          0.213
 231          0.123
 232          0.092
 233          0.065
 234          0.172
 235          0.273
 236          0.200
 237          0.125
 238          0.133
 239          0.071
 240          0.065
 241          0.096
 242          0.068
 243          0.065
 244          0.071
 245          0.084
 246          0.061
 247          0.065
 248          0.082
 249          0.052
 250          0.043
 251          0.082
 252          0.075
 253          0.065
 254          0.055
 255          0.056
 256          0.023
 257          0.029
 258          0.029
 259          0.051
 260          0.056
 261          0.025
 262          0.062
 263          0.104
 264          0.088
 265          0.101
 266          0.087
 267          0.030
 268          0.027
 269          0.064
 270          0.073
 271          0.058
 272          0.039
 273          0.067
 274          0.056
 275          0.031
 276          0.041
 277          0.055
 278          0.055
 279          0.066
 280          0.080
 281          0.163
 282          0.114
 283          0.083
 284          0.077
 285          0.099
 286          0.059
 287          0.063
 288          0.066
 289          0.056
 290          0.080
 291          0.051
 292          0.026
 293          0.029
 294          0.026
 295          0.152
 296          0.159
 297          0.130
 298          0.083
 299          0.074
 300          0.077
 301          0.063
 302          0.062
 303          0.067
 304          0.063
 305          0.095
 306          0.097
 307          0.077
 308          0.070
 309          0.084
 310          0.094
 311          0.092
 312          0.083
 313          0.108
 314          0.079
 315          0.077
 316          0.081
 317          0.114
 318          0.097
 319          0.087
 320          0.119
 321          0.100
 322          0.096
 323          0.108
 324          0.090
 325          0.052
 326          0.037
 327          0.060
 328          0.057
 329          0.073
 330          0.199
 331          0.215
 332          0.150
 333          0.085
 334          0.090
 335          0.096
 336          0.109
 337          0.080
 338          0.072
 339          0.065
 340          0.075
 341          0.100
 342          0.092
 343          0.116
 344          0.106
 345          0.084
 346          0.105
 347          0.060
 348          0.070
 349          0.083
 350          0.077
 351          0.107
 352          0.105
 353          0.089
 354          0.120
 355          0.070
 356          0.086
 357          0.091
 358          0.094
 359          0.103
 360          0.029
 361          0.061
 362          0.130
 363          0.147
 364          0.149
 365          0.096
 366          0.081
 367          0.086
 368          0.082
 369          0.052
 370          0.054
 371          0.068
 372          0.090
 373          0.061
 374          0.030
 375          0.043
 376          0.027
 377          0.030
 378          0.024
 379          0.038
 380          0.081
 381          0.065
 382          0.065
 383          0.060
 384          0.145
 385          0.040
 386          0.079
 387          0.116
 388          0.080
 389          0.087
 390          0.103
 391          0.115
 392          0.177
 393          0.204
 394          0.252
 395          0.266
 396          0.203
 397          0.122
 398          0.144
 399          0.136
 400          0.110
 401          0.145
 402          0.141
 403          0.160
 404          0.130
 405          0.088
 406          0.090
 407          0.061
 408          0.066
 409          0.047
 410          0.048
 411          0.056
 412          0.055
 413          0.140
 414          0.102
 415          0.107
 416          0.118
 417          0.017
 418          0.050
 419          0.051
 420          0.072
 421          0.117
 422          0.112
 423          0.110
 424          0.100
 425          0.093
 426          0.096
 427          0.083
 428          0.092
 429          0.087
 430          0.268
 431          0.126
 432          0.168
 433          0.144
 434          0.128
 435          0.107
 436          0.136
 437          0.124
 438          0.092
 439          0.080
 440          0.139
 441          0.130
 442          0.121
 443          0.112
 444          0.066
 445          0.097
 446          0.093
 447          0.076
 448          0.052
 449          0.059
 450          0.058
 451          0.087
 452          0.088
 453          0.066
 454          0.053
 455          0.057
 456          0.076
 457          0.058
 458          0.064
 459          0.065
 460          0.071
 461          0.087
 462          0.100
 463          0.055
 464          0.048
 465          0.061
 466          0.095
 467          0.174
 468          0.171
 469          0.165
 470          0.192
 471          0.154
 472          0.106
 473          0.113
 474          0.099
 475          0.139
 476          0.055
 477          0.063
 478          0.068
 479          0.141
 480          0.182
 481          0.128
 482          0.083
 483          0.072
 484          0.076
 485          0.056
 486          0.070
 487          0.042

# Average distance: 0.097 nm
