# Atom index    Distance (nm)
   1          0.169
   2          0.290
   3          0.355
   4          0.237
   5          0.131
   6          0.116
   7          0.140
   8          0.145
   9          0.149
  10          0.065
  11          0.059
  12          0.100
  13          0.076
  14          0.039
  15          0.043
  16          0.079
  17          0.099
  18          0.111
  19          0.108
  20          0.058
  21          0.140
  22          0.215
  23          0.067
  24          0.104
  25          0.073
  26          0.093
  27          0.108
  28          0.103
  29          0.148
  30          0.146
  31          0.155
  32          0.123
  33          0.125
  34          0.102
  35          0.168
  36          0.170
  37          0.145
  38          0.156
  39          0.149
  40          0.129
  41          0.138
  42          0.154
  43          0.172
  44          0.233
  45          0.041
  46          0.162
  47          0.204
  48          0.090
  49          0.173
  50          0.242
  51          0.220
  52          0.315
  53          0.185
  54          0.124
  55          0.111
  56          0.108
  57          0.138
  58          0.119
  59          0.118
  60          0.085
  61          0.110
  62          0.127
  63          0.121
  64          0.126
  65          0.133
  66          0.169
  67          0.148
  68          0.110
  69          0.106
  70          0.076
  71          0.166
  72          0.097
  73          0.095
  74          0.094
  75          0.070
  76          0.098
  77          0.122
  78          0.131
  79          0.129
  80          0.142
  81          0.163
  82          0.165
  83          0.124
  84          0.095
  85          0.100
  86          0.185
  87          0.074
  88          0.006
  89          0.041
  90          0.064
  91          0.042
  92          0.054
  93          0.082
  94          0.042
  95          0.064
  96          0.026
  97          0.065
  98          0.077
  99          0.094
 100          0.105
 101          0.132
 102          0.109
 103          0.114
 104          0.137
 105          0.101
 106          0.171
 107          0.176
 108          0.184
 109          0.209
 110          0.188
 111          0.094
 112          0.104
 113          0.112
 114          0.145
 115          0.094
 116          0.125
 117          0.108
 118          0.148
 119          0.118
 120          0.081
 121          0.046
 122          0.047
 123          0.060
 124          0.051
 125          0.041
 126          0.056
 127          0.027
 128          0.069
 129          0.087
 130          0.008
 131          0.041
 132          0.056
 133          0.072
 134          0.149
 135          0.088
 136          0.083
 137          0.079
 138          0.089
 139          0.081
 140          0.045
 141          0.025
 142          0.041
 143          0.061
 144          0.055
 145          0.069
 146          0.079
 147          0.071
 148          0.073
 149          0.076
 150          0.115
 151          0.156
 152          0.155
 153          0.145
 154          0.108
 155          0.042
 156          0.035
 157          0.077
 158          0.086
 159          0.015
 160          0.021
 161          0.049
 162          0.080
 163          0.211
 164          0.123
 165          0.101
 166          0.111
 167          0.099
 168          0.074
 169          0.056
 170          0.056
 171          0.070
 172          0.109
 173          0.177
 174          0.160
 175          0.111
 176          0.122
 177          0.104
 178          0.062
 179          0.062
 180          0.065
 181          0.130
 182          0.138
 183          0.126
 184          0.111
 185          0.103
 186          0.098
 187          0.137
 188          0.130
 189          0.114
 190          0.117
 191          0.116
 192          0.098
 193          0.098
 194          0.076
 195          0.075
 196          0.026
 197          0.102
 198          0.174
 199          0.095
 200          0.107
 201          0.145
 202          0.181
 203          0.148
 204          0.159
 205          0.121
 206          0.101
 207          0.076
 208          0.080
 209          0.051
 210          0.097
 211          0.088
 212          0.073
 213          0.163
 214          0.080
 215          0.073
 216          0.048
 217          0.059
 218          0.074
 219          0.077
 220          0.105
 221          0.126
 222          0.098
 223          0.109
 224          0.066
 225          0.059
 226          0.037
 227          0.062
 228          0.100
 229          0.119
 230          0.088
 231          0.041
 232          0.086
 233          0.091
 234          0.037
 235          0.035
 236          0.073
 237          0.156
 238          0.053
 239          0.176
 240          0.070
 241          0.049
 242          0.048
 243          0.067
 244          0.098
 245          0.093
 246          0.065
 247          0.078
 248          0.044
 249          0.088
 250          0.077
 251          0.067
 252          0.064
 253          0.061
 254          0.037
 255          0.058
 256          0.042
 257          0.020
 258          0.049
 259          0.052
 260          0.076
 261          0.062
 262          0.222
 263          0.091
 264          0.033
 265          0.025
 266          0.037
 267          0.025
 268          0.065
 269          0.070
 270          0.053
 271          0.039
 272          0.044
 273          0.084
 274          0.134
 275          0.121
 276          0.100
 277          0.068
 278          0.026
 279          0.028
 280          0.038
 281          0.023
 282          0.020
 283          0.016
 284          0.039
 285          0.079
 286          0.076
 287          0.051
 288          0.043
 289          0.051
 290          0.055
 291          0.140
 292          0.117
 293          0.154
 294          0.164
 295          0.128
 296          0.094
 297          0.127
 298          0.103
 299          0.118
 300          0.177
 301          0.057
 302          0.052
 303          0.090
 304          0.114
 305          0.097
 306          0.130
 307          0.126
 308          0.146
 309          0.131
 310          0.138
 311          0.110
 312          0.120
 313          0.221
 314          0.190
 315          0.152
 316          0.121
 317          0.149
 318          0.173
 319          0.132
 320          0.213
 321          0.204
 322          0.243
 323          0.201
 324          0.206
 325          0.164
 326          0.093
 327          0.117
 328          0.147
 329          0.118
 330          0.122
 331          0.072
 332          0.024
 333          0.058
 334          0.088
 335          0.114
 336          0.106
 337          0.138
 338          0.082
 339          0.021
 340          0.074
 341          0.086
 342          0.107
 343          0.099
 344          0.089
 345          0.069
 346          0.089
 347          0.093
 348          0.095
 349          0.070
 350          0.092
 351          0.122
 352          0.144
 353          0.132
 354          0.109
 355          0.112
 356          0.112
 357          0.107
 358          0.148
 359          0.126
 360          0.091
 361          0.075
 362          0.102
 363          0.053
 364          0.074
 365          0.153
 366          0.160
 367          0.115
 368          0.105
 369          0.044
 370          0.021
 371          0.009
 372          0.035
 373          0.026
 374          0.076
 375          0.061
 376          0.046
 377          0.051
 378          0.044
 379          0.088
 380          0.091
 381          0.083
 382          0.051
 383          0.104
 384          0.039
 385          0.070
 386          0.119
 387          0.125
 388          0.097
 389          0.096
 390          0.050
 391          0.082
 392          0.101
 393          0.172
 394          0.183
 395          0.182
 396          0.122
 397          0.134
 398          0.144
 399          0.141
 400          0.121
 401          0.144
 402          0.155
 403          0.139
 404          0.143
 405          0.148
 406          0.103
 407          0.113
 408          0.107
 409          0.112
 410          0.121
 411          0.130
 412          0.113
 413          0.101
 414          0.099
 415          0.076
 416          0.095
 417          0.095
 418          0.081
 419          0.115
 420          0.110
 421          0.100
 422          0.089
 423          0.065
 424          0.104
 425          0.141
 426          0.125
 427          0.121
 428          0.114
 429          0.095
 430          0.177
 431          0.116
 432          0.056
 433          0.034
 434          0.075
 435          0.097
 436          0.123
 437          0.130
 438          0.137
 439          0.117
 440          0.131
 441          0.112
 442          0.087
 443          0.070
 444          0.079
 445          0.063
 446          0.063
 447          0.038
 448          0.017
 449          0.041
 450          0.051
 451          0.098
 452          0.110
 453          0.018
 454          0.045
 455          0.079
 456          0.045
 457          0.062
 458          0.064
 459          0.039
 460          0.057
 461          0.057
 462          0.041
 463          0.049
 464          0.059
 465          0.044
 466          0.055
 467          0.150
 468          0.163
 469          0.156
 470          0.160
 471          0.112
 472          0.121
 473          0.054
 474          0.081
 475          0.122
 476          0.090
 477          0.079
 478          0.083
 479          0.047
 480          0.058
 481          0.070
 482          0.108
 483          0.087
 484          0.111
 485          0.066
 486          0.038
 487          0.057

# Average distance: 0.100 nm
