# Atom index    Distance (nm)
   1          0.030
   2          0.127
   3          0.089
   4          0.084
   5          0.087
   6          0.132
   7          0.119
   8          0.082
   9          0.086
  10          0.109
  11          0.095
  12          0.100
  13          0.127
  14          0.104
  15          0.089
  16          0.089
  17          0.130
  18          0.127
  19          0.129
  20          0.128
  21          0.145
  22          0.075
  23          0.213
  24          0.190
  25          0.134
  26          0.118
  27          0.101
  28          0.112
  29          0.089
  30          0.095
  31          0.136
  32          0.184
  33          0.188
  34          0.138
  35          0.065
  36          0.077
  37          0.102
  38          0.116
  39          0.102
  40          0.055
  41          0.060
  42          0.045
  43          0.064
  44          0.117
  45          0.314
  46          0.644
  47          0.728
  48          0.883
  49          0.655
  50          0.443
  51          0.242
  52          0.133
  53          0.126
  54          0.073
  55          0.071
  56          0.076
  57          0.080
  58          0.073
  59          0.087
  60          0.078
  61          0.066
  62          0.089
  63          0.041
  64          0.034
  65          0.057
  66          0.059
  67          0.066
  68          0.082
  69          0.082
  70          0.092
  71          0.024
  72          0.061
  73          0.090
  74          0.105
  75          0.100
  76          0.095
  77          0.057
  78          0.095
  79          0.056
  80          0.097
  81          0.111
  82          0.075
  83          0.083
  84          0.100
  85          0.083
  86          0.107
  87          0.133
  88          0.080
  89          0.094
  90          0.052
  91          0.055
  92          0.060
  93          0.059
  94          0.057
  95          0.062
  96          0.063
  97          0.123
  98          0.137
  99          0.145
 100          0.137
 101          0.115
 102          0.088
 103          0.117
 104          0.107
 105          0.129
 106          0.120
 107          0.105
 108          0.096
 109          0.105
 110          0.073
 111          0.066
 112          0.108
 113          0.068
 114          0.074
 115          0.086
 116          0.057
 117          0.065
 118          0.133
 119          0.142
 120          0.116
 121          0.125
 122          0.112
 123          0.117
 124          0.109
 125          0.064
 126          0.064
 127          0.083
 128          0.056
 129          0.044
 130          0.066
 131          0.087
 132          0.019
 133          0.012
 134          0.023
 135          0.028
 136          0.016
 137          0.059
 138          0.069
 139          0.083
 140          0.069
 141          0.030
 142          0.052
 143          0.062
 144          0.060
 145          0.052
 146          0.043
 147          0.049
 148          0.040
 149          0.084
 150          0.095
 151          0.126
 152          0.077
 153          0.094
 154          0.103
 155          0.068
 156          0.069
 157          0.061
 158          0.037
 159          0.039
 160          0.040
 161          0.040
 162          0.055
 163          0.069
 164          0.043
 165          0.021
 166          0.039
 167          0.036
 168          0.011
 169          0.019
 170          0.044
 171          0.039
 172          0.022
 173          0.045
 174          0.056
 175          0.087
 176          0.213
 177          0.203
 178          0.127
 179          0.117
 180          0.127
 181          0.125
 182          0.065
 183          0.036
 184          0.021
 185          0.101
 186          0.058
 187          0.019
 188          0.035
 189          0.040
 190          0.080
 191          0.112
 192          0.241
 193          0.244
 194          0.255
 195          0.130
 196          0.066
 197          0.050
 198          0.067
 199          0.159
 200          0.149
 201          0.277
 202          0.309
 203          0.174
 204          0.188
 205          0.120
 206          0.071
 207          0.093
 208          0.097
 209          0.127
 210          0.197
 211          0.222
 212          0.340
 213          0.346
 214          0.195
 215          0.134
 216          0.067
 217          0.063
 218          0.082
 219          0.127
 220          0.213
 221          0.149
 222          0.079
 223          0.060
 224          0.024
 225          0.027
 226          0.061
 227          0.125
 228          0.105
 229          0.201
 230          0.295
 231          0.279
 232          0.182
 233          0.071
 234          0.072
 235          0.101
 236          0.052
 237          0.038
 238          0.094
 239          0.099
 240          0.058
 241          0.101
 242          0.115
 243          0.123
 244          0.089
 245          0.108
 246          0.087
 247          0.037
 248          0.090
 249          0.046
 250          0.032
 251          0.041
 252          0.057
 253          0.036
 254          0.048
 255          0.079
 256          0.076
 257          0.065
 258          0.028
 259          0.046
 260          0.038
 261          0.047
 262          0.021
 263          0.038
 264          0.118
 265          0.029
 266          0.039
 267          0.025
 268          0.031
 269          0.038
 270          0.124
 271          0.345
 272          0.219
 273          0.115
 274          0.050
 275          0.008
 276          0.021
 277          0.035
 278          0.021
 279          0.030
 280          0.067
 281          0.044
 282          0.046
 283          0.050
 284          0.129
 285          0.097
 286          0.064
 287          0.035
 288          0.032
 289          0.019
 290          0.083
 291          0.092
 292          0.047
 293          0.069
 294          0.105
 295          0.118
 296          0.102
 297          0.019
 298          0.018
 299          0.039
 300          0.012
 301          0.039
 302          0.061
 303          0.054
 304          0.111
 305          0.097
 306          0.069
 307          0.037
 308          0.037
 309          0.045
 310          0.053
 311          0.062
 312          0.061
 313          0.111
 314          0.104
 315          0.065
 316          0.039
 317          0.045
 318          0.041
 319          0.038
 320          0.039
 321          0.018
 322          0.042
 323          0.079
 324          0.111
 325          0.124
 326          0.102
 327          0.112
 328          0.050
 329          0.052
 330          0.041
 331          0.039
 332          0.069
 333          0.085
 334          0.082
 335          0.095
 336          0.181
 337          0.073
 338          0.049
 339          0.037
 340          0.057
 341          0.089
 342          0.052
 343          0.028
 344          0.048
 345          0.053
 346          0.118
 347          0.064
 348          0.068
 349          0.056
 350          0.061
 351          0.128
 352          0.071
 353          0.028
 354          0.111
 355          0.052
 356          0.050
 357          0.050
 358          0.061
 359          0.039
 360          0.028
 361          0.050
 362          0.088
 363          0.080
 364          0.082
 365          0.116
 366          0.073
 367          0.060
 368          0.075
 369          0.034
 370          0.040
 371          0.040
 372          0.046
 373          0.038
 374          0.060
 375          0.040
 376          0.040
 377          0.060
 378          0.079
 379          0.072
 380          0.076
 381          0.045
 382          0.069
 383          0.037
 384          0.065
 385          0.108
 386          0.115
 387          0.065
 388          0.092
 389          0.101
 390          0.129
 391          0.138
 392          0.111
 393          0.162
 394          0.221
 395          0.147
 396          0.107
 397          0.090
 398          0.106
 399          0.122
 400          0.160
 401          0.141
 402          0.095
 403          0.170
 404          0.211
 405          0.126
 406          0.098
 407          0.106
 408          0.113
 409          0.072
 410          0.074
 411          0.059
 412          0.058
 413          0.075
 414          0.057
 415          0.056
 416          0.083
 417          0.048
 418          0.058
 419          0.096
 420          0.054
 421          0.062
 422          0.056
 423          0.090
 424          0.158
 425          0.055
 426          0.071
 427          0.131
 428          0.161
 429          0.145
 430          0.193
 431          0.157
 432          0.143
 433          0.116
 434          0.104
 435          0.094
 436          0.133
 437          0.141
 438          0.146
 439          0.089
 440          0.055
 441          0.101
 442          0.109
 443          0.120
 444          0.114
 445          0.107
 446          0.091
 447          0.076
 448          0.062
 449          0.019
 450          0.014
 451          0.019
 452          0.176
 453          0.056
 454          0.058
 455          0.050
 456          0.048
 457          0.116
 458          0.121
 459          0.139
 460          0.229
 461          0.175
 462          0.191
 463          0.145
 464          0.127
 465          0.126
 466          0.138
 467          0.161
 468          0.151
 469          0.072
 470          0.178
 471          0.175
 472          0.134
 473          0.126
 474          0.167
 475          0.238
 476          0.204
 477          0.144
 478          0.073
 479          0.062
 480          0.145
 481          0.208
 482          0.145
 483          0.078
 484          0.063
 485          0.069
 486          0.063
 487          0.047

# Average distance: 0.097 nm
