# Atom index    Distance (nm)
   1          0.415
   2          0.043
   3          0.508
   4          0.364
   5          0.312
   6          0.215
   7          0.034
   8          0.066
   9          0.054
  10          0.061
  11          0.040
  12          0.068
  13          0.067
  14          0.072
  15          0.039
  16          0.043
  17          0.071
  18          0.065
  19          0.086
  20          0.087
  21          0.112
  22          0.304
  23          0.238
  24          0.199
  25          0.096
  26          0.175
  27          0.176
  28          0.085
  29          0.093
  30          0.096
  31          0.067
  32          0.085
  33          0.077
  34          0.082
  35          0.047
  36          0.058
  37          0.060
  38          0.097
  39          0.101
  40          0.065
  41          0.147
  42          0.176
  43          0.138
  44          0.073
  45          0.226
  46          0.334
  47          0.283
  48          0.211
  49          0.388
  50          0.229
  51          0.215
  52          0.217
  53          0.066
  54          0.033
  55          0.069
  56          0.065
  57          0.133
  58          0.120
  59          0.143
  60          0.133
  61          0.116
  62          0.135
  63          0.104
  64          0.109
  65          0.106
  66          0.128
  67          0.169
  68          0.228
  69          0.228
  70          0.265
  71          0.247
  72          0.174
  73          0.162
  74          0.151
  75          0.091
  76          0.096
  77          0.118
  78          0.141
  79          0.078
  80          0.061
  81          0.066
  82          0.051
  83          0.080
  84          0.090
  85          0.082
  86          0.153
  87          0.162
  88          0.045
  89          0.068
  90          0.058
  91          0.087
  92          0.042
  93          0.035
  94          0.030
  95          0.070
  96          0.050
  97          0.044
  98          0.072
  99          0.110
 100          0.114
 101          0.217
 102          0.246
 103          0.201
 104          0.139
 105          0.086
 106          0.070
 107          0.146
 108          0.149
 109          0.105
 110          0.099
 111          0.102
 112          0.135
 113          0.129
 114          0.114
 115          0.125
 116          0.154
 117          0.122
 118          0.126
 119          0.129
 120          0.074
 121          0.041
 122          0.031
 123          0.066
 124          0.073
 125          0.061
 126          0.079
 127          0.062
 128          0.043
 129          0.047
 130          0.040
 131          0.056
 132          0.089
 133          0.066
 134          0.033
 135          0.036
 136          0.060
 137          0.095
 138          0.083
 139          0.127
 140          0.125
 141          0.145
 142          0.146
 143          0.098
 144          0.089
 145          0.084
 146          0.095
 147          0.052
 148          0.065
 149          0.059
 150          0.084
 151          0.122
 152          0.192
 153          0.203
 154          0.161
 155          0.061
 156          0.022
 157          0.041
 158          0.029
 159          0.061
 160          0.080
 161          0.091
 162          0.111
 163          0.070
 164          0.079
 165          0.087
 166          0.118
 167          0.037
 168          0.061
 169          0.045
 170          0.050
 171          0.029
 172          0.013
 173          0.063
 174          0.076
 175          0.119
 176          0.212
 177          0.173
 178          0.078
 179          0.115
 180          0.090
 181          0.080
 182          0.129
 183          0.078
 184          0.034
 185          0.023
 186          0.020
 187          0.060
 188          0.068
 189          0.069
 190          0.074
 191          0.048
 192          0.055
 193          0.086
 194          0.059
 195          0.057
 196          0.044
 197          0.058
 198          0.108
 199          0.110
 200          0.123
 201          0.200
 202          0.216
 203          0.044
 204          0.021
 205          0.083
 206          0.055
 207          0.048
 208          0.074
 209          0.133
 210          0.089
 211          0.076
 212          0.052
 213          0.060
 214          0.106
 215          0.083
 216          0.088
 217          0.084
 218          0.086
 219          0.103
 220          0.090
 221          0.137
 222          0.192
 223          0.158
 224          0.119
 225          0.101
 226          0.075
 227          0.049
 228          0.115
 229          0.134
 230          0.131
 231          0.193
 232          0.072
 233          0.092
 234          0.089
 235          0.099
 236          0.094
 237          0.209
 238          0.292
 239          0.555
 240          0.283
 241          0.294
 242          0.298
 243          0.233
 244          0.221
 245          0.080
 246          0.123
 247          0.144
 248          0.151
 249          0.156
 250          0.162
 251          0.173
 252          0.118
 253          0.105
 254          0.107
 255          0.126
 256          0.075
 257          0.065
 258          0.086
 259          0.093
 260          0.094
 261          0.090
 262          0.084
 263          0.106
 264          0.131
 265          0.115
 266          0.103
 267          0.063
 268          0.079
 269          0.100
 270          0.139
 271          0.150
 272          0.147
 273          0.132
 274          0.112
 275          0.063
 276          0.042
 277          0.067
 278          0.079
 279          0.153
 280          0.139
 281          0.121
 282          0.119
 283          0.121
 284          0.122
 285          0.077
 286          0.080
 287          0.052
 288          0.076
 289          0.072
 290          0.141
 291          0.114
 292          0.094
 293          0.047
 294          0.039
 295          0.126
 296          0.189
 297          0.129
 298          0.077
 299          0.037
 300          0.020
 301          0.091
 302          0.111
 303          0.111
 304          0.149
 305          0.155
 306          0.159
 307          0.095
 308          0.073
 309          0.102
 310          0.086
 311          0.105
 312          0.111
 313          0.156
 314          0.087
 315          0.149
 316          0.058
 317          0.079
 318          0.070
 319          0.093
 320          0.102
 321          0.108
 322          0.105
 323          0.095
 324          0.103
 325          0.098
 326          0.092
 327          0.095
 328          0.081
 329          0.045
 330          0.059
 331          0.094
 332          0.101
 333          0.035
 334          0.086
 335          0.106
 336          0.193
 337          0.126
 338          0.076
 339          0.043
 340          0.060
 341          0.059
 342          0.088
 343          0.065
 344          0.029
 345          0.130
 346          0.111
 347          0.043
 348          0.051
 349          0.067
 350          0.060
 351          0.033
 352          0.072
 353          0.172
 354          0.209
 355          0.161
 356          0.077
 357          0.098
 358          0.090
 359          0.037
 360          0.049
 361          0.075
 362          0.054
 363          0.069
 364          0.040
 365          0.107
 366          0.066
 367          0.060
 368          0.055
 369          0.056
 370          0.041
 371          0.059
 372          0.066
 373          0.053
 374          0.041
 375          0.034
 376          0.064
 377          0.062
 378          0.065
 379          0.064
 380          0.065
 381          0.025
 382          0.071
 383          0.052
 384          0.111
 385          0.069
 386          0.049
 387          0.039
 388          0.029
 389          0.045
 390          0.051
 391          0.094
 392          0.144
 393          0.233
 394          0.102
 395          0.099
 396          0.091
 397          0.054
 398          0.062
 399          0.080
 400          0.074
 401          0.081
 402          0.092
 403          0.090
 404          0.086
 405          0.059
 406          0.057
 407          0.080
 408          0.078
 409          0.066
 410          0.076
 411          0.078
 412          0.056
 413          0.162
 414          0.149
 415          0.078
 416          0.152
 417          0.056
 418          0.024
 419          0.050
 420          0.105
 421          0.094
 422          0.087
 423          0.088
 424          0.053
 425          0.057
 426          0.082
 427          0.021
 428          0.034
 429          0.033
 430          0.318
 431          0.239
 432          0.059
 433          0.016
 434          0.060
 435          0.071
 436          0.039
 437          0.025
 438          0.036
 439          0.035
 440          0.098
 441          0.021
 442          0.075
 443          0.037
 444          0.044
 445          0.073
 446          0.041
 447          0.030
 448          0.078
 449          0.069
 450          0.043
 451          0.084
 452          0.146
 453          0.149
 454          0.062
 455          0.091
 456          0.105
 457          0.075
 458          0.059
 459          0.034
 460          0.071
 461          0.074
 462          0.066
 463          0.073
 464          0.070
 465          0.089
 466          0.098
 467          0.106
 468          0.138
 469          0.136
 470          0.134
 471          0.138
 472          0.120
 473          0.074
 474          0.069
 475          0.149
 476          0.165
 477          0.247
 478          0.193
 479          0.164
 480          0.100
 481          0.177
 482          0.233
 483          0.179
 484          0.090
 485          0.014
 486          0.034
 487          0.021

# Average distance: 0.102 nm
