# Atom index    Distance (nm)
   1          0.693
   2          0.329
   3          0.151
   4          0.141
   5          0.128
   6          0.064
   7          0.047
   8          0.062
   9          0.076
  10          0.044
  11          0.070
  12          0.067
  13          0.066
  14          0.087
  15          0.032
  16          0.032
  17          0.011
  18          0.029
  19          0.067
  20          0.128
  21          0.124
  22          0.165
  23          0.200
  24          0.197
  25          0.149
  26          0.102
  27          0.092
  28          0.061
  29          0.083
  30          0.057
  31          0.044
  32          0.033
  33          0.050
  34          0.085
  35          0.080
  36          0.105
  37          0.069
  38          0.048
  39          0.069
  40          0.053
  41          0.061
  42          0.065
  43          0.063
  44          0.073
  45          0.061
  46          0.136
  47          0.120
  48          0.102
  49          0.185
  50          0.237
  51          0.144
  52          0.156
  53          0.061
  54          0.065
  55          0.041
  56          0.039
  57          0.057
  58          0.066
  59          0.122
  60          0.113
  61          0.092
  62          0.090
  63          0.082
  64          0.070
  65          0.065
  66          0.050
  67          0.111
  68          0.212
  69          0.082
  70          0.129
  71          0.124
  72          0.088
  73          0.074
  74          0.088
  75          0.080
  76          0.084
  77          0.132
  78          0.092
  79          0.105
  80          0.155
  81          0.153
  82          0.120
  83          0.078
  84          0.048
  85          0.080
  86          0.066
  87          0.068
  88          0.041
  89          0.042
  90          0.047
  91          0.076
  92          0.057
  93          0.052
  94          0.039
  95          0.025
  96          0.014
  97          0.029
  98          0.033
  99          0.093
 100          0.061
 101          0.120
 102          0.112
 103          0.054
 104          0.027
 105          0.048
 106          0.025
 107          0.048
 108          0.056
 109          0.107
 110          0.100
 111          0.084
 112          0.065
 113          0.058
 114          0.052
 115          0.033
 116          0.045
 117          0.046
 118          0.081
 119          0.073
 120          0.073
 121          0.073
 122          0.075
 123          0.030
 124          0.016
 125          0.035
 126          0.036
 127          0.075
 128          0.071
 129          0.059
 130          0.059
 131          0.043
 132          0.041
 133          0.057
 134          0.043
 135          0.018
 136          0.037
 137          0.025
 138          0.003
 139          0.041
 140          0.025
 141          0.124
 142          0.063
 143          0.053
 144          0.081
 145          0.049
 146          0.061
 147          0.041
 148          0.015
 149          0.028
 150          0.030
 151          0.052
 152          0.039
 153          0.039
 154          0.034
 155          0.024
 156          0.024
 157          0.034
 158          0.053
 159          0.098
 160          0.102
 161          0.069
 162          0.069
 163          0.030
 164          0.085
 165          0.100
 166          0.142
 167          0.067
 168          0.031
 169          0.031
 170          0.046
 171          0.049
 172          0.054
 173          0.030
 174          0.048
 175          0.025
 176          0.029
 177          0.059
 178          0.044
 179          0.035
 180          0.049
 181          0.055
 182          0.026
 183          0.033
 184          0.036
 185          0.077
 186          0.025
 187          0.032
 188          0.066
 189          0.056
 190          0.060
 191          0.028
 192          0.036
 193          0.077
 194          0.081
 195          0.034
 196          0.079
 197          0.108
 198          0.143
 199          0.171
 200          0.155
 201          0.120
 202          0.129
 203          0.093
 204          0.090
 205          0.102
 206          0.077
 207          0.080
 208          0.074
 209          0.014
 210          0.019
 211          0.035
 212          0.037
 213          0.107
 214          0.058
 215          0.073
 216          0.041
 217          0.028
 218          0.101
 219          0.127
 220          0.100
 221          0.129
 222          0.096
 223          0.012
 224          0.055
 225          0.045
 226          0.030
 227          0.029
 228          0.057
 229          0.016
 230          0.039
 231          0.120
 232          0.048
 233          0.049
 234          0.061
 235          0.099
 236          0.023
 237          0.185
 238          0.086
 239          0.133
 240          0.122
 241          0.086
 242          0.104
 243          0.112
 244          0.100
 245          0.096
 246          0.025
 247          0.047
 248          0.028
 249          0.045
 250          0.044
 251          0.058
 252          0.042
 253          0.023
 254          0.086
 255          0.100
 256          0.133
 257          0.093
 258          0.057
 259          0.026
 260          0.073
 261          0.060
 262          0.108
 263          0.052
 264          0.073
 265          0.070
 266          0.065
 267          0.023
 268          0.054
 269          0.131
 270          0.150
 271          0.173
 272          0.186
 273          0.138
 274          0.067
 275          0.028
 276          0.060
 277          0.075
 278          0.098
 279          0.099
 280          0.107
 281          0.120
 282          0.103
 283          0.117
 284          0.124
 285          0.091
 286          0.066
 287          0.057
 288          0.083
 289          0.115
 290          0.100
 291          0.086
 292          0.099
 293          0.095
 294          0.099
 295          0.086
 296          0.093
 297          0.067
 298          0.067
 299          0.025
 300          0.081
 301          0.130
 302          0.179
 303          0.173
 304          0.152
 305          0.168
 306          0.170
 307          0.160
 308          0.139
 309          0.121
 310          0.086
 311          0.039
 312          0.072
 313          0.127
 314          0.115
 315          0.071
 316          0.022
 317          0.049
 318          0.078
 319          0.127
 320          0.131
 321          0.097
 322          0.120
 323          0.068
 324          0.098
 325          0.035
 326          0.114
 327          0.045
 328          0.064
 329          0.055
 330          0.051
 331          0.073
 332          0.038
 333          0.070
 334          0.077
 335          0.090
 336          0.041
 337          0.029
 338          0.048
 339          0.076
 340          0.082
 341          0.053
 342          0.026
 343          0.023
 344          0.052
 345          0.086
 346          0.090
 347          0.101
 348          0.095
 349          0.086
 350          0.066
 351          0.048
 352          0.087
 353          0.082
 354          0.083
 355          0.050
 356          0.070
 357          0.060
 358          0.062
 359          0.059
 360          0.149
 361          0.110
 362          0.106
 363          0.111
 364          0.068
 365          0.079
 366          0.087
 367          0.099
 368          0.040
 369          0.071
 370          0.077
 371          0.048
 372          0.061
 373          0.085
 374          0.090
 375          0.086
 376          0.068
 377          0.057
 378          0.058
 379          0.054
 380          0.025
 381          0.031
 382          0.034
 383          0.038
 384          0.077
 385          0.063
 386          0.065
 387          0.010
 388          0.039
 389          0.034
 390          0.061
 391          0.048
 392          0.016
 393          0.086
 394          0.040
 395          0.086
 396          0.067
 397          0.068
 398          0.019
 399          0.007
 400          0.060
 401          0.062
 402          0.013
 403          0.032
 404          0.038
 405          0.044
 406          0.072
 407          0.038
 408          0.023
 409          0.087
 410          0.071
 411          0.115
 412          0.107
 413          0.093
 414          0.058
 415          0.075
 416          0.062
 417          0.084
 418          0.083
 419          0.041
 420          0.089
 421          0.100
 422          0.164
 423          0.076
 424          0.073
 425          0.061
 426          0.058
 427          0.014
 428          0.035
 429          0.075
 430          0.374
 431          0.203
 432          0.139
 433          0.075
 434          0.087
 435          0.033
 436          0.056
 437          0.063
 438          0.096
 439          0.094
 440          0.124
 441          0.112
 442          0.075
 443          0.025
 444          0.096
 445          0.059
 446          0.125
 447          0.100
 448          0.074
 449          0.066
 450          0.065
 451          0.069
 452          0.069
 453          0.043
 454          0.065
 455          0.051
 456          0.049
 457          0.083
 458          0.100
 459          0.082
 460          0.093
 461          0.158
 462          0.105
 463          0.088
 464          0.080
 465          0.085
 466          0.078
 467          0.078
 468          0.086
 469          0.068
 470          0.047
 471          0.055
 472          0.053
 473          0.078
 474          0.086
 475          0.125
 476          0.105
 477          0.106
 478          0.105
 479          0.098
 480          0.116
 481          0.094
 482          0.067
 483          0.085
 484          0.074
 485          0.047
 486          0.025
 487          0.031

# Average distance: 0.077 nm
