# Atom index    Distance (nm)
   1          0.331
   2          0.192
   3          0.135
   4          0.132
   5          0.039
   6          0.059
   7          0.031
   8          0.039
   9          0.057
  10          0.089
  11          0.072
  12          0.076
  13          0.071
  14          0.065
  15          0.074
  16          0.057
  17          0.090
  18          0.092
  19          0.093
  20          0.096
  21          0.075
  22          0.065
  23          0.057
  24          0.085
  25          0.069
  26          0.048
  27          0.073
  28          0.105
  29          0.093
  30          0.073
  31          0.064
  32          0.073
  33          0.069
  34          0.069
  35          0.119
  36          0.087
  37          0.086
  38          0.088
  39          0.074
  40          0.067
  41          0.070
  42          0.057
  43          0.116
  44          0.213
  45          0.165
  46          0.386
  47          0.492
  48          0.268
  49          0.389
  50          0.421
  51          0.188
  52          0.099
  53          0.053
  54          0.062
  55          0.054
  56          0.077
  57          0.070
  58          0.045
  59          0.054
  60          0.057
  61          0.056
  62          0.022
  63          0.043
  64          0.038
  65          0.047
  66          0.078
  67          0.045
  68          0.078
  69          0.081
  70          0.068
  71          0.040
  72          0.066
  73          0.056
  74          0.042
  75          0.047
  76          0.049
  77          0.102
  78          0.114
  79          0.152
  80          0.168
  81          0.149
  82          0.075
  83          0.053
  84          0.052
  85          0.085
  86          0.096
  87          0.099
  88          0.074
  89          0.126
  90          0.087
  91          0.132
  92          0.114
  93          0.109
  94          0.042
  95          0.055
  96          0.065
  97          0.113
  98          0.100
  99          0.168
 100          0.147
 101          0.347
 102          0.176
 103          0.158
 104          0.130
 105          0.135
 106          0.136
 107          0.116
 108          0.130
 109          0.131
 110          0.136
 111          0.132
 112          0.113
 113          0.089
 114          0.082
 115          0.076
 116          0.115
 117          0.111
 118          0.128
 119          0.099
 120          0.096
 121          0.087
 122          0.084
 123          0.090
 124          0.096
 125          0.078
 126          0.045
 127          0.046
 128          0.027
 129          0.055
 130          0.068
 131          0.061
 132          0.066
 133          0.060
 134          0.081
 135          0.091
 136          0.085
 137          0.082
 138          0.077
 139          0.085
 140          0.086
 141          0.108
 142          0.162
 143          0.112
 144          0.118
 145          0.055
 146          0.059
 147          0.107
 148          0.100
 149          0.059
 150          0.066
 151          0.084
 152          0.156
 153          0.115
 154          0.049
 155          0.053
 156          0.084
 157          0.131
 158          0.124
 159          0.093
 160          0.086
 161          0.071
 162          0.109
 163          0.169
 164          0.135
 165          0.108
 166          0.102
 167          0.093
 168          0.078
 169          0.108
 170          0.107
 171          0.098
 172          0.064
 173          0.044
 174          0.047
 175          0.071
 176          0.120
 177          0.122
 178          0.074
 179          0.062
 180          0.056
 181          0.054
 182          0.053
 183          0.036
 184          0.036
 185          0.076
 186          0.079
 187          0.062
 188          0.038
 189          0.025
 190          0.032
 191          0.059
 192          0.034
 193          0.038
 194          0.043
 195          0.049
 196          0.046
 197          0.064
 198          0.074
 199          0.075
 200          0.075
 201          0.065
 202          0.018
 203          0.055
 204          0.065
 205          0.091
 206          0.058
 207          0.051
 208          0.072
 209          0.050
 210          0.035
 211          0.072
 212          0.078
 213          0.068
 214          0.038
 215          0.032
 216          0.025
 217          0.067
 218          0.055
 219          0.067
 220          0.103
 221          0.103
 222          0.111
 223          0.083
 224          0.024
 225          0.032
 226          0.063
 227          0.115
 228          0.120
 229          0.214
 230          0.287
 231          0.178
 232          0.193
 233          0.090
 234          0.060
 235          0.036
 236          0.071
 237          0.065
 238          0.077
 239          0.098
 240          0.090
 241          0.075
 242          0.070
 243          0.052
 244          0.053
 245          0.077
 246          0.028
 247          0.043
 248          0.065
 249          0.070
 250          0.082
 251          0.089
 252          0.076
 253          0.105
 254          0.091
 255          0.077
 256          0.034
 257          0.075
 258          0.080
 259          0.081
 260          0.060
 261          0.063
 262          0.079
 263          0.040
 264          0.039
 265          0.068
 266          0.066
 267          0.026
 268          0.037
 269          0.041
 270          0.115
 271          0.162
 272          0.204
 273          0.156
 274          0.105
 275          0.075
 276          0.047
 277          0.073
 278          0.083
 279          0.064
 280          0.077
 281          0.041
 282          0.099
 283          0.111
 284          0.073
 285          0.055
 286          0.013
 287          0.020
 288          0.043
 289          0.052
 290          0.034
 291          0.019
 292          0.029
 293          0.079
 294          0.108
 295          0.163
 296          0.123
 297          0.124
 298          0.102
 299          0.068
 300          0.027
 301          0.034
 302          0.023
 303          0.029
 304          0.028
 305          0.036
 306          0.049
 307          0.024
 308          0.047
 309          0.047
 310          0.035
 311          0.156
 312          0.166
 313          0.234
 314          0.207
 315          0.144
 316          0.117
 317          0.087
 318          0.059
 319          0.055
 320          0.067
 321          0.068
 322          0.039
 323          0.059
 324          0.107
 325          0.114
 326          0.093
 327          0.078
 328          0.047
 329          0.070
 330          0.076
 331          0.050
 332          0.091
 333          0.058
 334          0.087
 335          0.056
 336          0.051
 337          0.065
 338          0.059
 339          0.063
 340          0.069
 341          0.062
 342          0.074
 343          0.101
 344          0.150
 345          0.241
 346          0.201
 347          0.111
 348          0.105
 349          0.104
 350          0.122
 351          0.091
 352          0.091
 353          0.073
 354          0.144
 355          0.078
 356          0.066
 357          0.067
 358          0.099
 359          0.155
 360          0.133
 361          0.117
 362          0.077
 363          0.094
 364          0.177
 365          0.171
 366          0.175
 367          0.194
 368          0.117
 369          0.050
 370          0.056
 371          0.056
 372          0.074
 373          0.083
 374          0.074
 375          0.054
 376          0.007
 377          0.056
 378          0.051
 379          0.032
 380          0.036
 381          0.023
 382          0.031
 383          0.028
 384          0.058
 385          0.058
 386          0.025
 387          0.036
 388          0.055
 389          0.047
 390          0.035
 391          0.017
 392          0.042
 393          0.121
 394          0.176
 395          0.093
 396          0.078
 397          0.059
 398          0.048
 399          0.036
 400          0.045
 401          0.014
 402          0.055
 403          0.086
 404          0.088
 405          0.059
 406          0.034
 407          0.031
 408          0.026
 409          0.052
 410          0.059
 411          0.059
 412          0.018
 413          0.129
 414          0.194
 415          0.182
 416          0.108
 417          0.037
 418          0.020
 419          0.052
 420          0.060
 421          0.086
 422          0.132
 423          0.120
 424          0.074
 425          0.033
 426          0.016
 427          0.033
 428          0.029
 429          0.079
 430          0.148
 431          0.129
 432          0.084
 433          0.016
 434          0.011
 435          0.032
 436          0.014
 437          0.040
 438          0.054
 439          0.027
 440          0.053
 441          0.042
 442          0.079
 443          0.066
 444          0.022
 445          0.045
 446          0.052
 447          0.051
 448          0.063
 449          0.054
 450          0.080
 451          0.064
 452          0.048
 453          0.050
 454          0.050
 455          0.037
 456          0.064
 457          0.077
 458          0.053
 459          0.049
 460          0.056
 461          0.028
 462          0.019
 463          0.024
 464          0.042
 465          0.048
 466          0.055
 467          0.086
 468          0.095
 469          0.094
 470          0.055
 471          0.048
 472          0.041
 473          0.043
 474          0.058
 475          0.058
 476          0.035
 477          0.046
 478          0.083
 479          0.092
 480          0.041
 481          0.082
 482          0.130
 483          0.092
 484          0.124
 485          0.064
 486          0.059
 487          0.088

# Average distance: 0.083 nm
