# Atom index    Distance (nm)
   1          0.089
   2          0.078
   3          0.082
   4          0.072
   5          0.038
   6          0.103
   7          0.036
   8          0.062
   9          0.079
  10          0.046
  11          0.068
  12          0.078
  13          0.107
  14          0.103
  15          0.119
  16          0.121
  17          0.142
  18          0.143
  19          0.119
  20          0.126
  21          0.131
  22          0.187
  23          0.270
  24          0.285
  25          0.196
  26          0.154
  27          0.110
  28          0.115
  29          0.122
  30          0.149
  31          0.090
  32          0.144
  33          0.131
  34          0.109
  35          0.169
  36          0.096
  37          0.107
  38          0.112
  39          0.080
  40          0.036
  41          0.045
  42          0.081
  43          0.124
  44          0.254
  45          0.273
  46          0.409
  47          0.409
  48          0.383
  49          0.469
  50          0.648
  51          0.418
  52          0.336
  53          0.217
  54          0.145
  55          0.100
  56          0.101
  57          0.101
  58          0.098
  59          0.113
  60          0.156
  61          0.124
  62          0.157
  63          0.123
  64          0.096
  65          0.100
  66          0.075
  67          0.149
  68          0.165
  69          0.137
  70          0.066
  71          0.132
  72          0.092
  73          0.126
  74          0.117
  75          0.204
  76          0.165
  77          0.150
  78          0.161
  79          0.183
  80          0.204
  81          0.166
  82          0.152
  83          0.122
  84          0.123
  85          0.138
  86          0.177
  87          0.174
  88          0.236
  89          0.137
  90          0.098
  91          0.139
  92          0.100
  93          0.061
  94          0.046
  95          0.115
  96          0.114
  97          0.117
  98          0.112
  99          0.122
 100          0.129
 101          0.163
 102          0.085
 103          0.138
 104          0.118
 105          0.083
 106          0.088
 107          0.066
 108          0.042
 109          0.053
 110          0.176
 111          0.082
 112          0.092
 113          0.087
 114          0.098
 115          0.119
 116          0.136
 117          0.092
 118          0.134
 119          0.135
 120          0.145
 121          0.132
 122          0.149
 123          0.137
 124          0.078
 125          0.065
 126          0.056
 127          0.045
 128          0.032
 129          0.099
 130          0.070
 131          0.076
 132          0.074
 133          0.061
 134          0.072
 135          0.070
 136          0.056
 137          0.079
 138          0.084
 139          0.076
 140          0.068
 141          0.053
 142          0.065
 143          0.046
 144          0.107
 145          0.080
 146          0.109
 147          0.116
 148          0.098
 149          0.103
 150          0.181
 151          0.116
 152          0.142
 153          0.149
 154          0.368
 155          0.282
 156          0.233
 157          0.174
 158          0.115
 159          0.104
 160          0.112
 161          0.111
 162          0.106
 163          0.136
 164          0.091
 165          0.067
 166          0.051
 167          0.048
 168          0.056
 169          0.013
 170          0.064
 171          0.089
 172          0.067
 173          0.108
 174          0.141
 175          0.201
 176          0.190
 177          0.121
 178          0.079
 179          0.087
 180          0.072
 181          0.116
 182          0.100
 183          0.064
 184          0.062
 185          0.114
 186          0.150
 187          0.083
 188          0.065
 189          0.113
 190          0.090
 191          0.096
 192          0.075
 193          0.103
 194          0.069
 195          0.063
 196          0.043
 197          0.123
 198          0.133
 199          0.117
 200          0.119
 201          0.068
 202          0.085
 203          0.085
 204          0.098
 205          0.068
 206          0.067
 207          0.069
 208          0.070
 209          0.058
 210          0.066
 211          0.071
 212          0.094
 213          0.078
 214          0.085
 215          0.078
 216          0.046
 217          0.093
 218          0.062
 219          0.097
 220          0.137
 221          0.106
 222          0.075
 223          0.058
 224          0.069
 225          0.068
 226          0.073
 227          0.070
 228          0.030
 229          0.158
 230          0.188
 231          0.083
 232          0.076
 233          0.051
 234          0.050
 235          0.066
 236          0.038
 237          0.079
 238          0.135
 239          0.073
 240          0.133
 241          0.143
 242          0.086
 243          0.058
 244          0.030
 245          0.024
 246          0.036
 247          0.022
 248          0.029
 249          0.031
 250          0.060
 251          0.097
 252          0.010
 253          0.039
 254          0.027
 255          0.045
 256          0.045
 257          0.062
 258          0.041
 259          0.053
 260          0.098
 261          0.106
 262          0.198
 263          0.208
 264          0.186
 265          0.152
 266          0.061
 267          0.061
 268          0.101
 269          0.100
 270          0.230
 271          0.299
 272          0.112
 273          0.125
 274          0.084
 275          0.050
 276          0.078
 277          0.086
 278          0.070
 279          0.112
 280          0.138
 281          0.136
 282          0.095
 283          0.094
 284          0.090
 285          0.058
 286          0.026
 287          0.022
 288          0.067
 289          0.035
 290          0.028
 291          0.051
 292          0.074
 293          0.121
 294          0.139
 295          0.291
 296          0.307
 297          0.182
 298          0.214
 299          0.135
 300          0.088
 301          0.131
 302          0.108
 303          0.064
 304          0.050
 305          0.130
 306          0.129
 307          0.141
 308          0.128
 309          0.111
 310          0.130
 311          0.180
 312          0.200
 313          0.192
 314          0.119
 315          0.093
 316          0.058
 317          0.046
 318          0.060
 319          0.041
 320          0.125
 321          0.131
 322          0.206
 323          0.205
 324          0.204
 325          0.279
 326          0.264
 327          0.154
 328          0.122
 329          0.126
 330          0.163
 331          0.199
 332          0.172
 333          0.210
 334          0.227
 335          0.241
 336          0.187
 337          0.178
 338          0.192
 339          0.173
 340          0.220
 341          0.212
 342          0.175
 343          0.143
 344          0.156
 345          0.151
 346          0.148
 347          0.126
 348          0.149
 349          0.101
 350          0.084
 351          0.128
 352          0.194
 353          0.196
 354          0.192
 355          0.187
 356          0.131
 357          0.063
 358          0.037
 359          0.070
 360          0.102
 361          0.180
 362          0.161
 363          0.265
 364          0.222
 365          0.208
 366          0.186
 367          0.204
 368          0.205
 369          0.191
 370          0.140
 371          0.110
 372          0.065
 373          0.059
 374          0.040
 375          0.044
 376          0.036
 377          0.073
 378          0.077
 379          0.076
 380          0.076
 381          0.078
 382          0.086
 383          0.081
 384          0.158
 385          0.106
 386          0.045
 387          0.046
 388          0.066
 389          0.046
 390          0.065
 391          0.094
 392          0.127
 393          0.201
 394          0.298
 395          0.275
 396          0.207
 397          0.069
 398          0.042
 399          0.038
 400          0.052
 401          0.061
 402          0.047
 403          0.052
 404          0.098
 405          0.065
 406          0.044
 407          0.083
 408          0.068
 409          0.058
 410          0.103
 411          0.106
 412          0.099
 413          0.105
 414          0.149
 415          0.113
 416          0.075
 417          0.034
 418          0.046
 419          0.051
 420          0.061
 421          0.028
 422          0.094
 423          0.097
 424          0.062
 425          0.060
 426          0.069
 427          0.070
 428          0.035
 429          0.041
 430          0.182
 431          0.096
 432          0.056
 433          0.059
 434          0.043
 435          0.033
 436          0.045
 437          0.061
 438          0.088
 439          0.114
 440          0.039
 441          0.057
 442          0.102
 443          0.073
 444          0.055
 445          0.056
 446          0.102
 447          0.009
 448          0.051
 449          0.044
 450          0.046
 451          0.078
 452          0.083
 453          0.034
 454          0.032
 455          0.068
 456          0.022
 457          0.037
 458          0.053
 459          0.122
 460          0.198
 461          0.150
 462          0.116
 463          0.040
 464          0.047
 465          0.081
 466          0.128
 467          0.205
 468          0.295
 469          0.158
 470          0.049
 471          0.090
 472          0.074
 473          0.058
 474          0.060
 475          0.078
 476          0.081
 477          0.114
 478          0.112
 479          0.092
 480          0.117
 481          0.127
 482          0.104
 483          0.135
 484          0.094
 485          0.084
 486          0.075
 487          0.081

# Average distance: 0.113 nm
