# Atom index    Distance (nm)
   1          0.229
   2          0.235
   3          0.398
   4          0.217
   5          0.151
   6          0.206
   7          0.198
   8          0.171
   9          0.193
  10          0.087
  11          0.025
  12          0.091
  13          0.145
  14          0.110
  15          0.075
  16          0.044
  17          0.057
  18          0.085
  19          0.109
  20          0.076
  21          0.074
  22          0.106
  23          0.105
  24          0.073
  25          0.086
  26          0.115
  27          0.097
  28          0.091
  29          0.156
  30          0.106
  31          0.101
  32          0.101
  33          0.100
  34          0.114
  35          0.181
  36          0.221
  37          0.194
  38          0.158
  39          0.169
  40          0.134
  41          0.122
  42          0.074
  43          0.182
  44          0.152
  45          0.075
  46          0.103
  47          0.126
  48          0.107
  49          0.232
  50          0.206
  51          0.070
  52          0.062
  53          0.057
  54          0.040
  55          0.052
  56          0.066
  57          0.078
  58          0.095
  59          0.073
  60          0.087
  61          0.082
  62          0.073
  63          0.082
  64          0.075
  65          0.056
  66          0.084
  67          0.088
  68          0.200
  69          0.135
  70          0.020
  71          0.072
  72          0.068
  73          0.060
  74          0.063
  75          0.072
  76          0.078
  77          0.035
  78          0.085
  79          0.043
  80          0.043
  81          0.055
  82          0.040
  83          0.060
  84          0.023
  85          0.056
  86          0.071
  87          0.069
  88          0.020
  89          0.073
  90          0.056
  91          0.069
  92          0.095
  93          0.082
  94          0.055
  95          0.017
  96          0.038
  97          0.053
  98          0.056
  99          0.022
 100          0.050
 101          0.170
 102          0.042
 103          0.020
 104          0.025
 105          0.020
 106          0.031
 107          0.066
 108          0.101
 109          0.088
 110          0.171
 111          0.204
 112          0.162
 113          0.113
 114          0.098
 115          0.087
 116          0.075
 117          0.043
 118          0.055
 119          0.036
 120          0.032
 121          0.098
 122          0.153
 123          0.195
 124          0.112
 125          0.057
 126          0.036
 127          0.052
 128          0.100
 129          0.106
 130          0.100
 131          0.066
 132          0.044
 133          0.069
 134          0.062
 135          0.069
 136          0.105
 137          0.079
 138          0.078
 139          0.065
 140          0.062
 141          0.143
 142          0.151
 143          0.147
 144          0.077
 145          0.080
 146          0.063
 147          0.052
 148          0.050
 149          0.049
 150          0.042
 151          0.061
 152          0.076
 153          0.065
 154          0.069
 155          0.093
 156          0.083
 157          0.034
 158          0.061
 159          0.076
 160          0.097
 161          0.101
 162          0.087
 163          0.092
 164          0.074
 165          0.084
 166          0.079
 167          0.072
 168          0.041
 169          0.039
 170          0.062
 171          0.078
 172          0.080
 173          0.052
 174          0.069
 175          0.068
 176          0.075
 177          0.069
 178          0.103
 179          0.050
 180          0.072
 181          0.081
 182          0.058
 183          0.015
 184          0.059
 185          0.097
 186          0.073
 187          0.084
 188          0.054
 189          0.063
 190          0.075
 191          0.138
 192          0.159
 193          0.130
 194          0.117
 195          0.130
 196          0.112
 197          0.109
 198          0.162
 199          0.128
 200          0.189
 201          0.141
 202          0.159
 203          0.160
 204          0.131
 205          0.124
 206          0.102
 207          0.078
 208          0.085
 209          0.162
 210          0.148
 211          0.094
 212          0.116
 213          0.101
 214          0.098
 215          0.120
 216          0.098
 217          0.099
 218          0.103
 219          0.093
 220          0.106
 221          0.049
 222          0.061
 223          0.106
 224          0.123
 225          0.092
 226          0.099
 227          0.059
 228          0.110
 229          0.269
 230          0.196
 231          0.290
 232          0.104
 233          0.109
 234          0.081
 235          0.098
 236          0.169
 237          0.349
 238          0.632
 239          0.323
 240          0.132
 241          0.232
 242          0.165
 243          0.137
 244          0.137
 245          0.134
 246          0.110
 247          0.128
 248          0.092
 249          0.084
 250          0.043
 251          0.104
 252          0.070
 253          0.035
 254          0.091
 255          0.124
 256          0.072
 257          0.061
 258          0.083
 259          0.066
 260          0.092
 261          0.117
 262          0.154
 263          0.185
 264          0.164
 265          0.107
 266          0.101
 267          0.055
 268          0.161
 269          0.166
 270          0.170
 271          0.163
 272          0.291
 273          0.358
 274          0.229
 275          0.143
 276          0.093
 277          0.095
 278          0.041
 279          0.197
 280          0.267
 281          0.300
 282          0.175
 283          0.184
 284          0.161
 285          0.146
 286          0.110
 287          0.076
 288          0.095
 289          0.071
 290          0.040
 291          0.130
 292          0.136
 293          0.162
 294          0.267
 295          0.243
 296          0.189
 297          0.189
 298          0.088
 299          0.074
 300          0.099
 301          0.080
 302          0.116
 303          0.149
 304          0.160
 305          0.189
 306          0.181
 307          0.176
 308          0.144
 309          0.102
 310          0.072
 311          0.028
 312          0.160
 313          0.282
 314          0.195
 315          0.120
 316          0.088
 317          0.082
 318          0.096
 319          0.161
 320          0.185
 321          0.194
 322          0.227
 323          0.221
 324          0.235
 325          0.184
 326          0.169
 327          0.122
 328          0.083
 329          0.095
 330          0.065
 331          0.113
 332          0.139
 333          0.106
 334          0.078
 335          0.082
 336          0.072
 337          0.079
 338          0.103
 339          0.084
 340          0.109
 341          0.143
 342          0.110
 343          0.109
 344          0.127
 345          0.087
 346          0.100
 347          0.100
 348          0.078
 349          0.069
 350          0.077
 351          0.069
 352          0.059
 353          0.159
 354          0.129
 355          0.105
 356          0.024
 357          0.021
 358          0.024
 359          0.066
 360          0.101
 361          0.099
 362          0.127
 363          0.160
 364          0.154
 365          0.112
 366          0.106
 367          0.098
 368          0.076
 369          0.077
 370          0.086
 371          0.087
 372          0.050
 373          0.064
 374          0.115
 375          0.066
 376          0.092
 377          0.065
 378          0.070
 379          0.054
 380          0.048
 381          0.056
 382          0.067
 383          0.034
 384          0.029
 385          0.024
 386          0.136
 387          0.017
 388          0.049
 389          0.045
 390          0.018
 391          0.060
 392          0.096
 393          0.081
 394          0.084
 395          0.196
 396          0.087
 397          0.045
 398          0.012
 399          0.023
 400          0.102
 401          0.077
 402          0.061
 403          0.043
 404          0.023
 405          0.025
 406          0.050
 407          0.063
 408          0.041
 409          0.070
 410          0.049
 411          0.066
 412          0.086
 413          0.153
 414          0.089
 415          0.075
 416          0.113
 417          0.040
 418          0.051
 419          0.056
 420          0.017
 421          0.025
 422          0.108
 423          0.125
 424          0.073
 425          0.051
 426          0.042
 427          0.029
 428          0.057
 429          0.067
 430          0.200
 431          0.087
 432          0.123
 433          0.096
 434          0.056
 435          0.037
 436          0.066
 437          0.078
 438          0.105
 439          0.069
 440          0.038
 441          0.041
 442          0.038
 443          0.049
 444          0.093
 445          0.110
 446          0.081
 447          0.041
 448          0.034
 449          0.066
 450          0.076
 451          0.062
 452          0.017
 453          0.014
 454          0.034
 455          0.088
 456          0.090
 457          0.088
 458          0.092
 459          0.048
 460          0.135
 461          0.126
 462          0.063
 463          0.087
 464          0.138
 465          0.109
 466          0.109
 467          0.158
 468          0.202
 469          0.275
 470          0.175
 471          0.086
 472          0.067
 473          0.047
 474          0.091
 475          0.086
 476          0.086
 477          0.076
 478          0.104
 479          0.081
 480          0.093
 481          0.240
 482          0.346
 483          0.237
 484          0.066
 485          0.040
 486          0.045
 487          0.038

# Average distance: 0.103 nm
