# Atom index    Distance (nm)
   1          0.279
   2          0.337
   3          0.141
   4          0.075
   5          0.131
   6          0.192
   7          0.082
   8          0.045
   9          0.067
  10          0.066
  11          0.060
  12          0.074
  13          0.081
  14          0.145
  15          0.128
  16          0.113
  17          0.069
  18          0.045
  19          0.085
  20          0.102
  21          0.088
  22          0.099
  23          0.144
  24          0.169
  25          0.126
  26          0.085
  27          0.082
  28          0.059
  29          0.081
  30          0.108
  31          0.107
  32          0.061
  33          0.095
  34          0.064
  35          0.074
  36          0.078
  37          0.138
  38          0.071
  39          0.071
  40          0.013
  41          0.049
  42          0.075
  43          0.127
  44          0.108
  45          0.091
  46          0.206
  47          0.310
  48          0.220
  49          0.287
  50          0.244
  51          0.206
  52          0.227
  53          0.096
  54          0.085
  55          0.097
  56          0.091
  57          0.081
  58          0.045
  59          0.117
  60          0.125
  61          0.105
  62          0.061
  63          0.073
  64          0.049
  65          0.081
  66          0.044
  67          0.192
  68          0.330
  69          0.214
  70          0.077
  71          0.132
  72          0.040
  73          0.057
  74          0.079
  75          0.087
  76          0.071
  77          0.151
  78          0.197
  79          0.158
  80          0.156
  81          0.158
  82          0.181
  83          0.107
  84          0.121
  85          0.068
  86          0.136
  87          0.149
  88          0.074
  89          0.023
  90          0.074
  91          0.076
  92          0.093
  93          0.080
  94          0.062
  95          0.026
  96          0.077
  97          0.110
  98          0.103
  99          0.067
 100          0.139
 101          0.145
 102          0.117
 103          0.130
 104          0.083
 105          0.044
 106          0.062
 107          0.063
 108          0.070
 109          0.113
 110          0.092
 111          0.072
 112          0.097
 113          0.044
 114          0.065
 115          0.100
 116          0.086
 117          0.081
 118          0.061
 119          0.074
 120          0.051
 121          0.103
 122          0.119
 123          0.069
 124          0.068
 125          0.070
 126          0.053
 127          0.067
 128          0.073
 129          0.086
 130          0.091
 131          0.103
 132          0.147
 133          0.132
 134          0.109
 135          0.112
 136          0.101
 137          0.119
 138          0.137
 139          0.103
 140          0.096
 141          0.131
 142          0.123
 143          0.071
 144          0.086
 145          0.071
 146          0.048
 147          0.048
 148          0.047
 149          0.041
 150          0.071
 151          0.116
 152          0.108
 153          0.150
 154          0.068
 155          0.053
 156          0.035
 157          0.035
 158          0.015
 159          0.033
 160          0.061
 161          0.063
 162          0.069
 163          0.048
 164          0.072
 165          0.036
 166          0.088
 167          0.057
 168          0.063
 169          0.060
 170          0.096
 171          0.107
 172          0.097
 173          0.052
 174          0.114
 175          0.122
 176          0.100
 177          0.101
 178          0.085
 179          0.078
 180          0.085
 181          0.081
 182          0.047
 183          0.061
 184          0.043
 185          0.090
 186          0.102
 187          0.088
 188          0.078
 189          0.064
 190          0.048
 191          0.072
 192          0.088
 193          0.074
 194          0.099
 195          0.041
 196          0.043
 197          0.097
 198          0.112
 199          0.223
 200          0.190
 201          0.142
 202          0.051
 203          0.066
 204          0.065
 205          0.084
 206          0.078
 207          0.160
 208          0.137
 209          0.108
 210          0.114
 211          0.121
 212          0.139
 213          0.150
 214          0.109
 215          0.107
 216          0.103
 217          0.091
 218          0.082
 219          0.090
 220          0.209
 221          0.193
 222          0.100
 223          0.062
 224          0.028
 225          0.091
 226          0.102
 227          0.128
 228          0.146
 229          0.186
 230          0.077
 231          0.026
 232          0.085
 233          0.098
 234          0.079
 235          0.083
 236          0.108
 237          0.131
 238          0.108
 239          0.171
 240          0.080
 241          0.154
 242          0.095
 243          0.090
 244          0.110
 245          0.102
 246          0.078
 247          0.098
 248          0.105
 249          0.105
 250          0.132
 251          0.108
 252          0.108
 253          0.093
 254          0.100
 255          0.079
 256          0.036
 257          0.029
 258          0.054
 259          0.070
 260          0.066
 261          0.072
 262          0.074
 263          0.069
 264          0.082
 265          0.095
 266          0.087
 267          0.067
 268          0.090
 269          0.128
 270          0.184
 271          0.180
 272          0.080
 273          0.067
 274          0.050
 275          0.013
 276          0.035
 277          0.063
 278          0.060
 279          0.136
 280          0.164
 281          0.079
 282          0.067
 283          0.061
 284          0.074
 285          0.104
 286          0.046
 287          0.068
 288          0.075
 289          0.059
 290          0.048
 291          0.075
 292          0.085
 293          0.082
 294          0.075
 295          0.084
 296          0.129
 297          0.101
 298          0.038
 299          0.019
 300          0.014
 301          0.072
 302          0.075
 303          0.065
 304          0.073
 305          0.101
 306          0.086
 307          0.076
 308          0.071
 309          0.053
 310          0.059
 311          0.079
 312          0.090
 313          0.110
 314          0.088
 315          0.093
 316          0.052
 317          0.047
 318          0.027
 319          0.057
 320          0.066
 321          0.085
 322          0.052
 323          0.068
 324          0.041
 325          0.031
 326          0.052
 327          0.045
 328          0.043
 329          0.036
 330          0.047
 331          0.053
 332          0.065
 333          0.079
 334          0.099
 335          0.113
 336          0.088
 337          0.088
 338          0.087
 339          0.071
 340          0.106
 341          0.102
 342          0.048
 343          0.053
 344          0.052
 345          0.063
 346          0.053
 347          0.058
 348          0.055
 349          0.055
 350          0.052
 351          0.059
 352          0.028
 353          0.089
 354          0.105
 355          0.076
 356          0.065
 357          0.077
 358          0.051
 359          0.034
 360          0.084
 361          0.098
 362          0.087
 363          0.140
 364          0.141
 365          0.127
 366          0.079
 367          0.068
 368          0.084
 369          0.090
 370          0.028
 371          0.060
 372          0.060
 373          0.051
 374          0.078
 375          0.042
 376          0.062
 377          0.052
 378          0.064
 379          0.093
 380          0.077
 381          0.090
 382          0.069
 383          0.082
 384          0.104
 385          0.097
 386          0.079
 387          0.086
 388          0.084
 389          0.053
 390          0.064
 391          0.079
 392          0.067
 393          0.163
 394          0.235
 395          0.157
 396          0.048
 397          0.078
 398          0.041
 399          0.066
 400          0.058
 401          0.095
 402          0.109
 403          0.139
 404          0.078
 405          0.073
 406          0.064
 407          0.096
 408          0.104
 409          0.131
 410          0.075
 411          0.100
 412          0.077
 413          0.079
 414          0.087
 415          0.055
 416          0.071
 417          0.035
 418          0.042
 419          0.097
 420          0.100
 421          0.097
 422          0.159
 423          0.128
 424          0.167
 425          0.093
 426          0.058
 427          0.037
 428          0.029
 429          0.050
 430          0.077
 431          0.121
 432          0.179
 433          0.146
 434          0.075
 435          0.039
 436          0.053
 437          0.073
 438          0.095
 439          0.098
 440          0.133
 441          0.120
 442          0.118
 443          0.163
 444          0.082
 445          0.069
 446          0.064
 447          0.033
 448          0.065
 449          0.071
 450          0.078
 451          0.088
 452          0.091
 453          0.095
 454          0.084
 455          0.058
 456          0.082
 457          0.077
 458          0.081
 459          0.117
 460          0.195
 461          0.197
 462          0.132
 463          0.082
 464          0.048
 465          0.073
 466          0.103
 467          0.084
 468          0.059
 469          0.047
 470          0.027
 471          0.034
 472          0.020
 473          0.016
 474          0.090
 475          0.107
 476          0.164
 477          0.134
 478          0.159
 479          0.134
 480          0.078
 481          0.072
 482          0.081
 483          0.098
 484          0.041
 485          0.044
 486          0.058
 487          0.038

# Average distance: 0.090 nm
