# Atom index    Distance (nm)
   1          0.560
   2          0.480
   3          0.281
   4          0.107
   5          0.069
   6          0.027
   7          0.075
   8          0.064
   9          0.097
  10          0.092
  11          0.088
  12          0.086
  13          0.167
  14          0.185
  15          0.169
  16          0.068
  17          0.068
  18          0.092
  19          0.092
  20          0.109
  21          0.092
  22          0.157
  23          0.111
  24          0.103
  25          0.096
  26          0.085
  27          0.098
  28          0.052
  29          0.042
  30          0.038
  31          0.027
  32          0.067
  33          0.141
  34          0.083
  35          0.057
  36          0.074
  37          0.022
  38          0.028
  39          0.023
  40          0.053
  41          0.074
  42          0.087
  43          0.113
  44          0.131
  45          0.098
  46          0.194
  47          0.253
  48          0.332
  49          0.371
  50          0.316
  51          0.094
  52          0.176
  53          0.063
  54          0.076
  55          0.091
  56          0.063
  57          0.051
  58          0.062
  59          0.034
  60          0.026
  61          0.018
  62          0.107
  63          0.105
  64          0.098
  65          0.085
  66          0.187
  67          0.126
  68          0.174
  69          0.169
  70          0.084
  71          0.068
  72          0.094
  73          0.101
  74          0.119
  75          0.104
  76          0.102
  77          0.083
  78          0.080
  79          0.095
  80          0.029
  81          0.151
  82          0.123
  83          0.115
  84          0.116
  85          0.106
  86          0.188
  87          0.193
  88          0.139
  89          0.168
  90          0.132
  91          0.158
  92          0.101
  93          0.095
  94          0.142
  95          0.081
  96          0.100
  97          0.097
  98          0.089
  99          0.103
 100          0.221
 101          0.267
 102          0.202
 103          0.135
 104          0.084
 105          0.045
 106          0.058
 107          0.076
 108          0.068
 109          0.013
 110          0.055
 111          0.077
 112          0.067
 113          0.046
 114          0.046
 115          0.053
 116          0.064
 117          0.069
 118          0.083
 119          0.091
 120          0.101
 121          0.095
 122          0.071
 123          0.062
 124          0.057
 125          0.065
 126          0.126
 127          0.153
 128          0.085
 129          0.054
 130          0.024
 131          0.045
 132          0.067
 133          0.075
 134          0.092
 135          0.075
 136          0.070
 137          0.076
 138          0.059
 139          0.042
 140          0.069
 141          0.110
 142          0.066
 143          0.023
 144          0.062
 145          0.060
 146          0.027
 147          0.065
 148          0.088
 149          0.136
 150          0.137
 151          0.118
 152          0.049
 153          0.104
 154          0.088
 155          0.104
 156          0.120
 157          0.080
 158          0.103
 159          0.081
 160          0.041
 161          0.026
 162          0.031
 163          0.032
 164          0.058
 165          0.090
 166          0.101
 167          0.087
 168          0.075
 169          0.036
 170          0.072
 171          0.064
 172          0.072
 173          0.098
 174          0.069
 175          0.112
 176          0.143
 177          0.123
 178          0.094
 179          0.029
 180          0.015
 181          0.039
 182          0.072
 183          0.092
 184          0.089
 185          0.077
 186          0.104
 187          0.116
 188          0.107
 189          0.111
 190          0.092
 191          0.100
 192          0.117
 193          0.110
 194          0.111
 195          0.074
 196          0.070
 197          0.133
 198          0.174
 199          0.239
 200          0.170
 201          0.104
 202          0.093
 203          0.072
 204          0.058
 205          0.031
 206          0.038
 207          0.049
 208          0.069
 209          0.058
 210          0.128
 211          0.272
 212          0.363
 213          0.354
 214          0.193
 215          0.076
 216          0.064
 217          0.065
 218          0.056
 219          0.102
 220          0.144
 221          0.118
 222          0.078
 223          0.087
 224          0.060
 225          0.056
 226          0.109
 227          0.060
 228          0.032
 229          0.069
 230          0.118
 231          0.091
 232          0.066
 233          0.032
 234          0.064
 235          0.049
 236          0.029
 237          0.058
 238          0.145
 239          0.083
 240          0.106
 241          0.071
 242          0.030
 243          0.040
 244          0.057
 245          0.061
 246          0.079
 247          0.074
 248          0.075
 249          0.018
 250          0.035
 251          0.084
 252          0.144
 253          0.106
 254          0.095
 255          0.062
 256          0.081
 257          0.058
 258          0.045
 259          0.055
 260          0.089
 261          0.113
 262          0.217
 263          0.209
 264          0.214
 265          0.165
 266          0.104
 267          0.122
 268          0.137
 269          0.133
 270          0.211
 271          0.207
 272          0.127
 273          0.076
 274          0.060
 275          0.051
 276          0.080
 277          0.097
 278          0.181
 279          0.183
 280          0.170
 281          0.131
 282          0.126
 283          0.164
 284          0.151
 285          0.140
 286          0.113
 287          0.074
 288          0.066
 289          0.065
 290          0.080
 291          0.045
 292          0.119
 293          0.140
 294          0.129
 295          0.226
 296          0.178
 297          0.164
 298          0.085
 299          0.080
 300          0.037
 301          0.027
 302          0.112
 303          0.118
 304          0.167
 305          0.199
 306          0.160
 307          0.099
 308          0.070
 309          0.081
 310          0.067
 311          0.088
 312          0.133
 313          0.205
 314          0.203
 315          0.174
 316          0.071
 317          0.028
 318          0.035
 319          0.067
 320          0.054
 321          0.062
 322          0.129
 323          0.127
 324          0.123
 325          0.093
 326          0.195
 327          0.096
 328          0.098
 329          0.099
 330          0.067
 331          0.081
 332          0.048
 333          0.090
 334          0.114
 335          0.104
 336          0.096
 337          0.120
 338          0.126
 339          0.101
 340          0.078
 341          0.064
 342          0.056
 343          0.055
 344          0.083
 345          0.074
 346          0.062
 347          0.084
 348          0.076
 349          0.086
 350          0.111
 351          0.138
 352          0.106
 353          0.085
 354          0.094
 355          0.093
 356          0.128
 357          0.132
 358          0.115
 359          0.085
 360          0.132
 361          0.105
 362          0.215
 363          0.321
 364          0.271
 365          0.282
 366          0.269
 367          0.201
 368          0.148
 369          0.125
 370          0.080
 371          0.096
 372          0.050
 373          0.046
 374          0.052
 375          0.050
 376          0.117
 377          0.118
 378          0.096
 379          0.075
 380          0.067
 381          0.066
 382          0.068
 383          0.055
 384          0.087
 385          0.083
 386          0.105
 387          0.110
 388          0.051
 389          0.061
 390          0.068
 391          0.075
 392          0.085
 393          0.078
 394          0.130
 395          0.106
 396          0.081
 397          0.043
 398          0.036
 399          0.068
 400          0.090
 401          0.084
 402          0.076
 403          0.078
 404          0.014
 405          0.035
 406          0.051
 407          0.057
 408          0.067
 409          0.123
 410          0.076
 411          0.091
 412          0.091
 413          0.138
 414          0.167
 415          0.146
 416          0.096
 417          0.063
 418          0.041
 419          0.105
 420          0.111
 421          0.076
 422          0.169
 423          0.294
 424          0.353
 425          0.110
 426          0.087
 427          0.049
 428          0.042
 429          0.044
 430          0.168
 431          0.223
 432          0.080
 433          0.037
 434          0.040
 435          0.038
 436          0.065
 437          0.072
 438          0.114
 439          0.114
 440          0.085
 441          0.089
 442          0.149
 443          0.105
 444          0.092
 445          0.057
 446          0.102
 447          0.107
 448          0.102
 449          0.094
 450          0.098
 451          0.098
 452          0.089
 453          0.086
 454          0.083
 455          0.107
 456          0.041
 457          0.082
 458          0.093
 459          0.082
 460          0.102
 461          0.132
 462          0.092
 463          0.075
 464          0.053
 465          0.015
 466          0.088
 467          0.058
 468          0.083
 469          0.073
 470          0.056
 471          0.071
 472          0.063
 473          0.056
 474          0.083
 475          0.157
 476          0.065
 477          0.079
 478          0.111
 479          0.106
 480          0.166
 481          0.168
 482          0.144
 483          0.114
 484          0.127
 485          0.085
 486          0.078
 487          0.082

# Average distance: 0.101 nm
