# Atom index    Distance (nm)
   1          0.136
   2          0.166
   3          0.146
   4          0.116
   5          0.061
   6          0.086
   7          0.074
   8          0.079
   9          0.095
  10          0.060
  11          0.051
  12          0.040
  13          0.074
  14          0.059
  15          0.073
  16          0.045
  17          0.044
  18          0.053
  19          0.061
  20          0.087
  21          0.119
  22          0.022
  23          0.067
  24          0.091
  25          0.107
  26          0.149
  27          0.068
  28          0.125
  29          0.043
  30          0.101
  31          0.037
  32          0.050
  33          0.063
  34          0.067
  35          0.091
  36          0.108
  37          0.024
  38          0.047
  39          0.066
  40          0.078
  41          0.094
  42          0.110
  43          0.086
  44          0.175
  45          0.093
  46          0.057
  47          0.084
  48          0.116
  49          0.161
  50          0.499
  51          0.288
  52          0.058
  53          0.091
  54          0.086
  55          0.085
  56          0.064
  57          0.070
  58          0.071
  59          0.078
  60          0.076
  61          0.111
  62          0.095
  63          0.093
  64          0.090
  65          0.074
  66          0.129
  67          0.173
  68          0.211
  69          0.234
  70          0.182
  71          0.177
  72          0.114
  73          0.128
  74          0.138
  75          0.095
  76          0.069
  77          0.088
  78          0.170
  79          0.117
  80          0.137
  81          0.146
  82          0.104
  83          0.080
  84          0.054
  85          0.034
  86          0.070
  87          0.064
  88          0.069
  89          0.078
  90          0.057
  91          0.095
  92          0.101
  93          0.097
  94          0.058
  95          0.040
  96          0.081
  97          0.049
  98          0.044
  99          0.036
 100          0.062
 101          0.067
 102          0.051
 103          0.048
 104          0.048
 105          0.056
 106          0.060
 107          0.071
 108          0.075
 109          0.028
 110          0.028
 111          0.065
 112          0.075
 113          0.067
 114          0.063
 115          0.066
 116          0.106
 117          0.079
 118          0.111
 119          0.133
 120          0.098
 121          0.036
 122          0.026
 123          0.023
 124          0.048
 125          0.036
 126          0.051
 127          0.051
 128          0.067
 129          0.040
 130          0.129
 131          0.066
 132          0.051
 133          0.052
 134          0.111
 135          0.060
 136          0.068
 137          0.039
 138          0.044
 139          0.049
 140          0.013
 141          0.086
 142          0.019
 143          0.019
 144          0.038
 145          0.025
 146          0.033
 147          0.054
 148          0.066
 149          0.068
 150          0.073
 151          0.093
 152          0.138
 153          0.122
 154          0.097
 155          0.045
 156          0.079
 157          0.064
 158          0.069
 159          0.062
 160          0.036
 161          0.037
 162          0.057
 163          0.048
 164          0.031
 165          0.056
 166          0.062
 167          0.055
 168          0.069
 169          0.032
 170          0.052
 171          0.038
 172          0.064
 173          0.048
 174          0.078
 175          0.131
 176          0.122
 177          0.077
 178          0.083
 179          0.092
 180          0.053
 181          0.036
 182          0.040
 183          0.033
 184          0.049
 185          0.064
 186          0.065
 187          0.067
 188          0.024
 189          0.051
 190          0.021
 191          0.090
 192          0.114
 193          0.126
 194          0.108
 195          0.052
 196          0.018
 197          0.056
 198          0.113
 199          0.204
 200          0.259
 201          0.329
 202          0.269
 203          0.143
 204          0.078
 205          0.104
 206          0.112
 207          0.089
 208          0.141
 209          0.148
 210          0.185
 211          0.177
 212          0.164
 213          0.184
 214          0.055
 215          0.094
 216          0.131
 217          0.049
 218          0.021
 219          0.025
 220          0.107
 221          0.116
 222          0.040
 223          0.073
 224          0.080
 225          0.063
 226          0.074
 227          0.068
 228          0.153
 229          0.197
 230          0.222
 231          0.158
 232          0.181
 233          0.117
 234          0.052
 235          0.081
 236          0.093
 237          0.133
 238          0.177
 239          0.202
 240          0.078
 241          0.103
 242          0.180
 243          0.201
 244          0.146
 245          0.116
 246          0.078
 247          0.064
 248          0.056
 249          0.040
 250          0.058
 251          0.081
 252          0.069
 253          0.081
 254          0.036
 255          0.069
 256          0.048
 257          0.026
 258          0.048
 259          0.043
 260          0.043
 261          0.074
 262          0.085
 263          0.108
 264          0.128
 265          0.061
 266          0.053
 267          0.078
 268          0.090
 269          0.116
 270          0.100
 271          0.098
 272          0.136
 273          0.069
 274          0.026
 275          0.035
 276          0.064
 277          0.078
 278          0.050
 279          0.028
 280          0.080
 281          0.069
 282          0.082
 283          0.097
 284          0.076
 285          0.086
 286          0.036
 287          0.028
 288          0.022
 289          0.024
 290          0.089
 291          0.088
 292          0.083
 293          0.135
 294          0.109
 295          0.209
 296          0.239
 297          0.129
 298          0.105
 299          0.116
 300          0.078
 301          0.054
 302          0.097
 303          0.070
 304          0.041
 305          0.074
 306          0.122
 307          0.101
 308          0.118
 309          0.096
 310          0.109
 311          0.117
 312          0.113
 313          0.136
 314          0.135
 315          0.067
 316          0.034
 317          0.037
 318          0.056
 319          0.073
 320          0.071
 321          0.140
 322          0.193
 323          0.208
 324          0.191
 325          0.184
 326          0.173
 327          0.138
 328          0.098
 329          0.090
 330          0.095
 331          0.128
 332          0.115
 333          0.150
 334          0.145
 335          0.121
 336          0.099
 337          0.040
 338          0.045
 339          0.036
 340          0.047
 341          0.062
 342          0.139
 343          0.155
 344          0.144
 345          0.162
 346          0.147
 347          0.123
 348          0.110
 349          0.088
 350          0.066
 351          0.052
 352          0.108
 353          0.123
 354          0.124
 355          0.070
 356          0.063
 357          0.082
 358          0.066
 359          0.093
 360          0.085
 361          0.098
 362          0.176
 363          0.156
 364          0.145
 365          0.156
 366          0.178
 367          0.100
 368          0.090
 369          0.067
 370          0.035
 371          0.085
 372          0.049
 373          0.039
 374          0.075
 375          0.091
 376          0.081
 377          0.106
 378          0.084
 379          0.049
 380          0.080
 381          0.066
 382          0.066
 383          0.080
 384          0.058
 385          0.089
 386          0.060
 387          0.052
 388          0.095
 389          0.102
 390          0.064
 391          0.042
 392          0.092
 393          0.096
 394          0.085
 395          0.176
 396          0.129
 397          0.078
 398          0.075
 399          0.074
 400          0.043
 401          0.029
 402          0.041
 403          0.019
 404          0.036
 405          0.028
 406          0.032
 407          0.066
 408          0.042
 409          0.042
 410          0.079
 411          0.093
 412          0.046
 413          0.079
 414          0.358
 415          0.163
 416          0.075
 417          0.048
 418          0.088
 419          0.069
 420          0.070
 421          0.116
 422          0.121
 423          0.081
 424          0.104
 425          0.102
 426          0.095
 427          0.040
 428          0.041
 429          0.097
 430          0.241
 431          0.160
 432          0.277
 433          0.113
 434          0.050
 435          0.053
 436          0.054
 437          0.068
 438          0.047
 439          0.051
 440          0.087
 441          0.147
 442          0.127
 443          0.141
 444          0.123
 445          0.126
 446          0.094
 447          0.089
 448          0.080
 449          0.073
 450          0.085
 451          0.096
 452          0.094
 453          0.056
 454          0.085
 455          0.088
 456          0.103
 457          0.083
 458          0.068
 459          0.165
 460          0.119
 461          0.219
 462          0.144
 463          0.066
 464          0.134
 465          0.128
 466          0.097
 467          0.128
 468          0.226
 469          0.230
 470          0.064
 471          0.084
 472          0.100
 473          0.101
 474          0.170
 475          0.294
 476          0.222
 477          0.178
 478          0.177
 479          0.141
 480          0.178
 481          0.149
 482          0.153
 483          0.136
 484          0.107
 485          0.118
 486          0.098
 487          0.034

# Average distance: 0.093 nm
