# Atom index    Distance (nm)
   1          0.617
   2          0.632
   3          0.879
   4          0.581
   5          0.392
   6          0.136
   7          0.088
   8          0.068
   9          0.059
  10          0.087
  11          0.098
  12          0.052
  13          0.073
  14          0.078
  15          0.099
  16          0.058
  17          0.064
  18          0.068
  19          0.101
  20          0.116
  21          0.160
  22          0.278
  23          0.285
  24          0.264
  25          0.147
  26          0.134
  27          0.085
  28          0.050
  29          0.123
  30          0.136
  31          0.162
  32          0.201
  33          0.211
  34          0.152
  35          0.126
  36          0.035
  37          0.105
  38          0.100
  39          0.051
  40          0.063
  41          0.098
  42          0.100
  43          0.098
  44          0.195
  45          0.125
  46          0.147
  47          0.265
  48          0.309
  49          0.600
  50          0.243
  51          0.190
  52          0.121
  53          0.092
  54          0.088
  55          0.105
  56          0.074
  57          0.104
  58          0.127
  59          0.157
  60          0.180
  61          0.157
  62          0.145
  63          0.130
  64          0.069
  65          0.081
  66          0.119
  67          0.087
  68          0.091
  69          0.073
  70          0.119
  71          0.133
  72          0.131
  73          0.132
  74          0.145
  75          0.148
  76          0.148
  77          0.187
  78          0.227
  79          0.177
  80          0.202
  81          0.186
  82          0.108
  83          0.070
  84          0.136
  85          0.130
  86          0.142
  87          0.186
  88          0.168
  89          0.206
  90          0.200
  91          0.160
  92          0.147
  93          0.095
  94          0.142
  95          0.178
  96          0.140
  97          0.130
  98          0.132
  99          0.152
 100          0.222
 101          0.297
 102          0.206
 103          0.199
 104          0.103
 105          0.142
 106          0.104
 107          0.052
 108          0.034
 109          0.062
 110          0.062
 111          0.054
 112          0.053
 113          0.052
 114          0.062
 115          0.083
 116          0.096
 117          0.115
 118          0.119
 119          0.128
 120          0.100
 121          0.059
 122          0.043
 123          0.057
 124          0.087
 125          0.115
 126          0.071
 127          0.070
 128          0.069
 129          0.031
 130          0.035
 131          0.052
 132          0.044
 133          0.069
 134          0.073
 135          0.111
 136          0.056
 137          0.064
 138          0.034
 139          0.033
 140          0.043
 141          0.042
 142          0.013
 143          0.025
 144          0.088
 145          0.066
 146          0.079
 147          0.068
 148          0.094
 149          0.117
 150          0.120
 151          0.109
 152          0.101
 153          0.072
 154          0.074
 155          0.079
 156          0.096
 157          0.072
 158          0.087
 159          0.082
 160          0.076
 161          0.114
 162          0.139
 163          0.162
 164          0.124
 165          0.043
 166          0.075
 167          0.077
 168          0.126
 169          0.100
 170          0.058
 171          0.051
 172          0.073
 173          0.079
 174          0.099
 175          0.122
 176          0.112
 177          0.075
 178          0.126
 179          0.119
 180          0.087
 181          0.144
 182          0.188
 183          0.125
 184          0.125
 185          0.095
 186          0.101
 187          0.090
 188          0.106
 189          0.131
 190          0.085
 191          0.049
 192          0.051
 193          0.077
 194          0.099
 195          0.071
 196          0.086
 197          0.112
 198          0.193
 199          0.121
 200          0.153
 201          0.177
 202          0.160
 203          0.110
 204          0.109
 205          0.084
 206          0.087
 207          0.122
 208          0.117
 209          0.095
 210          0.046
 211          0.258
 212          0.355
 213          0.283
 214          0.113
 215          0.075
 216          0.070
 217          0.070
 218          0.091
 219          0.074
 220          0.102
 221          0.057
 222          0.060
 223          0.053
 224          0.060
 225          0.061
 226          0.066
 227          0.109
 228          0.125
 229          0.124
 230          0.179
 231          0.106
 232          0.094
 233          0.050
 234          0.044
 235          0.058
 236          0.032
 237          0.068
 238          0.103
 239          0.077
 240          0.083
 241          0.075
 242          0.085
 243          0.095
 244          0.120
 245          0.071
 246          0.062
 247          0.068
 248          0.044
 249          0.048
 250          0.044
 251          0.113
 252          0.160
 253          0.080
 254          0.093
 255          0.080
 256          0.085
 257          0.079
 258          0.053
 259          0.060
 260          0.081
 261          0.084
 262          0.173
 263          0.211
 264          0.123
 265          0.094
 266          0.067
 267          0.060
 268          0.069
 269          0.026
 270          0.122
 271          0.126
 272          0.049
 273          0.060
 274          0.056
 275          0.070
 276          0.107
 277          0.134
 278          0.132
 279          0.098
 280          0.070
 281          0.089
 282          0.078
 283          0.076
 284          0.049
 285          0.033
 286          0.058
 287          0.057
 288          0.073
 289          0.061
 290          0.079
 291          0.114
 292          0.086
 293          0.167
 294          0.221
 295          0.277
 296          0.246
 297          0.164
 298          0.154
 299          0.122
 300          0.157
 301          0.071
 302          0.060
 303          0.060
 304          0.055
 305          0.062
 306          0.048
 307          0.062
 308          0.067
 309          0.045
 310          0.083
 311          0.066
 312          0.061
 313          0.053
 314          0.103
 315          0.072
 316          0.044
 317          0.031
 318          0.032
 319          0.032
 320          0.074
 321          0.098
 322          0.147
 323          0.157
 324          0.150
 325          0.275
 326          0.241
 327          0.160
 328          0.136
 329          0.136
 330          0.131
 331          0.157
 332          0.137
 333          0.208
 334          0.106
 335          0.120
 336          0.110
 337          0.099
 338          0.100
 339          0.111
 340          0.184
 341          0.141
 342          0.168
 343          0.116
 344          0.171
 345          0.169
 346          0.229
 347          0.156
 348          0.175
 349          0.131
 350          0.139
 351          0.129
 352          0.144
 353          0.138
 354          0.123
 355          0.113
 356          0.124
 357          0.095
 358          0.127
 359          0.116
 360          0.130
 361          0.202
 362          0.184
 363          0.235
 364          0.166
 365          0.211
 366          0.173
 367          0.185
 368          0.161
 369          0.153
 370          0.125
 371          0.078
 372          0.064
 373          0.028
 374          0.058
 375          0.053
 376          0.067
 377          0.048
 378          0.029
 379          0.092
 380          0.103
 381          0.084
 382          0.123
 383          0.125
 384          0.128
 385          0.113
 386          0.102
 387          0.133
 388          0.104
 389          0.099
 390          0.091
 391          0.139
 392          0.244
 393          0.224
 394          0.315
 395          0.493
 396          0.343
 397          0.153
 398          0.114
 399          0.125
 400          0.131
 401          0.107
 402          0.111
 403          0.077
 404          0.094
 405          0.141
 406          0.133
 407          0.156
 408          0.074
 409          0.078
 410          0.055
 411          0.048
 412          0.048
 413          0.106
 414          0.268
 415          0.186
 416          0.066
 417          0.079
 418          0.076
 419          0.063
 420          0.068
 421          0.113
 422          0.208
 423          0.233
 424          0.184
 425          0.122
 426          0.109
 427          0.080
 428          0.085
 429          0.076
 430          0.158
 431          0.163
 432          0.135
 433          0.063
 434          0.099
 435          0.099
 436          0.110
 437          0.105
 438          0.173
 439          0.160
 440          0.134
 441          0.155
 442          0.136
 443          0.107
 444          0.074
 445          0.077
 446          0.058
 447          0.033
 448          0.074
 449          0.071
 450          0.073
 451          0.053
 452          0.102
 453          0.132
 454          0.090
 455          0.097
 456          0.095
 457          0.088
 458          0.049
 459          0.091
 460          0.122
 461          0.054
 462          0.050
 463          0.055
 464          0.064
 465          0.081
 466          0.057
 467          0.111
 468          0.146
 469          0.092
 470          0.109
 471          0.096
 472          0.086
 473          0.071
 474          0.078
 475          0.061
 476          0.017
 477          0.056
 478          0.042
 479          0.057
 480          0.061
 481          0.073
 482          0.078
 483          0.104
 484          0.134
 485          0.094
 486          0.109
 487          0.108

# Average distance: 0.117 nm
