# Atom index    Distance (nm)
   1          0.126
   2          0.206
   3          0.228
   4          0.109
   5          0.023
   6          0.042
   7          0.037
   8          0.070
   9          0.093
  10          0.080
  11          0.046
  12          0.033
  13          0.093
  14          0.102
  15          0.032
  16          0.033
  17          0.051
  18          0.083
  19          0.092
  20          0.053
  21          0.100
  22          0.135
  23          0.122
  24          0.125
  25          0.076
  26          0.084
  27          0.042
  28          0.055
  29          0.053
  30          0.068
  31          0.100
  32          0.107
  33          0.085
  34          0.114
  35          0.117
  36          0.112
  37          0.097
  38          0.089
  39          0.086
  40          0.091
  41          0.070
  42          0.075
  43          0.083
  44          0.127
  45          0.081
  46          0.211
  47          0.229
  48          0.433
  49          0.357
  50          0.157
  51          0.174
  52          0.158
  53          0.142
  54          0.117
  55          0.124
  56          0.118
  57          0.097
  58          0.100
  59          0.052
  60          0.066
  61          0.055
  62          0.080
  63          0.092
  64          0.069
  65          0.071
  66          0.177
  67          0.163
  68          0.084
  69          0.051
  70          0.095
  71          0.114
  72          0.061
  73          0.078
  74          0.063
  75          0.039
  76          0.037
  77          0.149
  78          0.149
  79          0.163
  80          0.189
  81          0.192
  82          0.163
  83          0.113
  84          0.112
  85          0.099
  86          0.095
  87          0.046
  88          0.058
  89          0.091
  90          0.124
  91          0.149
  92          0.092
  93          0.080
  94          0.051
  95          0.030
  96          0.041
  97          0.028
  98          0.026
  99          0.120
 100          0.149
 101          0.082
 102          0.092
 103          0.084
 104          0.052
 105          0.043
 106          0.058
 107          0.085
 108          0.128
 109          0.097
 110          0.129
 111          0.157
 112          0.150
 113          0.102
 114          0.116
 115          0.079
 116          0.097
 117          0.075
 118          0.091
 119          0.069
 120          0.082
 121          0.064
 122          0.119
 123          0.125
 124          0.106
 125          0.103
 126          0.026
 127          0.061
 128          0.085
 129          0.118
 130          0.081
 131          0.059
 132          0.074
 133          0.082
 134          0.064
 135          0.044
 136          0.041
 137          0.042
 138          0.069
 139          0.060
 140          0.098
 141          0.196
 142          0.200
 143          0.151
 144          0.164
 145          0.115
 146          0.110
 147          0.061
 148          0.054
 149          0.063
 150          0.085
 151          0.127
 152          0.187
 153          0.201
 154          0.139
 155          0.034
 156          0.094
 157          0.115
 158          0.099
 159          0.093
 160          0.130
 161          0.150
 162          0.148
 163          0.144
 164          0.124
 165          0.183
 166          0.203
 167          0.171
 168          0.145
 169          0.127
 170          0.052
 171          0.081
 172          0.071
 173          0.073
 174          0.061
 175          0.082
 176          0.135
 177          0.102
 178          0.065
 179          0.075
 180          0.108
 181          0.134
 182          0.063
 183          0.084
 184          0.092
 185          0.124
 186          0.109
 187          0.134
 188          0.087
 189          0.052
 190          0.017
 191          0.032
 192          0.098
 193          0.121
 194          0.100
 195          0.041
 196          0.040
 197          0.049
 198          0.056
 199          0.087
 200          0.071
 201          0.077
 202          0.117
 203          0.096
 204          0.042
 205          0.049
 206          0.098
 207          0.172
 208          0.159
 209          0.141
 210          0.153
 211          0.050
 212          0.084
 213          0.170
 214          0.168
 215          0.164
 216          0.137
 217          0.196
 218          0.217
 219          0.209
 220          0.223
 221          0.189
 222          0.206
 223          0.192
 224          0.198
 225          0.240
 226          0.177
 227          0.166
 228          0.096
 229          0.121
 230          0.120
 231          0.095
 232          0.138
 233          0.155
 234          0.158
 235          0.156
 236          0.226
 237          0.169
 238          0.174
 239          0.113
 240          0.151
 241          0.124
 242          0.129
 243          0.133
 244          0.109
 245          0.191
 246          0.188
 247          0.130
 248          0.166
 249          0.160
 250          0.127
 251          0.094
 252          0.101
 253          0.093
 254          0.143
 255          0.134
 256          0.145
 257          0.108
 258          0.085
 259          0.057
 260          0.065
 261          0.055
 262          0.048
 263          0.064
 264          0.066
 265          0.093
 266          0.071
 267          0.060
 268          0.079
 269          0.041
 270          0.035
 271          0.132
 272          0.073
 273          0.089
 274          0.078
 275          0.043
 276          0.037
 277          0.031
 278          0.106
 279          0.067
 280          0.127
 281          0.125
 282          0.102
 283          0.140
 284          0.143
 285          0.115
 286          0.090
 287          0.124
 288          0.131
 289          0.145
 290          0.113
 291          0.164
 292          0.192
 293          0.313
 294          0.177
 295          0.305
 296          0.374
 297          0.206
 298          0.219
 299          0.214
 300          0.238
 301          0.111
 302          0.153
 303          0.129
 304          0.166
 305          0.174
 306          0.200
 307          0.154
 308          0.160
 309          0.148
 310          0.168
 311          0.185
 312          0.138
 313          0.232
 314          0.224
 315          0.136
 316          0.130
 317          0.090
 318          0.090
 319          0.070
 320          0.142
 321          0.197
 322          0.259
 323          0.241
 324          0.187
 325          0.206
 326          0.197
 327          0.170
 328          0.123
 329          0.147
 330          0.187
 331          0.245
 332          0.219
 333          0.212
 334          0.144
 335          0.095
 336          0.097
 337          0.115
 338          0.086
 339          0.132
 340          0.141
 341          0.140
 342          0.184
 343          0.167
 344          0.152
 345          0.156
 346          0.189
 347          0.190
 348          0.148
 349          0.086
 350          0.067
 351          0.091
 352          0.113
 353          0.115
 354          0.067
 355          0.092
 356          0.085
 357          0.096
 358          0.093
 359          0.088
 360          0.077
 361          0.166
 362          0.240
 363          0.248
 364          0.198
 365          0.149
 366          0.136
 367          0.094
 368          0.099
 369          0.083
 370          0.073
 371          0.086
 372          0.085
 373          0.098
 374          0.138
 375          0.142
 376          0.116
 377          0.086
 378          0.123
 379          0.047
 380          0.058
 381          0.042
 382          0.036
 383          0.028
 384          0.044
 385          0.028
 386          0.025
 387          0.050
 388          0.059
 389          0.096
 390          0.080
 391          0.063
 392          0.063
 393          0.085
 394          0.135
 395          0.144
 396          0.112
 397          0.099
 398          0.074
 399          0.086
 400          0.056
 401          0.078
 402          0.120
 403          0.096
 404          0.074
 405          0.071
 406          0.095
 407          0.090
 408          0.082
 409          0.090
 410          0.064
 411          0.119
 412          0.121
 413          0.146
 414          0.092
 415          0.097
 416          0.119
 417          0.043
 418          0.030
 419          0.017
 420          0.057
 421          0.027
 422          0.152
 423          0.116
 424          0.042
 425          0.053
 426          0.016
 427          0.046
 428          0.056
 429          0.070
 430          0.202
 431          0.210
 432          0.089
 433          0.044
 434          0.042
 435          0.038
 436          0.038
 437          0.074
 438          0.084
 439          0.085
 440          0.092
 441          0.231
 442          0.141
 443          0.088
 444          0.061
 445          0.048
 446          0.060
 447          0.065
 448          0.061
 449          0.096
 450          0.089
 451          0.083
 452          0.047
 453          0.055
 454          0.038
 455          0.082
 456          0.095
 457          0.097
 458          0.032
 459          0.031
 460          0.105
 461          0.147
 462          0.079
 463          0.075
 464          0.067
 465          0.040
 466          0.091
 467          0.028
 468          0.022
 469          0.016
 470          0.042
 471          0.092
 472          0.063
 473          0.034
 474          0.044
 475          0.075
 476          0.040
 477          0.088
 478          0.053
 479          0.074
 480          0.074
 481          0.103
 482          0.085
 483          0.084
 484          0.066
 485          0.063
 486          0.052
 487          0.076

# Average distance: 0.108 nm
