# Atom index    Distance (nm)
   1          0.227
   2          0.278
   3          0.497
   4          0.322
   5          0.218
   6          0.035
   7          0.042
   8          0.066
   9          0.060
  10          0.056
  11          0.032
  12          0.032
  13          0.112
  14          0.124
  15          0.063
  16          0.016
  17          0.024
  18          0.036
  19          0.057
  20          0.063
  21          0.045
  22          0.080
  23          0.124
  24          0.004
  25          0.096
  26          0.112
  27          0.085
  28          0.050
  29          0.057
  30          0.063
  31          0.069
  32          0.081
  33          0.056
  34          0.042
  35          0.026
  36          0.015
  37          0.022
  38          0.020
  39          0.054
  40          0.062
  41          0.039
  42          0.041
  43          0.070
  44          0.142
  45          0.246
  46          0.355
  47          0.515
  48          0.626
  49          0.393
  50          0.286
  51          0.124
  52          0.089
  53          0.119
  54          0.070
  55          0.043
  56          0.062
  57          0.049
  58          0.038
  59          0.078
  60          0.069
  61          0.049
  62          0.042
  63          0.039
  64          0.087
  65          0.109
  66          0.163
  67          0.241
  68          0.250
  69          0.183
  70          0.123
  71          0.158
  72          0.122
  73          0.121
  74          0.081
  75          0.089
  76          0.039
  77          0.051
  78          0.006
  79          0.051
  80          0.169
  81          0.210
  82          0.127
  83          0.095
  84          0.102
  85          0.091
  86          0.114
  87          0.144
  88          0.158
  89          0.188
  90          0.190
  91          0.272
  92          0.226
  93          0.171
  94          0.106
  95          0.098
  96          0.073
  97          0.087
  98          0.063
  99          0.097
 100          0.099
 101          0.130
 102          0.095
 103          0.055
 104          0.057
 105          0.092
 106          0.076
 107          0.065
 108          0.105
 109          0.100
 110          0.074
 111          0.067
 112          0.058
 113          0.084
 114          0.108
 115          0.089
 116          0.099
 117          0.077
 118          0.091
 119          0.075
 120          0.088
 121          0.083
 122          0.073
 123          0.045
 124          0.054
 125          0.052
 126          0.055
 127          0.070
 128          0.070
 129          0.043
 130          0.057
 131          0.082
 132          0.095
 133          0.067
 134          0.094
 135          0.028
 136          0.067
 137          0.074
 138          0.091
 139          0.115
 140          0.095
 141          0.177
 142          0.232
 143          0.187
 144          0.155
 145          0.169
 146          0.130
 147          0.119
 148          0.103
 149          0.116
 150          0.068
 151          0.118
 152          0.164
 153          0.131
 154          0.109
 155          0.093
 156          0.077
 157          0.072
 158          0.095
 159          0.091
 160          0.155
 161          0.165
 162          0.205
 163          0.220
 164          0.118
 165          0.041
 166          0.059
 167          0.055
 168          0.050
 169          0.043
 170          0.040
 171          0.052
 172          0.028
 173          0.030
 174          0.022
 175          0.055
 176          0.081
 177          0.123
 178          0.040
 179          0.068
 180          0.037
 181          0.035
 182          0.107
 183          0.085
 184          0.129
 185          0.151
 186          0.198
 187          0.153
 188          0.134
 189          0.085
 190          0.057
 191          0.064
 192          0.044
 193          0.092
 194          0.106
 195          0.104
 196          0.082
 197          0.096
 198          0.145
 199          0.142
 200          0.129
 201          0.142
 202          0.159
 203          0.087
 204          0.066
 205          0.036
 206          0.063
 207          0.032
 208          0.065
 209          0.086
 210          0.099
 211          0.063
 212          0.149
 213          0.112
 214          0.148
 215          0.110
 216          0.026
 217          0.034
 218          0.023
 219          0.070
 220          0.074
 221          0.036
 222          0.043
 223          0.042
 224          0.007
 225          0.036
 226          0.064
 227          0.063
 228          0.065
 229          0.146
 230          0.141
 231          0.060
 232          0.070
 233          0.081
 234          0.107
 235          0.090
 236          0.047
 237          0.044
 238          0.061
 239          0.037
 240          0.187
 241          0.055
 242          0.023
 243          0.101
 244          0.152
 245          0.132
 246          0.076
 247          0.128
 248          0.148
 249          0.144
 250          0.079
 251          0.077
 252          0.063
 253          0.045
 254          0.065
 255          0.016
 256          0.038
 257          0.044
 258          0.046
 259          0.051
 260          0.061
 261          0.059
 262          0.040
 263          0.048
 264          0.117
 265          0.110
 266          0.070
 267          0.063
 268          0.073
 269          0.076
 270          0.073
 271          0.087
 272          0.100
 273          0.094
 274          0.089
 275          0.081
 276          0.064
 277          0.045
 278          0.047
 279          0.092
 280          0.069
 281          0.058
 282          0.064
 283          0.041
 284          0.052
 285          0.037
 286          0.019
 287          0.023
 288          0.045
 289          0.054
 290          0.054
 291          0.016
 292          0.035
 293          0.040
 294          0.057
 295          0.155
 296          0.154
 297          0.122
 298          0.042
 299          0.022
 300          0.038
 301          0.027
 302          0.045
 303          0.026
 304          0.029
 305          0.013
 306          0.048
 307          0.024
 308          0.027
 309          0.079
 310          0.069
 311          0.060
 312          0.113
 313          0.153
 314          0.186
 315          0.094
 316          0.059
 317          0.073
 318          0.063
 319          0.050
 320          0.022
 321          0.028
 322          0.062
 323          0.096
 324          0.059
 325          0.072
 326          0.025
 327          0.044
 328          0.067
 329          0.088
 330          0.052
 331          0.054
 332          0.077
 333          0.095
 334          0.125
 335          0.125
 336          0.162
 337          0.151
 338          0.105
 339          0.068
 340          0.065
 341          0.078
 342          0.059
 343          0.032
 344          0.061
 345          0.057
 346          0.076
 347          0.080
 348          0.074
 349          0.078
 350          0.048
 351          0.067
 352          0.079
 353          0.086
 354          0.044
 355          0.040
 356          0.058
 357          0.072
 358          0.060
 359          0.073
 360          0.069
 361          0.061
 362          0.070
 363          0.063
 364          0.082
 365          0.054
 366          0.091
 367          0.044
 368          0.041
 369          0.042
 370          0.054
 371          0.101
 372          0.059
 373          0.056
 374          0.056
 375          0.059
 376          0.054
 377          0.053
 378          0.050
 379          0.040
 380          0.026
 381          0.056
 382          0.057
 383          0.069
 384          0.063
 385          0.068
 386          0.038
 387          0.075
 388          0.041
 389          0.074
 390          0.081
 391          0.102
 392          0.133
 393          0.216
 394          0.217
 395          0.092
 396          0.074
 397          0.044
 398          0.078
 399          0.083
 400          0.074
 401          0.041
 402          0.038
 403          0.062
 404          0.061
 405          0.068
 406          0.065
 407          0.055
 408          0.049
 409          0.054
 410          0.050
 411          0.053
 412          0.066
 413          0.044
 414          0.113
 415          0.057
 416          0.074
 417          0.069
 418          0.044
 419          0.026
 420          0.023
 421          0.098
 422          0.124
 423          0.080
 424          0.078
 425          0.070
 426          0.031
 427          0.059
 428          0.025
 429          0.078
 430          0.212
 431          0.277
 432          0.234
 433          0.166
 434          0.103
 435          0.058
 436          0.045
 437          0.113
 438          0.090
 439          0.028
 440          0.045
 441          0.085
 442          0.133
 443          0.133
 444          0.067
 445          0.077
 446          0.093
 447          0.029
 448          0.028
 449          0.033
 450          0.062
 451          0.086
 452          0.093
 453          0.067
 454          0.085
 455          0.057
 456          0.065
 457          0.051
 458          0.096
 459          0.119
 460          0.354
 461          0.233
 462          0.194
 463          0.160
 464          0.121
 465          0.172
 466          0.137
 467          0.149
 468          0.187
 469          0.140
 470          0.136
 471          0.112
 472          0.087
 473          0.050
 474          0.150
 475          0.176
 476          0.158
 477          0.103
 478          0.044
 479          0.070
 480          0.073
 481          0.128
 482          0.139
 483          0.090
 484          0.071
 485          0.040
 486          0.056
 487          0.067

# Average distance: 0.090 nm
