# Atom index    Distance (nm)
   1          0.157
   2          0.141
   3          0.145
   4          0.155
   5          0.133
   6          0.120
   7          0.125
   8          0.097
   9          0.099
  10          0.061
  11          0.060
  12          0.075
  13          0.044
  14          0.067
  15          0.061
  16          0.081
  17          0.086
  18          0.084
  19          0.102
  20          0.122
  21          0.190
  22          0.220
  23          0.189
  24          0.196
  25          0.180
  26          0.200
  27          0.151
  28          0.109
  29          0.102
  30          0.106
  31          0.088
  32          0.098
  33          0.077
  34          0.093
  35          0.099
  36          0.110
  37          0.097
  38          0.095
  39          0.084
  40          0.123
  41          0.118
  42          0.053
  43          0.044
  44          0.044
  45          0.190
  46          0.322
  47          0.365
  48          0.381
  49          0.372
  50          0.406
  51          0.301
  52          0.122
  53          0.058
  54          0.092
  55          0.048
  56          0.049
  57          0.090
  58          0.097
  59          0.128
  60          0.128
  61          0.106
  62          0.074
  63          0.046
  64          0.060
  65          0.063
  66          0.069
  67          0.128
  68          0.195
  69          0.241
  70          0.216
  71          0.197
  72          0.102
  73          0.165
  74          0.156
  75          0.193
  76          0.148
  77          0.105
  78          0.128
  79          0.163
  80          0.134
  81          0.100
  82          0.120
  83          0.070
  84          0.069
  85          0.056
  86          0.101
  87          0.125
  88          0.050
  89          0.060
  90          0.035
  91          0.028
  92          0.087
  93          0.028
  94          0.038
  95          0.015
  96          0.051
  97          0.063
  98          0.062
  99          0.094
 100          0.192
 101          0.217
 102          0.188
 103          0.166
 104          0.128
 105          0.060
 106          0.044
 107          0.078
 108          0.071
 109          0.080
 110          0.114
 111          0.123
 112          0.117
 113          0.130
 114          0.134
 115          0.097
 116          0.155
 117          0.118
 118          0.142
 119          0.140
 120          0.106
 121          0.142
 122          0.098
 123          0.093
 124          0.105
 125          0.063
 126          0.050
 127          0.066
 128          0.095
 129          0.073
 130          0.055
 131          0.056
 132          0.077
 133          0.047
 134          0.105
 135          0.035
 136          0.044
 137          0.088
 138          0.132
 139          0.108
 140          0.094
 141          0.098
 142          0.126
 143          0.130
 144          0.085
 145          0.072
 146          0.041
 147          0.045
 148          0.041
 149          0.034
 150          0.149
 151          0.279
 152          0.317
 153          0.249
 154          0.166
 155          0.086
 156          0.098
 157          0.093
 158          0.145
 159          0.064
 160          0.072
 161          0.072
 162          0.096
 163          0.067
 164          0.086
 165          0.096
 166          0.079
 167          0.036
 168          0.052
 169          0.056
 170          0.052
 171          0.038
 172          0.039
 173          0.041
 174          0.048
 175          0.071
 176          0.088
 177          0.099
 178          0.023
 179          0.054
 180          0.062
 181          0.046
 182          0.043
 183          0.071
 184          0.055
 185          0.036
 186          0.080
 187          0.063
 188          0.009
 189          0.018
 190          0.036
 191          0.043
 192          0.038
 193          0.061
 194          0.098
 195          0.081
 196          0.040
 197          0.034
 198          0.053
 199          0.118
 200          0.126
 201          0.097
 202          0.095
 203          0.086
 204          0.073
 205          0.108
 206          0.047
 207          0.020
 208          0.036
 209          0.036
 210          0.021
 211          0.093
 212          0.278
 213          0.182
 214          0.085
 215          0.052
 216          0.039
 217          0.080
 218          0.048
 219          0.099
 220          0.229
 221          0.118
 222          0.049
 223          0.019
 224          0.050
 225          0.039
 226          0.050
 227          0.025
 228          0.069
 229          0.176
 230          0.166
 231          0.199
 232          0.051
 233          0.068
 234          0.046
 235          0.038
 236          0.063
 237          0.055
 238          0.112
 239          0.114
 240          0.113
 241          0.033
 242          0.069
 243          0.101
 244          0.139
 245          0.048
 246          0.093
 247          0.087
 248          0.077
 249          0.079
 250          0.085
 251          0.059
 252          0.061
 253          0.064
 254          0.051
 255          0.035
 256          0.045
 257          0.064
 258          0.034
 259          0.081
 260          0.062
 261          0.042
 262          0.069
 263          0.038
 264          0.053
 265          0.059
 266          0.045
 267          0.049
 268          0.057
 269          0.052
 270          0.038
 271          0.046
 272          0.040
 273          0.035
 274          0.044
 275          0.066
 276          0.070
 277          0.038
 278          0.036
 279          0.041
 280          0.082
 281          0.073
 282          0.035
 283          0.099
 284          0.077
 285          0.049
 286          0.073
 287          0.070
 288          0.063
 289          0.063
 290          0.134
 291          0.125
 292          0.165
 293          0.177
 294          0.297
 295          0.358
 296          0.205
 297          0.227
 298          0.139
 299          0.139
 300          0.103
 301          0.028
 302          0.059
 303          0.049
 304          0.079
 305          0.043
 306          0.052
 307          0.051
 308          0.041
 309          0.021
 310          0.034
 311          0.053
 312          0.095
 313          0.145
 314          0.222
 315          0.092
 316          0.012
 317          0.034
 318          0.021
 319          0.056
 320          0.090
 321          0.088
 322          0.070
 323          0.081
 324          0.139
 325          0.204
 326          0.175
 327          0.093
 328          0.073
 329          0.112
 330          0.140
 331          0.130
 332          0.072
 333          0.054
 334          0.043
 335          0.082
 336          0.067
 337          0.057
 338          0.070
 339          0.082
 340          0.093
 341          0.116
 342          0.062
 343          0.078
 344          0.062
 345          0.063
 346          0.075
 347          0.037
 348          0.083
 349          0.114
 350          0.113
 351          0.119
 352          0.151
 353          0.149
 354          0.084
 355          0.097
 356          0.076
 357          0.067
 358          0.052
 359          0.071
 360          0.075
 361          0.075
 362          0.056
 363          0.052
 364          0.050
 365          0.043
 366          0.111
 367          0.105
 368          0.093
 369          0.121
 370          0.087
 371          0.064
 372          0.087
 373          0.056
 374          0.075
 375          0.065
 376          0.013
 377          0.054
 378          0.051
 379          0.056
 380          0.032
 381          0.047
 382          0.028
 383          0.050
 384          0.124
 385          0.079
 386          0.107
 387          0.141
 388          0.051
 389          0.070
 390          0.074
 391          0.108
 392          0.131
 393          0.136
 394          0.198
 395          0.216
 396          0.128
 397          0.078
 398          0.054
 399          0.102
 400          0.114
 401          0.133
 402          0.041
 403          0.048
 404          0.059
 405          0.059
 406          0.052
 407          0.026
 408          0.030
 409          0.058
 410          0.045
 411          0.052
 412          0.071
 413          0.071
 414          0.061
 415          0.025
 416          0.069
 417          0.073
 418          0.064
 419          0.081
 420          0.072
 421          0.078
 422          0.155
 423          0.222
 424          0.106
 425          0.055
 426          0.052
 427          0.049
 428          0.049
 429          0.133
 430          0.190
 431          0.278
 432          0.352
 433          0.214
 434          0.122
 435          0.075
 436          0.072
 437          0.048
 438          0.147
 439          0.181
 440          0.195
 441          0.246
 442          0.167
 443          0.110
 444          0.100
 445          0.052
 446          0.038
 447          0.020
 448          0.030
 449          0.113
 450          0.130
 451          0.121
 452          0.265
 453          0.122
 454          0.063
 455          0.074
 456          0.079
 457          0.072
 458          0.064
 459          0.074
 460          0.118
 461          0.123
 462          0.145
 463          0.071
 464          0.089
 465          0.076
 466          0.077
 467          0.048
 468          0.103
 469          0.138
 470          0.144
 471          0.057
 472          0.027
 473          0.093
 474          0.117
 475          0.186
 476          0.046
 477          0.071
 478          0.116
 479          0.100
 480          0.194
 481          0.287
 482          0.294
 483          0.161
 484          0.106
 485          0.082
 486          0.071
 487          0.064

# Average distance: 0.096 nm
