# Atom index    Distance (nm)
   1          0.686
   2          0.683
   3          0.564
   4          0.404
   5          0.231
   6          0.173
   7          0.084
   8          0.043
   9          0.041
  10          0.050
  11          0.054
  12          0.104
  13          0.115
  14          0.118
  15          0.077
  16          0.079
  17          0.061
  18          0.030
  19          0.034
  20          0.109
  21          0.109
  22          0.116
  23          0.114
  24          0.139
  25          0.068
  26          0.078
  27          0.021
  28          0.081
  29          0.087
  30          0.101
  31          0.064
  32          0.058
  33          0.065
  34          0.045
  35          0.108
  36          0.111
  37          0.048
  38          0.028
  39          0.036
  40          0.068
  41          0.080
  42          0.064
  43          0.034
  44          0.033
  45          0.147
  46          0.105
  47          0.091
  48          0.148
  49          0.144
  50          0.262
  51          0.080
  52          0.103
  53          0.056
  54          0.076
  55          0.077
  56          0.083
  57          0.083
  58          0.044
  59          0.059
  60          0.093
  61          0.083
  62          0.058
  63          0.057
  64          0.038
  65          0.058
  66          0.044
  67          0.098
  68          0.035
  69          0.077
  70          0.076
  71          0.081
  72          0.071
  73          0.068
  74          0.062
  75          0.060
  76          0.053
  77          0.098
  78          0.088
  79          0.066
  80          0.120
  81          0.045
  82          0.050
  83          0.033
  84          0.041
  85          0.029
  86          0.061
  87          0.054
  88          0.102
  89          0.121
  90          0.162
  91          0.234
  92          0.251
  93          0.200
  94          0.134
  95          0.091
  96          0.107
  97          0.043
  98          0.053
  99          0.059
 100          0.081
 101          0.157
 102          0.078
 103          0.073
 104          0.055
 105          0.082
 106          0.085
 107          0.092
 108          0.086
 109          0.073
 110          0.112
 111          0.106
 112          0.087
 113          0.104
 114          0.057
 115          0.038
 116          0.036
 117          0.064
 118          0.053
 119          0.065
 120          0.068
 121          0.040
 122          0.127
 123          0.093
 124          0.077
 125          0.120
 126          0.125
 127          0.077
 128          0.041
 129          0.057
 130          0.042
 131          0.033
 132          0.116
 133          0.051
 134          0.072
 135          0.032
 136          0.044
 137          0.066
 138          0.067
 139          0.078
 140          0.069
 141          0.214
 142          0.110
 143          0.095
 144          0.160
 145          0.097
 146          0.071
 147          0.080
 148          0.076
 149          0.076
 150          0.111
 151          0.146
 152          0.220
 153          0.258
 154          0.244
 155          0.202
 156          0.128
 157          0.115
 158          0.106
 159          0.090
 160          0.132
 161          0.171
 162          0.224
 163          0.234
 164          0.090
 165          0.088
 166          0.070
 167          0.053
 168          0.075
 169          0.052
 170          0.040
 171          0.053
 172          0.057
 173          0.059
 174          0.070
 175          0.087
 176          0.122
 177          0.126
 178          0.134
 179          0.106
 180          0.086
 181          0.091
 182          0.093
 183          0.087
 184          0.076
 185          0.113
 186          0.111
 187          0.137
 188          0.159
 189          0.152
 190          0.070
 191          0.067
 192          0.029
 193          0.063
 194          0.060
 195          0.104
 196          0.166
 197          0.214
 198          0.246
 199          0.285
 200          0.233
 201          0.096
 202          0.141
 203          0.108
 204          0.101
 205          0.104
 206          0.083
 207          0.079
 208          0.076
 209          0.136
 210          0.179
 211          0.182
 212          0.206
 213          0.172
 214          0.123
 215          0.092
 216          0.077
 217          0.037
 218          0.087
 219          0.115
 220          0.137
 221          0.129
 222          0.142
 223          0.131
 224          0.126
 225          0.127
 226          0.098
 227          0.117
 228          0.121
 229          0.144
 230          0.159
 231          0.152
 232          0.114
 233          0.158
 234          0.138
 235          0.167
 236          0.176
 237          0.196
 238          0.199
 239          0.128
 240          0.208
 241          0.227
 242          0.243
 243          0.200
 244          0.098
 245          0.107
 246          0.069
 247          0.083
 248          0.090
 249          0.096
 250          0.049
 251          0.016
 252          0.030
 253          0.062
 254          0.034
 255          0.060
 256          0.044
 257          0.075
 258          0.082
 259          0.079
 260          0.065
 261          0.063
 262          0.050
 263          0.037
 264          0.025
 265          0.028
 266          0.062
 267          0.029
 268          0.085
 269          0.162
 270          0.177
 271          0.195
 272          0.186
 273          0.225
 274          0.147
 275          0.108
 276          0.070
 277          0.045
 278          0.065
 279          0.023
 280          0.093
 281          0.095
 282          0.071
 283          0.059
 284          0.084
 285          0.146
 286          0.104
 287          0.077
 288          0.077
 289          0.111
 290          0.128
 291          0.047
 292          0.085
 293          0.081
 294          0.058
 295          0.067
 296          0.051
 297          0.062
 298          0.046
 299          0.088
 300          0.090
 301          0.082
 302          0.125
 303          0.096
 304          0.055
 305          0.058
 306          0.098
 307          0.164
 308          0.105
 309          0.057
 310          0.071
 311          0.073
 312          0.113
 313          0.101
 314          0.272
 315          0.195
 316          0.127
 317          0.107
 318          0.092
 319          0.087
 320          0.075
 321          0.083
 322          0.156
 323          0.112
 324          0.113
 325          0.106
 326          0.113
 327          0.101
 328          0.087
 329          0.049
 330          0.031
 331          0.075
 332          0.026
 333          0.093
 334          0.080
 335          0.093
 336          0.136
 337          0.102
 338          0.065
 339          0.038
 340          0.063
 341          0.061
 342          0.080
 343          0.081
 344          0.093
 345          0.037
 346          0.120
 347          0.091
 348          0.135
 349          0.121
 350          0.185
 351          0.169
 352          0.165
 353          0.183
 354          0.167
 355          0.116
 356          0.127
 357          0.153
 358          0.147
 359          0.123
 360          0.153
 361          0.162
 362          0.216
 363          0.325
 364          0.268
 365          0.245
 366          0.197
 367          0.202
 368          0.087
 369          0.027
 370          0.022
 371          0.054
 372          0.051
 373          0.055
 374          0.064
 375          0.062
 376          0.077
 377          0.068
 378          0.020
 379          0.051
 380          0.047
 381          0.025
 382          0.035
 383          0.048
 384          0.120
 385          0.114
 386          0.081
 387          0.048
 388          0.032
 389          0.033
 390          0.071
 391          0.043
 392          0.110
 393          0.199
 394          0.349
 395          0.324
 396          0.218
 397          0.062
 398          0.064
 399          0.060
 400          0.041
 401          0.039
 402          0.036
 403          0.016
 404          0.015
 405          0.031
 406          0.065
 407          0.066
 408          0.040
 409          0.040
 410          0.084
 411          0.066
 412          0.066
 413          0.075
 414          0.084
 415          0.124
 416          0.081
 417          0.094
 418          0.067
 419          0.024
 420          0.037
 421          0.075
 422          0.102
 423          0.076
 424          0.080
 425          0.023
 426          0.053
 427          0.058
 428          0.061
 429          0.090
 430          0.289
 431          0.313
 432          0.217
 433          0.098
 434          0.053
 435          0.059
 436          0.022
 437          0.015
 438          0.104
 439          0.122
 440          0.172
 441          0.144
 442          0.104
 443          0.065
 444          0.107
 445          0.107
 446          0.111
 447          0.117
 448          0.118
 449          0.075
 450          0.079
 451          0.077
 452          0.070
 453          0.050
 454          0.114
 455          0.103
 456          0.113
 457          0.097
 458          0.106
 459          0.119
 460          0.138
 461          0.085
 462          0.130
 463          0.125
 464          0.085
 465          0.067
 466          0.155
 467          0.194
 468          0.436
 469          0.361
 470          0.124
 471          0.093
 472          0.052
 473          0.067
 474          0.126
 475          0.276
 476          0.257
 477          0.221
 478          0.160
 479          0.148
 480          0.171
 481          0.173
 482          0.180
 483          0.148
 484          0.122
 485          0.106
 486          0.067
 487          0.040

# Average distance: 0.106 nm
