# Atom index    Distance (nm)
   1          0.891
   2          0.809
   3          0.701
   4          0.509
   5          0.182
   6          0.159
   7          0.108
   8          0.086
   9          0.067
  10          0.044
  11          0.073
  12          0.089
  13          0.081
  14          0.122
  15          0.121
  16          0.118
  17          0.061
  18          0.059
  19          0.048
  20          0.056
  21          0.176
  22          0.207
  23          0.248
  24          0.227
  25          0.123
  26          0.111
  27          0.086
  28          0.084
  29          0.099
  30          0.141
  31          0.037
  32          0.054
  33          0.033
  34          0.048
  35          0.067
  36          0.062
  37          0.070
  38          0.046
  39          0.079
  40          0.055
  41          0.050
  42          0.072
  43          0.111
  44          0.125
  45          0.076
  46          0.129
  47          0.114
  48          0.128
  49          0.083
  50          0.094
  51          0.232
  52          0.161
  53          0.088
  54          0.075
  55          0.085
  56          0.092
  57          0.052
  58          0.087
  59          0.110
  60          0.167
  61          0.146
  62          0.126
  63          0.102
  64          0.050
  65          0.118
  66          0.093
  67          0.132
  68          0.121
  69          0.151
  70          0.122
  71          0.118
  72          0.130
  73          0.129
  74          0.107
  75          0.156
  76          0.169
  77          0.211
  78          0.315
  79          0.158
  80          0.129
  81          0.093
  82          0.090
  83          0.089
  84          0.076
  85          0.060
  86          0.049
  87          0.050
  88          0.173
  89          0.136
  90          0.123
  91          0.203
  92          0.278
  93          0.219
  94          0.142
  95          0.100
  96          0.082
  97          0.057
  98          0.101
  99          0.109
 100          0.105
 101          0.148
 102          0.147
 103          0.124
 104          0.139
 105          0.118
 106          0.077
 107          0.088
 108          0.186
 109          0.136
 110          0.117
 111          0.118
 112          0.102
 113          0.094
 114          0.107
 115          0.099
 116          0.143
 117          0.164
 118          0.212
 119          0.202
 120          0.157
 121          0.173
 122          0.167
 123          0.135
 124          0.097
 125          0.108
 126          0.126
 127          0.127
 128          0.139
 129          0.126
 130          0.122
 131          0.113
 132          0.114
 133          0.090
 134          0.083
 135          0.087
 136          0.067
 137          0.096
 138          0.059
 139          0.046
 140          0.062
 141          0.057
 142          0.056
 143          0.044
 144          0.046
 145          0.026
 146          0.038
 147          0.041
 148          0.118
 149          0.046
 150          0.051
 151          0.103
 152          0.137
 153          0.164
 154          0.144
 155          0.146
 156          0.072
 157          0.073
 158          0.025
 159          0.012
 160          0.082
 161          0.089
 162          0.080
 163          0.105
 164          0.077
 165          0.060
 166          0.047
 167          0.074
 168          0.077
 169          0.061
 170          0.076
 171          0.095
 172          0.087
 173          0.105
 174          0.116
 175          0.115
 176          0.105
 177          0.061
 178          0.135
 179          0.068
 180          0.082
 181          0.130
 182          0.143
 183          0.101
 184          0.047
 185          0.032
 186          0.054
 187          0.077
 188          0.095
 189          0.113
 190          0.095
 191          0.084
 192          0.087
 193          0.097
 194          0.089
 195          0.094
 196          0.106
 197          0.180
 198          0.178
 199          0.189
 200          0.160
 201          0.224
 202          0.161
 203          0.108
 204          0.065
 205          0.067
 206          0.107
 207          0.145
 208          0.166
 209          0.172
 210          0.142
 211          0.156
 212          0.159
 213          0.145
 214          0.071
 215          0.088
 216          0.084
 217          0.143
 218          0.138
 219          0.116
 220          0.136
 221          0.159
 222          0.096
 223          0.101
 224          0.100
 225          0.117
 226          0.081
 227          0.077
 228          0.060
 229          0.060
 230          0.065
 231          0.089
 232          0.052
 233          0.073
 234          0.081
 235          0.118
 236          0.138
 237          0.132
 238          0.218
 239          0.251
 240          0.359
 241          0.225
 242          0.182
 243          0.148
 244          0.082
 245          0.061
 246          0.055
 247          0.075
 248          0.049
 249          0.091
 250          0.084
 251          0.047
 252          0.054
 253          0.099
 254          0.085
 255          0.036
 256          0.074
 257          0.073
 258          0.086
 259          0.054
 260          0.057
 261          0.118
 262          0.147
 263          0.136
 264          0.107
 265          0.063
 266          0.058
 267          0.073
 268          0.085
 269          0.106
 270          0.140
 271          0.139
 272          0.150
 273          0.153
 274          0.153
 275          0.118
 276          0.085
 277          0.067
 278          0.035
 279          0.077
 280          0.154
 281          0.155
 282          0.161
 283          0.142
 284          0.130
 285          0.064
 286          0.040
 287          0.051
 288          0.063
 289          0.054
 290          0.058
 291          0.107
 292          0.056
 293          0.065
 294          0.065
 295          0.058
 296          0.068
 297          0.062
 298          0.054
 299          0.046
 300          0.044
 301          0.082
 302          0.102
 303          0.168
 304          0.200
 305          0.192
 306          0.160
 307          0.131
 308          0.140
 309          0.134
 310          0.133
 311          0.137
 312          0.129
 313          0.126
 314          0.186
 315          0.174
 316          0.128
 317          0.144
 318          0.141
 319          0.143
 320          0.169
 321          0.158
 322          0.182
 323          0.160
 324          0.214
 325          0.139
 326          0.073
 327          0.082
 328          0.087
 329          0.041
 330          0.080
 331          0.115
 332          0.118
 333          0.072
 334          0.062
 335          0.064
 336          0.083
 337          0.053
 338          0.046
 339          0.050
 340          0.058
 341          0.072
 342          0.098
 343          0.093
 344          0.112
 345          0.110
 346          0.096
 347          0.096
 348          0.070
 349          0.049
 350          0.064
 351          0.131
 352          0.145
 353          0.160
 354          0.159
 355          0.125
 356          0.136
 357          0.124
 358          0.072
 359          0.110
 360          0.093
 361          0.123
 362          0.063
 363          0.094
 364          0.119
 365          0.145
 366          0.111
 367          0.164
 368          0.137
 369          0.112
 370          0.111
 371          0.062
 372          0.071
 373          0.078
 374          0.088
 375          0.068
 376          0.085
 377          0.048
 378          0.064
 379          0.087
 380          0.044
 381          0.054
 382          0.112
 383          0.126
 384          0.035
 385          0.064
 386          0.084
 387          0.098
 388          0.119
 389          0.125
 390          0.152
 391          0.108
 392          0.137
 393          0.333
 394          0.506
 395          0.374
 396          0.311
 397          0.075
 398          0.088
 399          0.131
 400          0.185
 401          0.122
 402          0.089
 403          0.108
 404          0.080
 405          0.076
 406          0.075
 407          0.088
 408          0.094
 409          0.051
 410          0.153
 411          0.141
 412          0.079
 413          0.175
 414          0.159
 415          0.176
 416          0.115
 417          0.047
 418          0.085
 419          0.068
 420          0.047
 421          0.042
 422          0.072
 423          0.058
 424          0.097
 425          0.072
 426          0.064
 427          0.085
 428          0.121
 429          0.107
 430          0.138
 431          0.099
 432          0.122
 433          0.101
 434          0.131
 435          0.131
 436          0.134
 437          0.128
 438          0.162
 439          0.115
 440          0.109
 441          0.171
 442          0.219
 443          0.222
 444          0.068
 445          0.051
 446          0.065
 447          0.022
 448          0.024
 449          0.030
 450          0.060
 451          0.083
 452          0.041
 453          0.056
 454          0.041
 455          0.010
 456          0.036
 457          0.035
 458          0.046
 459          0.026
 460          0.077
 461          0.092
 462          0.061
 463          0.048
 464          0.049
 465          0.076
 466          0.098
 467          0.077
 468          0.036
 469          0.049
 470          0.037
 471          0.050
 472          0.074
 473          0.062
 474          0.066
 475          0.111
 476          0.074
 477          0.102
 478          0.147
 479          0.120
 480          0.139
 481          0.177
 482          0.134
 483          0.086
 484          0.041
 485          0.017
 486          0.066
 487          0.068

# Average distance: 0.111 nm
