# Atom index    Distance (nm)
   1          0.252
   2          0.241
   3          0.223
   4          0.153
   5          0.128
   6          0.136
   7          0.130
   8          0.113
   9          0.170
  10          0.179
  11          0.147
  12          0.119
  13          0.117
  14          0.097
  15          0.139
  16          0.119
  17          0.114
  18          0.152
  19          0.144
  20          0.120
  21          0.041
  22          0.268
  23          0.224
  24          0.183
  25          0.034
  26          0.068
  27          0.106
  28          0.123
  29          0.098
  30          0.246
  31          0.195
  32          0.108
  33          0.081
  34          0.112
  35          0.152
  36          0.229
  37          0.296
  38          0.208
  39          0.165
  40          0.070
  41          0.083
  42          0.091
  43          0.126
  44          0.156
  45          0.143
  46          0.267
  47          0.268
  48          0.371
  49          0.313
  50          0.470
  51          0.266
  52          0.231
  53          0.101
  54          0.132
  55          0.101
  56          0.126
  57          0.090
  58          0.068
  59          0.099
  60          0.067
  61          0.077
  62          0.132
  63          0.084
  64          0.116
  65          0.134
  66          0.069
  67          0.212
  68          0.358
  69          0.249
  70          0.100
  71          0.124
  72          0.130
  73          0.129
  74          0.124
  75          0.117
  76          0.114
  77          0.125
  78          0.086
  79          0.085
  80          0.119
  81          0.114
  82          0.156
  83          0.159
  84          0.124
  85          0.157
  86          0.158
  87          0.120
  88          0.152
  89          0.171
  90          0.150
  91          0.254
  92          0.382
  93          0.357
  94          0.218
  95          0.154
  96          0.128
  97          0.155
  98          0.144
  99          0.190
 100          0.300
 101          0.338
 102          0.231
 103          0.196
 104          0.142
 105          0.095
 106          0.083
 107          0.076
 108          0.117
 109          0.121
 110          0.119
 111          0.143
 112          0.080
 113          0.079
 114          0.098
 115          0.093
 116          0.157
 117          0.119
 118          0.138
 119          0.095
 120          0.139
 121          0.080
 122          0.051
 123          0.040
 124          0.066
 125          0.106
 126          0.149
 127          0.175
 128          0.142
 129          0.044
 130          0.105
 131          0.032
 132          0.052
 133          0.064
 134          0.045
 135          0.071
 136          0.071
 137          0.134
 138          0.100
 139          0.083
 140          0.088
 141          0.146
 142          0.090
 143          0.056
 144          0.131
 145          0.143
 146          0.145
 147          0.135
 148          0.133
 149          0.142
 150          0.169
 151          0.160
 152          0.203
 153          0.176
 154          0.185
 155          0.135
 156          0.135
 157          0.113
 158          0.134
 159          0.118
 160          0.140
 161          0.164
 162          0.160
 163          0.168
 164          0.169
 165          0.154
 166          0.176
 167          0.127
 168          0.151
 169          0.160
 170          0.082
 171          0.092
 172          0.072
 173          0.041
 174          0.055
 175          0.076
 176          0.049
 177          0.041
 178          0.154
 179          0.114
 180          0.057
 181          0.062
 182          0.074
 183          0.121
 184          0.114
 185          0.150
 186          0.140
 187          0.152
 188          0.121
 189          0.130
 190          0.104
 191          0.100
 192          0.071
 193          0.097
 194          0.090
 195          0.125
 196          0.124
 197          0.146
 198          0.207
 199          0.227
 200          0.229
 201          0.212
 202          0.194
 203          0.140
 204          0.128
 205          0.167
 206          0.048
 207          0.026
 208          0.019
 209          0.014
 210          0.106
 211          0.058
 212          0.106
 213          0.088
 214          0.065
 215          0.048
 216          0.040
 217          0.048
 218          0.050
 219          0.016
 220          0.042
 221          0.075
 222          0.086
 223          0.034
 224          0.039
 225          0.035
 226          0.045
 227          0.047
 228          0.094
 229          0.216
 230          0.218
 231          0.027
 232          0.067
 233          0.053
 234          0.119
 235          0.088
 236          0.057
 237          0.186
 238          0.286
 239          0.408
 240          0.314
 241          0.317
 242          0.134
 243          0.121
 244          0.074
 245          0.030
 246          0.056
 247          0.052
 248          0.071
 249          0.078
 250          0.090
 251          0.129
 252          0.080
 253          0.102
 254          0.108
 255          0.178
 256          0.122
 257          0.092
 258          0.084
 259          0.073
 260          0.090
 261          0.122
 262          0.145
 263          0.210
 264          0.178
 265          0.190
 266          0.132
 267          0.085
 268          0.071
 269          0.091
 270          0.167
 271          0.208
 272          0.198
 273          0.147
 274          0.136
 275          0.087
 276          0.129
 277          0.130
 278          0.166
 279          0.184
 280          0.244
 281          0.220
 282          0.155
 283          0.144
 284          0.139
 285          0.060
 286          0.094
 287          0.097
 288          0.087
 289          0.099
 290          0.072
 291          0.063
 292          0.142
 293          0.143
 294          0.197
 295          0.129
 296          0.124
 297          0.107
 298          0.143
 299          0.165
 300          0.123
 301          0.078
 302          0.083
 303          0.073
 304          0.113
 305          0.132
 306          0.105
 307          0.083
 308          0.070
 309          0.046
 310          0.129
 311          0.139
 312          0.225
 313          0.287
 314          0.336
 315          0.221
 316          0.125
 317          0.127
 318          0.098
 319          0.056
 320          0.158
 321          0.162
 322          0.187
 323          0.321
 324          0.229
 325          0.355
 326          0.329
 327          0.226
 328          0.162
 329          0.168
 330          0.167
 331          0.225
 332          0.097
 333          0.070
 334          0.058
 335          0.091
 336          0.143
 337          0.099
 338          0.097
 339          0.089
 340          0.089
 341          0.127
 342          0.150
 343          0.136
 344          0.085
 345          0.100
 346          0.180
 347          0.127
 348          0.125
 349          0.152
 350          0.126
 351          0.153
 352          0.221
 353          0.240
 354          0.291
 355          0.177
 356          0.152
 357          0.119
 358          0.156
 359          0.118
 360          0.050
 361          0.092
 362          0.137
 363          0.165
 364          0.162
 365          0.144
 366          0.197
 367          0.116
 368          0.040
 369          0.106
 370          0.034
 371          0.061
 372          0.076
 373          0.086
 374          0.121
 375          0.088
 376          0.115
 377          0.105
 378          0.110
 379          0.060
 380          0.067
 381          0.062
 382          0.082
 383          0.033
 384          0.043
 385          0.037
 386          0.042
 387          0.082
 388          0.074
 389          0.079
 390          0.080
 391          0.068
 392          0.132
 393          0.088
 394          0.448
 395          0.220
 396          0.146
 397          0.106
 398          0.072
 399          0.073
 400          0.071
 401          0.088
 402          0.042
 403          0.054
 404          0.049
 405          0.056
 406          0.071
 407          0.063
 408          0.051
 409          0.074
 410          0.091
 411          0.095
 412          0.117
 413          0.074
 414          0.090
 415          0.061
 416          0.072
 417          0.064
 418          0.078
 419          0.066
 420          0.065
 421          0.061
 422          0.062
 423          0.083
 424          0.091
 425          0.084
 426          0.090
 427          0.088
 428          0.055
 429          0.067
 430          0.184
 431          0.197
 432          0.215
 433          0.101
 434          0.044
 435          0.057
 436          0.056
 437          0.074
 438          0.068
 439          0.050
 440          0.075
 441          0.175
 442          0.171
 443          0.158
 444          0.079
 445          0.100
 446          0.096
 447          0.101
 448          0.085
 449          0.082
 450          0.111
 451          0.175
 452          0.190
 453          0.117
 454          0.058
 455          0.039
 456          0.054
 457          0.029
 458          0.048
 459          0.105
 460          0.111
 461          0.112
 462          0.119
 463          0.038
 464          0.050
 465          0.063
 466          0.073
 467          0.066
 468          0.137
 469          0.139
 470          0.131
 471          0.069
 472          0.058
 473          0.060
 474          0.059
 475          0.041
 476          0.050
 477          0.063
 478          0.086
 479          0.092
 480          0.073
 481          0.109
 482          0.131
 483          0.065
 484          0.064
 485          0.050
 486          0.045
 487          0.074

# Average distance: 0.124 nm
