# Atom index    Distance (nm)
   1          0.134
   2          0.151
   3          0.135
   4          0.123
   5          0.101
   6          0.124
   7          0.112
   8          0.077
   9          0.048
  10          0.051
  11          0.047
  12          0.057
  13          0.057
  14          0.079
  15          0.059
  16          0.086
  17          0.059
  18          0.068
  19          0.123
  20          0.145
  21          0.116
  22          0.130
  23          0.145
  24          0.140
  25          0.105
  26          0.123
  27          0.101
  28          0.108
  29          0.131
  30          0.142
  31          0.112
  32          0.163
  33          0.116
  34          0.102
  35          0.174
  36          0.178
  37          0.090
  38          0.097
  39          0.099
  40          0.089
  41          0.099
  42          0.059
  43          0.096
  44          0.098
  45          0.136
  46          0.174
  47          0.227
  48          0.253
  49          0.271
  50          0.197
  51          0.152
  52          0.112
  53          0.097
  54          0.060
  55          0.059
  56          0.036
  57          0.046
  58          0.060
  59          0.146
  60          0.107
  61          0.096
  62          0.043
  63          0.040
  64          0.046
  65          0.056
  66          0.051
  67          0.068
  68          0.130
  69          0.171
  70          0.150
  71          0.127
  72          0.118
  73          0.053
  74          0.061
  75          0.059
  76          0.044
  77          0.016
  78          0.051
  79          0.085
  80          0.025
  81          0.064
  82          0.056
  83          0.019
  84          0.055
  85          0.059
  86          0.062
  87          0.059
  88          0.088
  89          0.090
  90          0.091
  91          0.158
  92          0.196
  93          0.157
  94          0.109
  95          0.062
  96          0.083
  97          0.051
  98          0.082
  99          0.144
 100          0.142
 101          0.163
 102          0.136
 103          0.089
 104          0.075
 105          0.089
 106          0.073
 107          0.044
 108          0.033
 109          0.104
 110          0.141
 111          0.118
 112          0.138
 113          0.083
 114          0.047
 115          0.042
 116          0.119
 117          0.117
 118          0.115
 119          0.120
 120          0.111
 121          0.124
 122          0.125
 123          0.078
 124          0.071
 125          0.087
 126          0.063
 127          0.016
 128          0.068
 129          0.047
 130          0.015
 131          0.053
 132          0.061
 133          0.058
 134          0.061
 135          0.063
 136          0.056
 137          0.075
 138          0.077
 139          0.073
 140          0.064
 141          0.062
 142          0.088
 143          0.066
 144          0.050
 145          0.047
 146          0.034
 147          0.061
 148          0.106
 149          0.160
 150          0.121
 151          0.111
 152          0.110
 153          0.098
 154          0.096
 155          0.069
 156          0.100
 157          0.112
 158          0.111
 159          0.094
 160          0.106
 161          0.097
 162          0.130
 163          0.087
 164          0.045
 165          0.042
 166          0.069
 167          0.060
 168          0.105
 169          0.078
 170          0.068
 171          0.048
 172          0.031
 173          0.053
 174          0.103
 175          0.227
 176          0.246
 177          0.244
 178          0.187
 179          0.102
 180          0.089
 181          0.082
 182          0.114
 183          0.093
 184          0.136
 185          0.164
 186          0.211
 187          0.196
 188          0.130
 189          0.104
 190          0.112
 191          0.070
 192          0.101
 193          0.101
 194          0.111
 195          0.069
 196          0.081
 197          0.099
 198          0.113
 199          0.168
 200          0.120
 201          0.126
 202          0.102
 203          0.066
 204          0.106
 205          0.079
 206          0.061
 207          0.047
 208          0.047
 209          0.050
 210          0.067
 211          0.132
 212          0.135
 213          0.128
 214          0.084
 215          0.059
 216          0.033
 217          0.023
 218          0.047
 219          0.051
 220          0.036
 221          0.047
 222          0.079
 223          0.060
 224          0.030
 225          0.055
 226          0.068
 227          0.077
 228          0.039
 229          0.164
 230          0.167
 231          0.125
 232          0.045
 233          0.073
 234          0.061
 235          0.067
 236          0.073
 237          0.054
 238          0.069
 239          0.090
 240          0.176
 241          0.165
 242          0.137
 243          0.115
 244          0.097
 245          0.101
 246          0.091
 247          0.092
 248          0.074
 249          0.063
 250          0.089
 251          0.069
 252          0.065
 253          0.042
 254          0.092
 255          0.066
 256          0.005
 257          0.055
 258          0.081
 259          0.076
 260          0.100
 261          0.047
 262          0.094
 263          0.139
 264          0.188
 265          0.156
 266          0.125
 267          0.071
 268          0.087
 269          0.094
 270          0.142
 271          0.125
 272          0.109
 273          0.099
 274          0.076
 275          0.082
 276          0.081
 277          0.080
 278          0.113
 279          0.167
 280          0.174
 281          0.131
 282          0.089
 283          0.095
 284          0.078
 285          0.075
 286          0.070
 287          0.070
 288          0.056
 289          0.025
 290          0.044
 291          0.041
 292          0.017
 293          0.134
 294          0.137
 295          0.177
 296          0.197
 297          0.085
 298          0.127
 299          0.116
 300          0.093
 301          0.062
 302          0.057
 303          0.058
 304          0.089
 305          0.127
 306          0.085
 307          0.064
 308          0.056
 309          0.074
 310          0.047
 311          0.069
 312          0.098
 313          0.111
 314          0.259
 315          0.097
 316          0.059
 317          0.063
 318          0.091
 319          0.090
 320          0.136
 321          0.045
 322          0.134
 323          0.122
 324          0.160
 325          0.070
 326          0.051
 327          0.064
 328          0.110
 329          0.112
 330          0.116
 331          0.112
 332          0.115
 333          0.129
 334          0.120
 335          0.098
 336          0.088
 337          0.044
 338          0.088
 339          0.062
 340          0.105
 341          0.176
 342          0.077
 343          0.085
 344          0.116
 345          0.116
 346          0.080
 347          0.056
 348          0.031
 349          0.036
 350          0.041
 351          0.042
 352          0.092
 353          0.151
 354          0.079
 355          0.058
 356          0.023
 357          0.049
 358          0.043
 359          0.026
 360          0.069
 361          0.036
 362          0.046
 363          0.048
 364          0.025
 365          0.052
 366          0.074
 367          0.040
 368          0.034
 369          0.040
 370          0.032
 371          0.065
 372          0.077
 373          0.063
 374          0.030
 375          0.034
 376          0.029
 377          0.008
 378          0.027
 379          0.054
 380          0.040
 381          0.058
 382          0.039
 383          0.049
 384          0.026
 385          0.050
 386          0.033
 387          0.052
 388          0.035
 389          0.037
 390          0.107
 391          0.114
 392          0.035
 393          0.121
 394          0.181
 395          0.176
 396          0.191
 397          0.087
 398          0.075
 399          0.070
 400          0.081
 401          0.060
 402          0.098
 403          0.121
 404          0.119
 405          0.085
 406          0.071
 407          0.074
 408          0.063
 409          0.052
 410          0.070
 411          0.060
 412          0.084
 413          0.049
 414          0.077
 415          0.027
 416          0.068
 417          0.079
 418          0.061
 419          0.089
 420          0.072
 421          0.085
 422          0.147
 423          0.177
 424          0.098
 425          0.108
 426          0.073
 427          0.111
 428          0.118
 429          0.065
 430          0.053
 431          0.119
 432          0.075
 433          0.066
 434          0.067
 435          0.098
 436          0.099
 437          0.103
 438          0.102
 439          0.123
 440          0.096
 441          0.072
 442          0.069
 443          0.065
 444          0.048
 445          0.045
 446          0.070
 447          0.092
 448          0.038
 449          0.056
 450          0.078
 451          0.066
 452          0.068
 453          0.037
 454          0.039
 455          0.018
 456          0.047
 457          0.046
 458          0.060
 459          0.065
 460          0.075
 461          0.136
 462          0.067
 463          0.056
 464          0.064
 465          0.065
 466          0.130
 467          0.056
 468          0.015
 469          0.123
 470          0.087
 471          0.073
 472          0.063
 473          0.048
 474          0.025
 475          0.091
 476          0.042
 477          0.061
 478          0.049
 479          0.056
 480          0.050
 481          0.046
 482          0.076
 483          0.064
 484          0.048
 485          0.037
 486          0.052
 487          0.066

# Average distance: 0.087 nm
