# Atom index    Distance (nm)
   1          0.521
   2          0.592
   3          0.632
   4          0.485
   5          0.232
   6          0.149
   7          0.072
   8          0.104
   9          0.136
  10          0.088
  11          0.092
  12          0.096
  13          0.174
  14          0.210
  15          0.210
  16          0.138
  17          0.145
  18          0.116
  19          0.139
  20          0.165
  21          0.243
  22          0.231
  23          0.262
  24          0.262
  25          0.196
  26          0.250
  27          0.127
  28          0.144
  29          0.124
  30          0.167
  31          0.164
  32          0.202
  33          0.203
  34          0.175
  35          0.198
  36          0.229
  37          0.198
  38          0.132
  39          0.095
  40          0.058
  41          0.062
  42          0.058
  43          0.149
  44          0.157
  45          0.163
  46          0.094
  47          0.278
  48          0.427
  49          0.337
  50          0.270
  51          0.250
  52          0.265
  53          0.191
  54          0.127
  55          0.096
  56          0.032
  57          0.056
  58          0.062
  59          0.059
  60          0.080
  61          0.075
  62          0.067
  63          0.089
  64          0.135
  65          0.172
  66          0.111
  67          0.273
  68          0.402
  69          0.337
  70          0.147
  71          0.216
  72          0.135
  73          0.197
  74          0.144
  75          0.117
  76          0.109
  77          0.091
  78          0.059
  79          0.064
  80          0.144
  81          0.219
  82          0.251
  83          0.145
  84          0.109
  85          0.099
  86          0.146
  87          0.148
  88          0.072
  89          0.078
  90          0.072
  91          0.076
  92          0.074
  93          0.032
  94          0.110
  95          0.084
  96          0.060
  97          0.124
  98          0.164
  99          0.170
 100          0.274
 101          0.346
 102          0.283
 103          0.232
 104          0.157
 105          0.088
 106          0.063
 107          0.059
 108          0.132
 109          0.202
 110          0.187
 111          0.205
 112          0.176
 113          0.135
 114          0.119
 115          0.112
 116          0.195
 117          0.167
 118          0.188
 119          0.146
 120          0.085
 121          0.055
 122          0.037
 123          0.107
 124          0.085
 125          0.016
 126          0.057
 127          0.112
 128          0.182
 129          0.195
 130          0.138
 131          0.109
 132          0.089
 133          0.097
 134          0.067
 135          0.039
 136          0.025
 137          0.040
 138          0.056
 139          0.061
 140          0.076
 141          0.247
 142          0.206
 143          0.132
 144          0.124
 145          0.048
 146          0.043
 147          0.056
 148          0.052
 149          0.085
 150          0.106
 151          0.103
 152          0.120
 153          0.166
 154          0.126
 155          0.109
 156          0.099
 157          0.070
 158          0.064
 159          0.091
 160          0.074
 161          0.061
 162          0.067
 163          0.065
 164          0.065
 165          0.053
 166          0.028
 167          0.021
 168          0.011
 169          0.020
 170          0.046
 171          0.063
 172          0.070
 173          0.045
 174          0.074
 175          0.139
 176          0.060
 177          0.148
 178          0.102
 179          0.080
 180          0.085
 181          0.064
 182          0.082
 183          0.097
 184          0.046
 185          0.073
 186          0.048
 187          0.046
 188          0.075
 189          0.086
 190          0.131
 191          0.110
 192          0.075
 193          0.088
 194          0.117
 195          0.104
 196          0.122
 197          0.079
 198          0.087
 199          0.066
 200          0.030
 201          0.128
 202          0.147
 203          0.151
 204          0.080
 205          0.083
 206          0.097
 207          0.116
 208          0.099
 209          0.084
 210          0.089
 211          0.180
 212          0.248
 213          0.197
 214          0.093
 215          0.058
 216          0.084
 217          0.062
 218          0.103
 219          0.087
 220          0.118
 221          0.191
 222          0.136
 223          0.102
 224          0.089
 225          0.091
 226          0.072
 227          0.067
 228          0.080
 229          0.287
 230          0.378
 231          0.338
 232          0.202
 233          0.121
 234          0.083
 235          0.100
 236          0.097
 237          0.102
 238          0.026
 239          0.116
 240          0.064
 241          0.093
 242          0.122
 243          0.188
 244          0.096
 245          0.078
 246          0.045
 247          0.075
 248          0.069
 249          0.052
 250          0.086
 251          0.100
 252          0.061
 253          0.032
 254          0.028
 255          0.022
 256          0.028
 257          0.064
 258          0.060
 259          0.082
 260          0.112
 261          0.122
 262          0.122
 263          0.136
 264          0.150
 265          0.143
 266          0.141
 267          0.158
 268          0.165
 269          0.142
 270          0.253
 271          0.245
 272          0.271
 273          0.218
 274          0.164
 275          0.114
 276          0.137
 277          0.123
 278          0.117
 279          0.168
 280          0.191
 281          0.191
 282          0.173
 283          0.169
 284          0.156
 285          0.150
 286          0.132
 287          0.051
 288          0.080
 289          0.081
 290          0.075
 291          0.121
 292          0.096
 293          0.188
 294          0.272
 295          0.270
 296          0.236
 297          0.187
 298          0.197
 299          0.120
 300          0.087
 301          0.030
 302          0.026
 303          0.066
 304          0.036
 305          0.135
 306          0.117
 307          0.105
 308          0.085
 309          0.037
 310          0.089
 311          0.100
 312          0.126
 313          0.117
 314          0.176
 315          0.168
 316          0.182
 317          0.131
 318          0.128
 319          0.142
 320          0.142
 321          0.141
 322          0.259
 323          0.274
 324          0.230
 325          0.200
 326          0.145
 327          0.093
 328          0.078
 329          0.083
 330          0.095
 331          0.074
 332          0.049
 333          0.090
 334          0.113
 335          0.118
 336          0.123
 337          0.122
 338          0.096
 339          0.066
 340          0.056
 341          0.009
 342          0.018
 343          0.034
 344          0.103
 345          0.099
 346          0.076
 347          0.032
 348          0.051
 349          0.077
 350          0.156
 351          0.179
 352          0.218
 353          0.274
 354          0.290
 355          0.215
 356          0.197
 357          0.161
 358          0.141
 359          0.090
 360          0.137
 361          0.107
 362          0.106
 363          0.300
 364          0.304
 365          0.200
 366          0.195
 367          0.160
 368          0.100
 369          0.076
 370          0.070
 371          0.114
 372          0.065
 373          0.076
 374          0.039
 375          0.063
 376          0.050
 377          0.055
 378          0.025
 379          0.061
 380          0.045
 381          0.063
 382          0.069
 383          0.121
 384          0.126
 385          0.117
 386          0.160
 387          0.146
 388          0.121
 389          0.069
 390          0.061
 391          0.047
 392          0.079
 393          0.169
 394          0.195
 395          0.183
 396          0.110
 397          0.045
 398          0.035
 399          0.030
 400          0.162
 401          0.174
 402          0.177
 403          0.213
 404          0.196
 405          0.094
 406          0.077
 407          0.072
 408          0.047
 409          0.027
 410          0.085
 411          0.133
 412          0.134
 413          0.201
 414          0.096
 415          0.089
 416          0.148
 417          0.071
 418          0.080
 419          0.092
 420          0.062
 421          0.018
 422          0.022
 423          0.059
 424          0.111
 425          0.122
 426          0.114
 427          0.119
 428          0.113
 429          0.119
 430          0.309
 431          0.407
 432          0.224
 433          0.175
 434          0.122
 435          0.086
 436          0.077
 437          0.071
 438          0.086
 439          0.094
 440          0.107
 441          0.129
 442          0.095
 443          0.081
 444          0.102
 445          0.102
 446          0.099
 447          0.066
 448          0.096
 449          0.095
 450          0.094
 451          0.112
 452          0.106
 453          0.081
 454          0.069
 455          0.074
 456          0.082
 457          0.054
 458          0.089
 459          0.096
 460          0.156
 461          0.166
 462          0.141
 463          0.104
 464          0.060
 465          0.079
 466          0.090
 467          0.135
 468          0.147
 469          0.131
 470          0.059
 471          0.037
 472          0.035
 473          0.062
 474          0.167
 475          0.199
 476          0.160
 477          0.169
 478          0.176
 479          0.154
 480          0.208
 481          0.219
 482          0.113
 483          0.078
 484          0.089
 485          0.061
 486          0.067
 487          0.082

# Average distance: 0.126 nm
