# Atom index    Distance (nm)
   1          0.361
   2          0.321
   3          0.215
   4          0.157
   5          0.096
   6          0.086
   7          0.087
   8          0.085
   9          0.106
  10          0.107
  11          0.123
  12          0.159
  13          0.315
  14          0.334
  15          0.300
  16          0.196
  17          0.127
  18          0.097
  19          0.101
  20          0.090
  21          0.075
  22          0.247
  23          0.296
  24          0.210
  25          0.122
  26          0.141
  27          0.132
  28          0.134
  29          0.115
  30          0.111
  31          0.129
  32          0.195
  33          0.227
  34          0.160
  35          0.227
  36          0.236
  37          0.158
  38          0.111
  39          0.069
  40          0.045
  41          0.072
  42          0.077
  43          0.148
  44          0.175
  45          0.268
  46          0.409
  47          0.394
  48          0.400
  49          0.475
  50          0.435
  51          0.375
  52          0.287
  53          0.216
  54          0.144
  55          0.108
  56          0.091
  57          0.081
  58          0.085
  59          0.145
  60          0.165
  61          0.137
  62          0.067
  63          0.090
  64          0.108
  65          0.132
  66          0.169
  67          0.375
  68          0.500
  69          0.542
  70          0.332
  71          0.336
  72          0.209
  73          0.109
  74          0.103
  75          0.078
  76          0.087
  77          0.111
  78          0.124
  79          0.169
  80          0.225
  81          0.253
  82          0.234
  83          0.170
  84          0.191
  85          0.167
  86          0.178
  87          0.095
  88          0.137
  89          0.159
  90          0.128
  91          0.089
  92          0.159
  93          0.092
  94          0.068
  95          0.061
  96          0.112
  97          0.135
  98          0.182
  99          0.234
 100          0.269
 101          0.274
 102          0.284
 103          0.235
 104          0.217
 105          0.209
 106          0.156
 107          0.158
 108          0.271
 109          0.321
 110          0.314
 111          0.228
 112          0.200
 113          0.176
 114          0.184
 115          0.188
 116          0.224
 117          0.301
 118          0.358
 119          0.322
 120          0.235
 121          0.244
 122          0.215
 123          0.257
 124          0.182
 125          0.146
 126          0.081
 127          0.107
 128          0.100
 129          0.089
 130          0.110
 131          0.108
 132          0.099
 133          0.062
 134          0.087
 135          0.046
 136          0.057
 137          0.088
 138          0.084
 139          0.060
 140          0.040
 141          0.057
 142          0.071
 143          0.055
 144          0.094
 145          0.088
 146          0.093
 147          0.085
 148          0.124
 149          0.169
 150          0.211
 151          0.540
 152          0.681
 153          0.602
 154          0.379
 155          0.172
 156          0.157
 157          0.133
 158          0.143
 159          0.107
 160          0.150
 161          0.147
 162          0.147
 163          0.096
 164          0.070
 165          0.048
 166          0.105
 167          0.104
 168          0.108
 169          0.076
 170          0.054
 171          0.051
 172          0.054
 173          0.052
 174          0.091
 175          0.195
 176          0.280
 177          0.269
 178          0.188
 179          0.115
 180          0.060
 181          0.074
 182          0.089
 183          0.045
 184          0.051
 185          0.071
 186          0.140
 187          0.146
 188          0.140
 189          0.133
 190          0.107
 191          0.090
 192          0.093
 193          0.122
 194          0.125
 195          0.100
 196          0.108
 197          0.127
 198          0.180
 199          0.227
 200          0.212
 201          0.190
 202          0.182
 203          0.076
 204          0.117
 205          0.117
 206          0.087
 207          0.088
 208          0.099
 209          0.167
 210          0.119
 211          0.124
 212          0.157
 213          0.174
 214          0.163
 215          0.134
 216          0.125
 217          0.107
 218          0.118
 219          0.078
 220          0.059
 221          0.082
 222          0.123
 223          0.175
 224          0.157
 225          0.142
 226          0.131
 227          0.123
 228          0.165
 229          0.173
 230          0.209
 231          0.087
 232          0.094
 233          0.082
 234          0.064
 235          0.152
 236          0.150
 237          0.161
 238          0.174
 239          0.148
 240          0.222
 241          0.281
 242          0.134
 243          0.179
 244          0.113
 245          0.110
 246          0.159
 247          0.197
 248          0.115
 249          0.025
 250          0.057
 251          0.096
 252          0.073
 253          0.033
 254          0.112
 255          0.077
 256          0.049
 257          0.039
 258          0.026
 259          0.061
 260          0.099
 261          0.081
 262          0.085
 263          0.080
 264          0.100
 265          0.088
 266          0.079
 267          0.110
 268          0.133
 269          0.146
 270          0.156
 271          0.199
 272          0.236
 273          0.177
 274          0.167
 275          0.119
 276          0.119
 277          0.119
 278          0.128
 279          0.075
 280          0.032
 281          0.048
 282          0.040
 283          0.108
 284          0.150
 285          0.128
 286          0.057
 287          0.011
 288          0.042
 289          0.065
 290          0.057
 291          0.141
 292          0.136
 293          0.203
 294          0.374
 295          0.365
 296          0.411
 297          0.253
 298          0.059
 299          0.091
 300          0.102
 301          0.094
 302          0.058
 303          0.091
 304          0.122
 305          0.165
 306          0.137
 307          0.155
 308          0.148
 309          0.158
 310          0.102
 311          0.074
 312          0.165
 313          0.147
 314          0.199
 315          0.112
 316          0.158
 317          0.103
 318          0.138
 319          0.129
 320          0.072
 321          0.076
 322          0.108
 323          0.102
 324          0.089
 325          0.134
 326          0.103
 327          0.126
 328          0.146
 329          0.128
 330          0.096
 331          0.079
 332          0.095
 333          0.062
 334          0.047
 335          0.145
 336          0.139
 337          0.140
 338          0.123
 339          0.083
 340          0.090
 341          0.122
 342          0.067
 343          0.040
 344          0.047
 345          0.088
 346          0.102
 347          0.128
 348          0.114
 349          0.098
 350          0.105
 351          0.103
 352          0.157
 353          0.148
 354          0.158
 355          0.108
 356          0.110
 357          0.082
 358          0.111
 359          0.094
 360          0.098
 361          0.101
 362          0.148
 363          0.156
 364          0.196
 365          0.236
 366          0.200
 367          0.114
 368          0.124
 369          0.134
 370          0.116
 371          0.127
 372          0.062
 373          0.072
 374          0.048
 375          0.037
 376          0.048
 377          0.038
 378          0.084
 379          0.111
 380          0.052
 381          0.072
 382          0.091
 383          0.116
 384          0.128
 385          0.163
 386          0.162
 387          0.187
 388          0.178
 389          0.176
 390          0.219
 391          0.250
 392          0.291
 393          0.422
 394          0.408
 395          0.324
 396          0.333
 397          0.303
 398          0.257
 399          0.261
 400          0.197
 401          0.191
 402          0.130
 403          0.119
 404          0.204
 405          0.172
 406          0.177
 407          0.144
 408          0.133
 409          0.140
 410          0.074
 411          0.168
 412          0.170
 413          0.204
 414          0.194
 415          0.218
 416          0.221
 417          0.200
 418          0.163
 419          0.160
 420          0.182
 421          0.214
 422          0.206
 423          0.273
 424          0.184
 425          0.318
 426          0.249
 427          0.224
 428          0.227
 429          0.104
 430          0.125
 431          0.091
 432          0.085
 433          0.150
 434          0.227
 435          0.241
 436          0.272
 437          0.305
 438          0.448
 439          0.437
 440          0.387
 441          0.351
 442          0.245
 443          0.208
 444          0.153
 445          0.138
 446          0.116
 447          0.083
 448          0.050
 449          0.076
 450          0.065
 451          0.133
 452          0.266
 453          0.154
 454          0.092
 455          0.070
 456          0.047
 457          0.065
 458          0.058
 459          0.152
 460          0.247
 461          0.221
 462          0.101
 463          0.034
 464          0.092
 465          0.097
 466          0.175
 467          0.129
 468          0.202
 469          0.233
 470          0.211
 471          0.179
 472          0.169
 473          0.119
 474          0.108
 475          0.135
 476          0.058
 477          0.042
 478          0.034
 479          0.053
 480          0.088
 481          0.143
 482          0.136
 483          0.090
 484          0.108
 485          0.113
 486          0.088
 487          0.035

# Average distance: 0.153 nm
