# Atom index    Distance (nm)
   1          0.154
   2          0.115
   3          0.117
   4          0.067
   5          0.090
   6          0.052
   7          0.080
   8          0.077
   9          0.125
  10          0.102
  11          0.086
  12          0.095
  13          0.105
  14          0.129
  15          0.134
  16          0.123
  17          0.124
  18          0.089
  19          0.159
  20          0.197
  21          0.252
  22          0.090
  23          0.236
  24          0.203
  25          0.233
  26          0.205
  27          0.145
  28          0.104
  29          0.114
  30          0.152
  31          0.186
  32          0.196
  33          0.180
  34          0.174
  35          0.198
  36          0.219
  37          0.189
  38          0.136
  39          0.102
  40          0.072
  41          0.079
  42          0.104
  43          0.207
  44          0.184
  45          0.199
  46          0.286
  47          0.456
  48          0.510
  49          0.724
  50          0.357
  51          0.272
  52          0.289
  53          0.231
  54          0.066
  55          0.112
  56          0.113
  57          0.120
  58          0.137
  59          0.204
  60          0.248
  61          0.200
  62          0.176
  63          0.139
  64          0.118
  65          0.158
  66          0.157
  67          0.176
  68          0.176
  69          0.186
  70          0.161
  71          0.158
  72          0.147
  73          0.185
  74          0.200
  75          0.226
  76          0.217
  77          0.231
  78          0.237
  79          0.221
  80          0.254
  81          0.247
  82          0.209
  83          0.178
  84          0.160
  85          0.113
  86          0.097
  87          0.059
  88          0.076
  89          0.118
  90          0.140
  91          0.196
  92          0.178
  93          0.103
  94          0.108
  95          0.087
  96          0.081
  97          0.080
  98          0.134
  99          0.157
 100          0.234
 101          0.269
 102          0.171
 103          0.179
 104          0.119
 105          0.066
 106          0.043
 107          0.067
 108          0.074
 109          0.069
 110          0.096
 111          0.087
 112          0.083
 113          0.121
 114          0.071
 115          0.054
 116          0.059
 117          0.081
 118          0.193
 119          0.240
 120          0.145
 121          0.142
 122          0.139
 123          0.070
 124          0.053
 125          0.054
 126          0.072
 127          0.083
 128          0.062
 129          0.121
 130          0.092
 131          0.076
 132          0.050
 133          0.084
 134          0.111
 135          0.042
 136          0.063
 137          0.080
 138          0.109
 139          0.144
 140          0.080
 141          0.069
 142          0.015
 143          0.021
 144          0.082
 145          0.082
 146          0.058
 147          0.109
 148          0.111
 149          0.121
 150          0.168
 151          0.337
 152          0.351
 153          0.362
 154          0.248
 155          0.185
 156          0.103
 157          0.108
 158          0.094
 159          0.076
 160          0.088
 161          0.113
 162          0.126
 163          0.102
 164          0.075
 165          0.060
 166          0.039
 167          0.024
 168          0.058
 169          0.048
 170          0.042
 171          0.084
 172          0.068
 173          0.024
 174          0.139
 175          0.252
 176          0.163
 177          0.277
 178          0.196
 179          0.179
 180          0.189
 181          0.137
 182          0.048
 183          0.070
 184          0.067
 185          0.062
 186          0.108
 187          0.103
 188          0.090
 189          0.103
 190          0.147
 191          0.134
 192          0.059
 193          0.046
 194          0.072
 195          0.169
 196          0.147
 197          0.162
 198          0.184
 199          0.237
 200          0.179
 201          0.233
 202          0.193
 203          0.169
 204          0.143
 205          0.136
 206          0.153
 207          0.190
 208          0.163
 209          0.158
 210          0.109
 211          0.049
 212          0.091
 213          0.084
 214          0.063
 215          0.077
 216          0.078
 217          0.101
 218          0.134
 219          0.141
 220          0.210
 221          0.224
 222          0.131
 223          0.087
 224          0.076
 225          0.064
 226          0.081
 227          0.257
 228          0.150
 229          0.235
 230          0.294
 231          0.257
 232          0.226
 233          0.144
 234          0.134
 235          0.101
 236          0.069
 237          0.080
 238          0.171
 239          0.176
 240          0.177
 241          0.109
 242          0.083
 243          0.117
 244          0.170
 245          0.141
 246          0.090
 247          0.086
 248          0.099
 249          0.094
 250          0.047
 251          0.076
 252          0.084
 253          0.089
 254          0.025
 255          0.045
 256          0.041
 257          0.065
 258          0.036
 259          0.044
 260          0.076
 261          0.111
 262          0.147
 263          0.143
 264          0.143
 265          0.109
 266          0.080
 267          0.068
 268          0.031
 269          0.058
 270          0.072
 271          0.032
 272          0.070
 273          0.076
 274          0.073
 275          0.060
 276          0.065
 277          0.064
 278          0.090
 279          0.076
 280          0.108
 281          0.107
 282          0.095
 283          0.102
 284          0.112
 285          0.119
 286          0.063
 287          0.042
 288          0.051
 289          0.042
 290          0.027
 291          0.078
 292          0.015
 293          0.080
 294          0.139
 295          0.156
 296          0.152
 297          0.071
 298          0.112
 299          0.073
 300          0.066
 301          0.030
 302          0.058
 303          0.053
 304          0.069
 305          0.043
 306          0.030
 307          0.013
 308          0.039
 309          0.030
 310          0.059
 311          0.084
 312          0.090
 313          0.178
 314          0.075
 315          0.142
 316          0.084
 317          0.057
 318          0.040
 319          0.050
 320          0.063
 321          0.062
 322          0.091
 323          0.089
 324          0.162
 325          0.112
 326          0.094
 327          0.116
 328          0.081
 329          0.102
 330          0.124
 331          0.072
 332          0.025
 333          0.056
 334          0.058
 335          0.091
 336          0.131
 337          0.074
 338          0.019
 339          0.015
 340          0.048
 341          0.046
 342          0.070
 343          0.111
 344          0.119
 345          0.106
 346          0.107
 347          0.122
 348          0.091
 349          0.070
 350          0.069
 351          0.079
 352          0.142
 353          0.147
 354          0.067
 355          0.090
 356          0.097
 357          0.079
 358          0.114
 359          0.152
 360          0.195
 361          0.147
 362          0.095
 363          0.107
 364          0.105
 365          0.083
 366          0.098
 367          0.059
 368          0.071
 369          0.094
 370          0.060
 371          0.054
 372          0.058
 373          0.061
 374          0.031
 375          0.085
 376          0.015
 377          0.041
 378          0.051
 379          0.082
 380          0.084
 381          0.104
 382          0.121
 383          0.066
 384          0.067
 385          0.061
 386          0.085
 387          0.091
 388          0.076
 389          0.045
 390          0.035
 391          0.023
 392          0.038
 393          0.096
 394          0.135
 395          0.149
 396          0.138
 397          0.072
 398          0.035
 399          0.019
 400          0.061
 401          0.099
 402          0.112
 403          0.177
 404          0.254
 405          0.111
 406          0.071
 407          0.057
 408          0.031
 409          0.059
 410          0.050
 411          0.067
 412          0.080
 413          0.114
 414          0.065
 415          0.062
 416          0.099
 417          0.048
 418          0.064
 419          0.081
 420          0.118
 421          0.071
 422          0.264
 423          0.234
 424          0.233
 425          0.137
 426          0.133
 427          0.088
 428          0.108
 429          0.114
 430          0.088
 431          0.111
 432          0.085
 433          0.111
 434          0.061
 435          0.034
 436          0.017
 437          0.058
 438          0.176
 439          0.221
 440          0.177
 441          0.129
 442          0.201
 443          0.156
 444          0.125
 445          0.083
 446          0.094
 447          0.027
 448          0.052
 449          0.037
 450          0.047
 451          0.074
 452          0.086
 453          0.066
 454          0.065
 455          0.045
 456          0.052
 457          0.017
 458          0.070
 459          0.069
 460          0.193
 461          0.079
 462          0.061
 463          0.045
 464          0.068
 465          0.060
 466          0.059
 467          0.047
 468          0.136
 469          0.215
 470          0.055
 471          0.037
 472          0.076
 473          0.079
 474          0.097
 475          0.076
 476          0.055
 477          0.048
 478          0.062
 479          0.133
 480          0.128
 481          0.165
 482          0.252
 483          0.111
 484          0.114
 485          0.117
 486          0.082
 487          0.056

# Average distance: 0.114 nm
