# Atom index    Distance (nm)
   1          0.195
   2          0.054
   3          0.012
   4          0.026
   5          0.019
   6          0.012
   7          0.038
   8          0.045
   9          0.051
  10          0.067
  11          0.074
  12          0.054
  13          0.069
  14          0.124
  15          0.116
  16          0.059
  17          0.068
  18          0.071
  19          0.064
  20          0.092
  21          0.130
  22          0.090
  23          0.060
  24          0.085
  25          0.084
  26          0.078
  27          0.087
  28          0.099
  29          0.140
  30          0.178
  31          0.063
  32          0.071
  33          0.055
  34          0.054
  35          0.048
  36          0.039
  37          0.026
  38          0.020
  39          0.079
  40          0.079
  41          0.041
  42          0.030
  43          0.028
  44          0.038
  45          0.045
  46          0.104
  47          0.117
  48          0.143
  49          0.132
  50          0.064
  51          0.067
  52          0.071
  53          0.070
  54          0.057
  55          0.023
  56          0.037
  57          0.055
  58          0.074
  59          0.114
  60          0.072
  61          0.070
  62          0.070
  63          0.064
  64          0.069
  65          0.024
  66          0.048
  67          0.131
  68          0.175
  69          0.046
  70          0.082
  71          0.053
  72          0.055
  73          0.068
  74          0.076
  75          0.074
  76          0.007
  77          0.053
  78          0.076
  79          0.034
  80          0.020
  81          0.025
  82          0.060
  83          0.070
  84          0.060
  85          0.044
  86          0.069
  87          0.055
  88          0.067
  89          0.117
  90          0.130
  91          0.159
  92          0.140
  93          0.098
  94          0.097
  95          0.105
  96          0.079
  97          0.067
  98          0.054
  99          0.061
 100          0.047
 101          0.060
 102          0.062
 103          0.056
 104          0.071
 105          0.056
 106          0.061
 107          0.058
 108          0.064
 109          0.132
 110          0.128
 111          0.137
 112          0.145
 113          0.099
 114          0.065
 115          0.063
 116          0.047
 117          0.080
 118          0.133
 119          0.119
 120          0.060
 121          0.072
 122          0.087
 123          0.120
 124          0.110
 125          0.149
 126          0.116
 127          0.087
 128          0.096
 129          0.092
 130          0.073
 131          0.094
 132          0.109
 133          0.073
 134          0.048
 135          0.034
 136          0.043
 137          0.041
 138          0.072
 139          0.075
 140          0.050
 141          0.084
 142          0.065
 143          0.051
 144          0.046
 145          0.049
 146          0.068
 147          0.083
 148          0.047
 149          0.029
 150          0.025
 151          0.033
 152          0.106
 153          0.147
 154          0.084
 155          0.035
 156          0.051
 157          0.027
 158          0.029
 159          0.055
 160          0.093
 161          0.097
 162          0.099
 163          0.078
 164          0.075
 165          0.060
 166          0.069
 167          0.066
 168          0.039
 169          0.034
 170          0.062
 171          0.049
 172          0.069
 173          0.102
 174          0.061
 175          0.062
 176          0.077
 177          0.083
 178          0.069
 179          0.055
 180          0.054
 181          0.042
 182          0.063
 183          0.061
 184          0.054
 185          0.112
 186          0.114
 187          0.113
 188          0.067
 189          0.080
 190          0.069
 191          0.068
 192          0.079
 193          0.073
 194          0.060
 195          0.069
 196          0.061
 197          0.039
 198          0.099
 199          0.067
 200          0.053
 201          0.084
 202          0.074
 203          0.078
 204          0.077
 205          0.077
 206          0.064
 207          0.119
 208          0.077
 209          0.083
 210          0.092
 211          0.031
 212          0.033
 213          0.044
 214          0.034
 215          0.052
 216          0.060
 217          0.075
 218          0.107
 219          0.091
 220          0.190
 221          0.198
 222          0.155
 223          0.123
 224          0.081
 225          0.043
 226          0.028
 227          0.027
 228          0.103
 229          0.141
 230          0.186
 231          0.175
 232          0.065
 233          0.072
 234          0.079
 235          0.080
 236          0.093
 237          0.076
 238          0.107
 239          0.083
 240          0.095
 241          0.091
 242          0.106
 243          0.107
 244          0.084
 245          0.069
 246          0.063
 247          0.077
 248          0.046
 249          0.036
 250          0.065
 251          0.060
 252          0.087
 253          0.087
 254          0.118
 255          0.053
 256          0.035
 257          0.018
 258          0.054
 259          0.042
 260          0.048
 261          0.050
 262          0.068
 263          0.050
 264          0.064
 265          0.063
 266          0.055
 267          0.024
 268          0.027
 269          0.033
 270          0.064
 271          0.060
 272          0.069
 273          0.064
 274          0.046
 275          0.022
 276          0.053
 277          0.030
 278          0.075
 279          0.091
 280          0.118
 281          0.102
 282          0.058
 283          0.024
 284          0.036
 285          0.019
 286          0.022
 287          0.016
 288          0.022
 289          0.036
 290          0.068
 291          0.042
 292          0.069
 293          0.095
 294          0.198
 295          0.239
 296          0.173
 297          0.133
 298          0.087
 299          0.070
 300          0.057
 301          0.036
 302          0.032
 303          0.021
 304          0.049
 305          0.079
 306          0.063
 307          0.050
 308          0.039
 309          0.049
 310          0.083
 311          0.133
 312          0.115
 313          0.188
 314          0.201
 315          0.218
 316          0.173
 317          0.092
 318          0.079
 319          0.096
 320          0.101
 321          0.063
 322          0.062
 323          0.100
 324          0.134
 325          0.169
 326          0.195
 327          0.178
 328          0.089
 329          0.114
 330          0.072
 331          0.119
 332          0.140
 333          0.112
 334          0.053
 335          0.047
 336          0.052
 337          0.079
 338          0.084
 339          0.070
 340          0.042
 341          0.081
 342          0.110
 343          0.161
 344          0.208
 345          0.186
 346          0.108
 347          0.106
 348          0.091
 349          0.084
 350          0.099
 351          0.075
 352          0.160
 353          0.146
 354          0.112
 355          0.111
 356          0.107
 357          0.126
 358          0.156
 359          0.105
 360          0.181
 361          0.109
 362          0.132
 363          0.156
 364          0.105
 365          0.112
 366          0.134
 367          0.164
 368          0.108
 369          0.114
 370          0.058
 371          0.039
 372          0.063
 373          0.036
 374          0.049
 375          0.070
 376          0.076
 377          0.063
 378          0.094
 379          0.055
 380          0.048
 381          0.082
 382          0.079
 383          0.047
 384          0.026
 385          0.042
 386          0.040
 387          0.024
 388          0.082
 389          0.087
 390          0.068
 391          0.064
 392          0.043
 393          0.104
 394          0.130
 395          0.065
 396          0.041
 397          0.050
 398          0.068
 399          0.064
 400          0.034
 401          0.070
 402          0.063
 403          0.065
 404          0.059
 405          0.037
 406          0.040
 407          0.058
 408          0.084
 409          0.088
 410          0.076
 411          0.082
 412          0.072
 413          0.081
 414          0.097
 415          0.126
 416          0.076
 417          0.088
 418          0.069
 419          0.086
 420          0.084
 421          0.120
 422          0.115
 423          0.096
 424          0.113
 425          0.114
 426          0.086
 427          0.078
 428          0.060
 429          0.060
 430          0.099
 431          0.111
 432          0.123
 433          0.122
 434          0.065
 435          0.054
 436          0.038
 437          0.070
 438          0.089
 439          0.066
 440          0.077
 441          0.102
 442          0.133
 443          0.100
 444          0.072
 445          0.093
 446          0.087
 447          0.065
 448          0.053
 449          0.086
 450          0.052
 451          0.083
 452          0.150
 453          0.090
 454          0.058
 455          0.031
 456          0.081
 457          0.067
 458          0.058
 459          0.042
 460          0.126
 461          0.071
 462          0.028
 463          0.077
 464          0.083
 465          0.086
 466          0.042
 467          0.097
 468          0.048
 469          0.077
 470          0.059
 471          0.074
 472          0.081
 473          0.084
 474          0.074
 475          0.120
 476          0.045
 477          0.149
 478          0.139
 479          0.105
 480          0.103
 481          0.092
 482          0.085
 483          0.070
 484          0.056
 485          0.053
 486          0.065
 487          0.068

# Average distance: 0.079 nm
