# Atom index    Distance (nm)
   1          0.081
   2          0.128
   3          0.217
   4          0.191
   5          0.164
   6          0.138
   7          0.152
   8          0.065
   9          0.054
  10          0.063
  11          0.062
  12          0.104
  13          0.156
  14          0.167
  15          0.136
  16          0.099
  17          0.037
  18          0.022
  19          0.041
  20          0.095
  21          0.178
  22          0.159
  23          0.175
  24          0.175
  25          0.160
  26          0.131
  27          0.060
  28          0.044
  29          0.028
  30          0.080
  31          0.090
  32          0.092
  33          0.152
  34          0.096
  35          0.102
  36          0.093
  37          0.109
  38          0.060
  39          0.100
  40          0.096
  41          0.121
  42          0.085
  43          0.127
  44          0.164
  45          0.194
  46          0.242
  47          0.209
  48          0.189
  49          0.080
  50          0.132
  51          0.174
  52          0.104
  53          0.100
  54          0.137
  55          0.134
  56          0.102
  57          0.120
  58          0.119
  59          0.141
  60          0.172
  61          0.173
  62          0.164
  63          0.146
  64          0.107
  65          0.128
  66          0.123
  67          0.216
  68          0.254
  69          0.245
  70          0.163
  71          0.145
  72          0.115
  73          0.144
  74          0.154
  75          0.169
  76          0.191
  77          0.208
  78          0.237
  79          0.193
  80          0.180
  81          0.178
  82          0.187
  83          0.176
  84          0.227
  85          0.189
  86          0.208
  87          0.201
  88          0.189
  89          0.277
  90          0.257
  91          0.272
  92          0.197
  93          0.066
  94          0.160
  95          0.155
  96          0.147
  97          0.144
  98          0.177
  99          0.197
 100          0.228
 101          0.248
 102          0.265
 103          0.234
 104          0.242
 105          0.186
 106          0.168
 107          0.160
 108          0.136
 109          0.107
 110          0.067
 111          0.077
 112          0.075
 113          0.082
 114          0.103
 115          0.161
 116          0.157
 117          0.197
 118          0.179
 119          0.172
 120          0.217
 121          0.225
 122          0.223
 123          0.193
 124          0.195
 125          0.203
 126          0.146
 127          0.095
 128          0.041
 129          0.062
 130          0.106
 131          0.099
 132          0.087
 133          0.053
 134          0.046
 135          0.035
 136          0.036
 137          0.067
 138          0.098
 139          0.105
 140          0.157
 141          0.187
 142          0.125
 143          0.098
 144          0.107
 145          0.089
 146          0.073
 147          0.065
 148          0.026
 149          0.020
 150          0.057
 151          0.073
 152          0.142
 153          0.189
 154          0.124
 155          0.077
 156          0.094
 157          0.100
 158          0.064
 159          0.061
 160          0.034
 161          0.045
 162          0.068
 163          0.151
 164          0.089
 165          0.086
 166          0.073
 167          0.058
 168          0.028
 169          0.010
 170          0.067
 171          0.053
 172          0.029
 173          0.055
 174          0.070
 175          0.109
 176          0.103
 177          0.139
 178          0.144
 179          0.094
 180          0.119
 181          0.075
 182          0.081
 183          0.069
 184          0.017
 185          0.029
 186          0.074
 187          0.052
 188          0.066
 189          0.068
 190          0.051
 191          0.121
 192          0.137
 193          0.058
 194          0.074
 195          0.070
 196          0.052
 197          0.064
 198          0.074
 199          0.066
 200          0.095
 201          0.119
 202          0.142
 203          0.122
 204          0.073
 205          0.108
 206          0.088
 207          0.118
 208          0.081
 209          0.092
 210          0.096
 211          0.095
 212          0.095
 213          0.089
 214          0.104
 215          0.119
 216          0.124
 217          0.122
 218          0.129
 219          0.112
 220          0.133
 221          0.130
 222          0.101
 223          0.134
 224          0.103
 225          0.132
 226          0.117
 227          0.114
 228          0.103
 229          0.096
 230          0.125
 231          0.072
 232          0.068
 233          0.095
 234          0.081
 235          0.065
 236          0.096
 237          0.149
 238          0.105
 239          0.145
 240          0.134
 241          0.164
 242          0.153
 243          0.104
 244          0.125
 245          0.169
 246          0.156
 247          0.168
 248          0.110
 249          0.087
 250          0.102
 251          0.084
 252          0.070
 253          0.068
 254          0.060
 255          0.047
 256          0.072
 257          0.068
 258          0.085
 259          0.057
 260          0.075
 261          0.049
 262          0.043
 263          0.074
 264          0.058
 265          0.060
 266          0.061
 267          0.066
 268          0.048
 269          0.057
 270          0.087
 271          0.154
 272          0.137
 273          0.171
 274          0.118
 275          0.077
 276          0.083
 277          0.080
 278          0.053
 279          0.131
 280          0.126
 281          0.107
 282          0.038
 283          0.051
 284          0.056
 285          0.065
 286          0.084
 287          0.128
 288          0.073
 289          0.045
 290          0.098
 291          0.104
 292          0.106
 293          0.133
 294          0.151
 295          0.193
 296          0.182
 297          0.118
 298          0.124
 299          0.105
 300          0.097
 301          0.090
 302          0.027
 303          0.072
 304          0.110
 305          0.148
 306          0.102
 307          0.088
 308          0.074
 309          0.061
 310          0.086
 311          0.094
 312          0.157
 313          0.242
 314          0.191
 315          0.177
 316          0.153
 317          0.115
 318          0.085
 319          0.072
 320          0.130
 321          0.113
 322          0.123
 323          0.128
 324          0.146
 325          0.202
 326          0.167
 327          0.118
 328          0.100
 329          0.057
 330          0.118
 331          0.117
 332          0.104
 333          0.100
 334          0.073
 335          0.039
 336          0.043
 337          0.055
 338          0.063
 339          0.033
 340          0.047
 341          0.097
 342          0.077
 343          0.127
 344          0.177
 345          0.172
 346          0.201
 347          0.155
 348          0.091
 349          0.073
 350          0.080
 351          0.052
 352          0.109
 353          0.204
 354          0.260
 355          0.167
 356          0.110
 357          0.077
 358          0.087
 359          0.115
 360          0.198
 361          0.174
 362          0.204
 363          0.194
 364          0.143
 365          0.077
 366          0.043
 367          0.045
 368          0.026
 369          0.022
 370          0.028
 371          0.062
 372          0.056
 373          0.062
 374          0.041
 375          0.113
 376          0.082
 377          0.047
 378          0.030
 379          0.023
 380          0.048
 381          0.038
 382          0.041
 383          0.087
 384          0.080
 385          0.134
 386          0.122
 387          0.115
 388          0.074
 389          0.043
 390          0.052
 391          0.079
 392          0.111
 393          0.149
 394          0.204
 395          0.267
 396          0.208
 397          0.123
 398          0.049
 399          0.073
 400          0.033
 401          0.096
 402          0.071
 403          0.059
 404          0.024
 405          0.037
 406          0.034
 407          0.023
 408          0.041
 409          0.043
 410          0.073
 411          0.081
 412          0.050
 413          0.113
 414          0.099
 415          0.034
 416          0.022
 417          0.074
 418          0.057
 419          0.032
 420          0.025
 421          0.017
 422          0.008
 423          0.014
 424          0.054
 425          0.067
 426          0.075
 427          0.054
 428          0.050
 429          0.035
 430          0.127
 431          0.227
 432          0.210
 433          0.165
 434          0.120
 435          0.075
 436          0.092
 437          0.092
 438          0.096
 439          0.038
 440          0.042
 441          0.084
 442          0.175
 443          0.155
 444          0.123
 445          0.066
 446          0.077
 447          0.093
 448          0.044
 449          0.032
 450          0.037
 451          0.105
 452          0.157
 453          0.072
 454          0.073
 455          0.057
 456          0.044
 457          0.102
 458          0.083
 459          0.087
 460          0.083
 461          0.105
 462          0.079
 463          0.059
 464          0.085
 465          0.074
 466          0.050
 467          0.043
 468          0.077
 469          0.078
 470          0.082
 471          0.093
 472          0.103
 473          0.103
 474          0.073
 475          0.135
 476          0.098
 477          0.056
 478          0.050
 479          0.067
 480          0.123
 481          0.201
 482          0.175
 483          0.101
 484          0.075
 485          0.068
 486          0.050
 487          0.069

# Average distance: 0.107 nm
