# Atom index    Distance (nm)
   1          0.893
   2          0.761
   3          0.682
   4          0.487
   5          0.205
   6          0.162
   7          0.052
   8          0.023
   9          0.026
  10          0.034
  11          0.041
  12          0.035
  13          0.031
  14          0.043
  15          0.043
  16          0.117
  17          0.088
  18          0.065
  19          0.062
  20          0.064
  21          0.076
  22          0.099
  23          0.089
  24          0.116
  25          0.088
  26          0.089
  27          0.119
  28          0.115
  29          0.121
  30          0.112
  31          0.072
  32          0.073
  33          0.106
  34          0.092
  35          0.091
  36          0.139
  37          0.123
  38          0.097
  39          0.105
  40          0.103
  41          0.074
  42          0.109
  43          0.083
  44          0.145
  45          0.216
  46          0.210
  47          0.120
  48          0.363
  49          0.236
  50          0.267
  51          0.133
  52          0.058
  53          0.055
  54          0.050
  55          0.085
  56          0.122
  57          0.034
  58          0.102
  59          0.099
  60          0.084
  61          0.070
  62          0.073
  63          0.122
  64          0.148
  65          0.172
  66          0.168
  67          0.201
  68          0.172
  69          0.179
  70          0.115
  71          0.204
  72          0.193
  73          0.120
  74          0.078
  75          0.116
  76          0.187
  77          0.231
  78          0.212
  79          0.170
  80          0.178
  81          0.201
  82          0.155
  83          0.137
  84          0.117
  85          0.082
  86          0.081
  87          0.088
  88          0.034
  89          0.052
  90          0.053
  91          0.132
  92          0.205
  93          0.097
  94          0.068
  95          0.038
  96          0.040
  97          0.034
  98          0.046
  99          0.063
 100          0.048
 101          0.086
 102          0.114
 103          0.113
 104          0.069
 105          0.051
 106          0.038
 107          0.066
 108          0.091
 109          0.084
 110          0.116
 111          0.139
 112          0.096
 113          0.111
 114          0.143
 115          0.122
 116          0.160
 117          0.139
 118          0.107
 119          0.113
 120          0.074
 121          0.072
 122          0.051
 123          0.049
 124          0.061
 125          0.062
 126          0.079
 127          0.097
 128          0.058
 129          0.027
 130          0.020
 131          0.058
 132          0.068
 133          0.059
 134          0.081
 135          0.041
 136          0.045
 137          0.049
 138          0.084
 139          0.121
 140          0.123
 141          0.164
 142          0.155
 143          0.129
 144          0.148
 145          0.126
 146          0.122
 147          0.060
 148          0.029
 149          0.047
 150          0.171
 151          0.202
 152          0.290
 153          0.318
 154          0.111
 155          0.059
 156          0.086
 157          0.072
 158          0.040
 159          0.062
 160          0.057
 161          0.072
 162          0.056
 163          0.077
 164          0.034
 165          0.025
 166          0.023
 167          0.023
 168          0.038
 169          0.044
 170          0.052
 171          0.034
 172          0.035
 173          0.069
 174          0.046
 175          0.046
 176          0.077
 177          0.073
 178          0.049
 179          0.074
 180          0.079
 181          0.077
 182          0.088
 183          0.018
 184          0.004
 185          0.015
 186          0.011
 187          0.032
 188          0.022
 189          0.029
 190          0.038
 191          0.071
 192          0.075
 193          0.098
 194          0.093
 195          0.074
 196          0.054
 197          0.055
 198          0.089
 199          0.216
 200          0.176
 201          0.121
 202          0.109
 203          0.108
 204          0.054
 205          0.052
 206          0.047
 207          0.064
 208          0.068
 209          0.080
 210          0.059
 211          0.084
 212          0.135
 213          0.118
 214          0.094
 215          0.055
 216          0.068
 217          0.090
 218          0.089
 219          0.056
 220          0.079
 221          0.091
 222          0.091
 223          0.054
 224          0.055
 225          0.082
 226          0.046
 227          0.027
 228          0.047
 229          0.093
 230          0.089
 231          0.080
 232          0.061
 233          0.068
 234          0.075
 235          0.081
 236          0.148
 237          0.285
 238          0.347
 239          0.279
 240          0.342
 241          0.314
 242          0.083
 243          0.275
 244          0.123
 245          0.068
 246          0.063
 247          0.068
 248          0.041
 249          0.053
 250          0.080
 251          0.028
 252          0.049
 253          0.061
 254          0.016
 255          0.017
 256          0.014
 257          0.048
 258          0.060
 259          0.070
 260          0.066
 261          0.038
 262          0.121
 263          0.090
 264          0.092
 265          0.086
 266          0.070
 267          0.054
 268          0.059
 269          0.053
 270          0.068
 271          0.074
 272          0.132
 273          0.093
 274          0.077
 275          0.088
 276          0.068
 277          0.060
 278          0.125
 279          0.090
 280          0.107
 281          0.077
 282          0.054
 283          0.029
 284          0.035
 285          0.049
 286          0.028
 287          0.024
 288          0.026
 289          0.054
 290          0.057
 291          0.080
 292          0.077
 293          0.209
 294          0.083
 295          0.199
 296          0.239
 297          0.109
 298          0.119
 299          0.101
 300          0.163
 301          0.115
 302          0.063
 303          0.057
 304          0.078
 305          0.063
 306          0.053
 307          0.070
 308          0.074
 309          0.064
 310          0.078
 311          0.118
 312          0.166
 313          0.198
 314          0.146
 315          0.053
 316          0.068
 317          0.078
 318          0.037
 319          0.046
 320          0.077
 321          0.057
 322          0.031
 323          0.093
 324          0.110
 325          0.094
 326          0.081
 327          0.069
 328          0.107
 329          0.130
 330          0.099
 331          0.117
 332          0.164
 333          0.174
 334          0.103
 335          0.086
 336          0.125
 337          0.046
 338          0.065
 339          0.128
 340          0.138
 341          0.120
 342          0.084
 343          0.075
 344          0.172
 345          0.123
 346          0.078
 347          0.080
 348          0.100
 349          0.083
 350          0.076
 351          0.154
 352          0.157
 353          0.139
 354          0.116
 355          0.101
 356          0.101
 357          0.105
 358          0.059
 359          0.073
 360          0.058
 361          0.068
 362          0.118
 363          0.098
 364          0.091
 365          0.148
 366          0.220
 367          0.212
 368          0.155
 369          0.088
 370          0.074
 371          0.093
 372          0.084
 373          0.094
 374          0.040
 375          0.029
 376          0.047
 377          0.036
 378          0.043
 379          0.112
 380          0.061
 381          0.076
 382          0.066
 383          0.026
 384          0.088
 385          0.067
 386          0.124
 387          0.108
 388          0.171
 389          0.163
 390          0.100
 391          0.148
 392          0.203
 393          0.243
 394          0.241
 395          0.219
 396          0.136
 397          0.093
 398          0.111
 399          0.098
 400          0.102
 401          0.089
 402          0.078
 403          0.136
 404          0.168
 405          0.041
 406          0.041
 407          0.088
 408          0.098
 409          0.090
 410          0.078
 411          0.056
 412          0.045
 413          0.033
 414          0.041
 415          0.065
 416          0.034
 417          0.021
 418          0.039
 419          0.065
 420          0.079
 421          0.179
 422          0.241
 423          0.286
 424          0.122
 425          0.158
 426          0.142
 427          0.138
 428          0.142
 429          0.169
 430          0.178
 431          0.151
 432          0.143
 433          0.162
 434          0.148
 435          0.132
 436          0.137
 437          0.168
 438          0.167
 439          0.143
 440          0.140
 441          0.190
 442          0.213
 443          0.190
 444          0.089
 445          0.082
 446          0.041
 447          0.044
 448          0.030
 449          0.043
 450          0.058
 451          0.086
 452          0.066
 453          0.024
 454          0.034
 455          0.069
 456          0.075
 457          0.081
 458          0.050
 459          0.119
 460          0.197
 461          0.085
 462          0.051
 463          0.085
 464          0.115
 465          0.123
 466          0.182
 467          0.167
 468          0.216
 469          0.227
 470          0.173
 471          0.158
 472          0.142
 473          0.154
 474          0.182
 475          0.048
 476          0.064
 477          0.069
 478          0.036
 479          0.033
 480          0.123
 481          0.115
 482          0.117
 483          0.118
 484          0.073
 485          0.057
 486          0.039
 487          0.041

# Average distance: 0.103 nm
