# Atom index    Distance (nm)
   1          0.471
   2          0.289
   3          0.328
   4          0.326
   5          0.272
   6          0.178
   7          0.137
   8          0.087
   9          0.145
  10          0.038
  11          0.112
  12          0.125
  13          0.248
  14          0.240
  15          0.225
  16          0.155
  17          0.106
  18          0.061
  19          0.063
  20          0.129
  21          0.184
  22          0.201
  23          0.273
  24          0.249
  25          0.172
  26          0.165
  27          0.109
  28          0.110
  29          0.111
  30          0.199
  31          0.160
  32          0.197
  33          0.179
  34          0.173
  35          0.233
  36          0.245
  37          0.173
  38          0.124
  39          0.145
  40          0.132
  41          0.108
  42          0.073
  43          0.083
  44          0.091
  45          0.139
  46          0.103
  47          0.161
  48          0.294
  49          0.325
  50          0.288
  51          0.291
  52          0.255
  53          0.157
  54          0.037
  55          0.041
  56          0.023
  57          0.101
  58          0.125
  59          0.161
  60          0.145
  61          0.161
  62          0.157
  63          0.115
  64          0.068
  65          0.103
  66          0.091
  67          0.133
  68          0.113
  69          0.064
  70          0.079
  71          0.064
  72          0.092
  73          0.158
  74          0.133
  75          0.110
  76          0.117
  77          0.201
  78          0.325
  79          0.220
  80          0.268
  81          0.267
  82          0.151
  83          0.077
  84          0.082
  85          0.084
  86          0.168
  87          0.168
  88          0.131
  89          0.174
  90          0.134
  91          0.150
  92          0.131
  93          0.073
  94          0.148
  95          0.153
  96          0.150
  97          0.133
  98          0.152
  99          0.126
 100          0.187
 101          0.183
 102          0.174
 103          0.170
 104          0.114
 105          0.107
 106          0.078
 107          0.057
 108          0.114
 109          0.137
 110          0.185
 111          0.204
 112          0.142
 113          0.095
 114          0.043
 115          0.036
 116          0.094
 117          0.101
 118          0.189
 119          0.190
 120          0.154
 121          0.210
 122          0.252
 123          0.170
 124          0.122
 125          0.155
 126          0.130
 127          0.137
 128          0.047
 129          0.071
 130          0.038
 131          0.100
 132          0.145
 133          0.092
 134          0.133
 135          0.090
 136          0.074
 137          0.079
 138          0.066
 139          0.058
 140          0.060
 141          0.105
 142          0.090
 143          0.099
 144          0.091
 145          0.028
 146          0.020
 147          0.030
 148          0.046
 149          0.036
 150          0.073
 151          0.063
 152          0.073
 153          0.059
 154          0.064
 155          0.067
 156          0.076
 157          0.045
 158          0.025
 159          0.041
 160          0.030
 161          0.030
 162          0.056
 163          0.108
 164          0.141
 165          0.141
 166          0.143
 167          0.148
 168          0.101
 169          0.103
 170          0.087
 171          0.043
 172          0.088
 173          0.081
 174          0.074
 175          0.126
 176          0.155
 177          0.115
 178          0.104
 179          0.090
 180          0.046
 181          0.050
 182          0.051
 183          0.057
 184          0.056
 185          0.106
 186          0.094
 187          0.127
 188          0.081
 189          0.036
 190          0.021
 191          0.033
 192          0.049
 193          0.068
 194          0.054
 195          0.045
 196          0.061
 197          0.043
 198          0.026
 199          0.048
 200          0.066
 201          0.107
 202          0.211
 203          0.159
 204          0.089
 205          0.114
 206          0.069
 207          0.053
 208          0.086
 209          0.114
 210          0.098
 211          0.039
 212          0.059
 213          0.021
 214          0.057
 215          0.086
 216          0.062
 217          0.059
 218          0.054
 219          0.056
 220          0.152
 221          0.034
 222          0.091
 223          0.069
 224          0.059
 225          0.079
 226          0.087
 227          0.064
 228          0.078
 229          0.048
 230          0.062
 231          0.086
 232          0.041
 233          0.077
 234          0.072
 235          0.082
 236          0.093
 237          0.126
 238          0.259
 239          0.281
 240          0.210
 241          0.250
 242          0.418
 243          0.182
 244          0.069
 245          0.086
 246          0.070
 247          0.094
 248          0.085
 249          0.114
 250          0.121
 251          0.130
 252          0.134
 253          0.132
 254          0.113
 255          0.078
 256          0.097
 257          0.071
 258          0.050
 259          0.052
 260          0.052
 261          0.057
 262          0.093
 263          0.095
 264          0.098
 265          0.064
 266          0.048
 267          0.069
 268          0.100
 269          0.074
 270          0.100
 271          0.192
 272          0.135
 273          0.049
 274          0.047
 275          0.044
 276          0.066
 277          0.056
 278          0.056
 279          0.031
 280          0.070
 281          0.073
 282          0.077
 283          0.036
 284          0.038
 285          0.063
 286          0.078
 287          0.063
 288          0.041
 289          0.062
 290          0.064
 291          0.105
 292          0.175
 293          0.199
 294          0.213
 295          0.183
 296          0.192
 297          0.188
 298          0.096
 299          0.097
 300          0.097
 301          0.074
 302          0.074
 303          0.024
 304          0.071
 305          0.118
 306          0.123
 307          0.106
 308          0.079
 309          0.073
 310          0.064
 311          0.057
 312          0.066
 313          0.162
 314          0.162
 315          0.097
 316          0.067
 317          0.058
 318          0.028
 319          0.071
 320          0.081
 321          0.117
 322          0.065
 323          0.099
 324          0.046
 325          0.061
 326          0.118
 327          0.122
 328          0.125
 329          0.160
 330          0.071
 331          0.097
 332          0.071
 333          0.136
 334          0.086
 335          0.030
 336          0.065
 337          0.053
 338          0.043
 339          0.022
 340          0.072
 341          0.041
 342          0.088
 343          0.086
 344          0.188
 345          0.242
 346          0.117
 347          0.120
 348          0.041
 349          0.040
 350          0.030
 351          0.030
 352          0.050
 353          0.036
 354          0.051
 355          0.040
 356          0.037
 357          0.048
 358          0.020
 359          0.042
 360          0.120
 361          0.096
 362          0.185
 363          0.201
 364          0.168
 365          0.189
 366          0.287
 367          0.250
 368          0.067
 369          0.051
 370          0.038
 371          0.041
 372          0.044
 373          0.079
 374          0.059
 375          0.069
 376          0.128
 377          0.146
 378          0.154
 379          0.126
 380          0.108
 381          0.126
 382          0.047
 383          0.072
 384          0.108
 385          0.153
 386          0.150
 387          0.089
 388          0.023
 389          0.057
 390          0.082
 391          0.141
 392          0.186
 393          0.197
 394          0.262
 395          0.204
 396          0.179
 397          0.166
 398          0.154
 399          0.141
 400          0.100
 401          0.042
 402          0.085
 403          0.160
 404          0.183
 405          0.113
 406          0.128
 407          0.088
 408          0.081
 409          0.095
 410          0.099
 411          0.077
 412          0.055
 413          0.116
 414          0.051
 415          0.065
 416          0.054
 417          0.094
 418          0.095
 419          0.055
 420          0.059
 421          0.131
 422          0.158
 423          0.239
 424          0.152
 425          0.091
 426          0.046
 427          0.048
 428          0.045
 429          0.064
 430          0.100
 431          0.166
 432          0.212
 433          0.158
 434          0.147
 435          0.111
 436          0.121
 437          0.116
 438          0.129
 439          0.051
 440          0.081
 441          0.086
 442          0.093
 443          0.064
 444          0.074
 445          0.061
 446          0.100
 447          0.102
 448          0.074
 449          0.057
 450          0.037
 451          0.036
 452          0.029
 453          0.050
 454          0.077
 455          0.079
 456          0.058
 457          0.083
 458          0.085
 459          0.093
 460          0.173
 461          0.181
 462          0.243
 463          0.191
 464          0.084
 465          0.092
 466          0.084
 467          0.240
 468          0.308
 469          0.229
 470          0.244
 471          0.203
 472          0.170
 473          0.163
 474          0.175
 475          0.285
 476          0.292
 477          0.333
 478          0.319
 479          0.250
 480          0.224
 481          0.292
 482          0.216
 483          0.069
 484          0.077
 485          0.060
 486          0.058
 487          0.082

# Average distance: 0.114 nm
