# Atom index    Distance (nm)
   1          0.104
   2          0.058
   3          0.116
   4          0.127
   5          0.140
   6          0.105
   7          0.106
   8          0.107
   9          0.102
  10          0.046
  11          0.092
  12          0.147
  13          0.192
  14          0.194
  15          0.197
  16          0.178
  17          0.134
  18          0.110
  19          0.164
  20          0.116
  21          0.104
  22          0.061
  23          0.159
  24          0.051
  25          0.076
  26          0.107
  27          0.162
  28          0.157
  29          0.245
  30          0.283
  31          0.198
  32          0.088
  33          0.118
  34          0.142
  35          0.152
  36          0.152
  37          0.171
  38          0.144
  39          0.102
  40          0.083
  41          0.083
  42          0.069
  43          0.042
  44          0.074
  45          0.098
  46          0.189
  47          0.224
  48          0.242
  49          0.231
  50          0.227
  51          0.262
  52          0.216
  53          0.143
  54          0.109
  55          0.084
  56          0.046
  57          0.104
  58          0.096
  59          0.153
  60          0.116
  61          0.082
  62          0.052
  63          0.095
  64          0.080
  65          0.063
  66          0.080
  67          0.080
  68          0.106
  69          0.123
  70          0.109
  71          0.054
  72          0.058
  73          0.066
  74          0.076
  75          0.100
  76          0.102
  77          0.179
  78          0.163
  79          0.122
  80          0.176
  81          0.181
  82          0.144
  83          0.118
  84          0.136
  85          0.119
  86          0.123
  87          0.118
  88          0.122
  89          0.131
  90          0.189
  91          0.253
  92          0.285
  93          0.200
  94          0.181
  95          0.114
  96          0.105
  97          0.086
  98          0.077
  99          0.056
 100          0.131
 101          0.113
 102          0.111
 103          0.105
 104          0.101
 105          0.102
 106          0.077
 107          0.060
 108          0.058
 109          0.040
 110          0.093
 111          0.120
 112          0.034
 113          0.053
 114          0.070
 115          0.069
 116          0.049
 117          0.046
 118          0.065
 119          0.126
 120          0.149
 121          0.168
 122          0.129
 123          0.109
 124          0.089
 125          0.096
 126          0.070
 127          0.054
 128          0.071
 129          0.061
 130          0.054
 131          0.086
 132          0.082
 133          0.082
 134          0.060
 135          0.047
 136          0.049
 137          0.084
 138          0.076
 139          0.062
 140          0.097
 141          0.167
 142          0.134
 143          0.057
 144          0.118
 145          0.106
 146          0.059
 147          0.044
 148          0.036
 149          0.040
 150          0.054
 151          0.075
 152          0.161
 153          0.146
 154          0.148
 155          0.106
 156          0.050
 157          0.075
 158          0.074
 159          0.075
 160          0.082
 161          0.161
 162          0.221
 163          0.123
 164          0.073
 165          0.077
 166          0.096
 167          0.054
 168          0.053
 169          0.078
 170          0.052
 171          0.039
 172          0.045
 173          0.033
 174          0.081
 175          0.089
 176          0.053
 177          0.060
 178          0.197
 179          0.151
 180          0.097
 181          0.034
 182          0.050
 183          0.062
 184          0.052
 185          0.015
 186          0.032
 187          0.029
 188          0.029
 189          0.058
 190          0.070
 191          0.056
 192          0.063
 193          0.072
 194          0.058
 195          0.065
 196          0.059
 197          0.108
 198          0.144
 199          0.146
 200          0.153
 201          0.114
 202          0.151
 203          0.108
 204          0.084
 205          0.102
 206          0.112
 207          0.067
 208          0.068
 209          0.055
 210          0.061
 211          0.053
 212          0.054
 213          0.019
 214          0.061
 215          0.067
 216          0.043
 217          0.044
 218          0.070
 219          0.079
 220          0.146
 221          0.110
 222          0.056
 223          0.037
 224          0.042
 225          0.059
 226          0.046
 227          0.043
 228          0.008
 229          0.029
 230          0.082
 231          0.074
 232          0.071
 233          0.060
 234          0.036
 235          0.072
 236          0.111
 237          0.128
 238          0.164
 239          0.130
 240          0.130
 241          0.033
 242          0.123
 243          0.085
 244          0.072
 245          0.110
 246          0.033
 247          0.083
 248          0.086
 249          0.045
 250          0.080
 251          0.065
 252          0.051
 253          0.050
 254          0.050
 255          0.062
 256          0.048
 257          0.043
 258          0.055
 259          0.060
 260          0.063
 261          0.051
 262          0.144
 263          0.152
 264          0.128
 265          0.068
 266          0.043
 267          0.036
 268          0.043
 269          0.062
 270          0.107
 271          0.108
 272          0.120
 273          0.053
 274          0.047
 275          0.051
 276          0.072
 277          0.026
 278          0.068
 279          0.042
 280          0.049
 281          0.043
 282          0.038
 283          0.053
 284          0.050
 285          0.080
 286          0.065
 287          0.039
 288          0.051
 289          0.058
 290          0.060
 291          0.069
 292          0.085
 293          0.089
 294          0.078
 295          0.096
 296          0.143
 297          0.137
 298          0.083
 299          0.092
 300          0.109
 301          0.057
 302          0.018
 303          0.015
 304          0.019
 305          0.038
 306          0.082
 307          0.054
 308          0.049
 309          0.044
 310          0.062
 311          0.074
 312          0.077
 313          0.078
 314          0.088
 315          0.077
 316          0.089
 317          0.072
 318          0.063
 319          0.078
 320          0.087
 321          0.050
 322          0.078
 323          0.112
 324          0.048
 325          0.089
 326          0.095
 327          0.119
 328          0.086
 329          0.083
 330          0.114
 331          0.097
 332          0.082
 333          0.073
 334          0.052
 335          0.076
 336          0.081
 337          0.090
 338          0.065
 339          0.044
 340          0.080
 341          0.096
 342          0.065
 343          0.101
 344          0.099
 345          0.100
 346          0.127
 347          0.083
 348          0.102
 349          0.084
 350          0.055
 351          0.058
 352          0.056
 353          0.161
 354          0.045
 355          0.009
 356          0.067
 357          0.064
 358          0.090
 359          0.099
 360          0.140
 361          0.114
 362          0.126
 363          0.087
 364          0.105
 365          0.122
 366          0.135
 367          0.129
 368          0.113
 369          0.058
 370          0.018
 371          0.060
 372          0.050
 373          0.045
 374          0.039
 375          0.044
 376          0.040
 377          0.036
 378          0.035
 379          0.068
 380          0.043
 381          0.022
 382          0.019
 383          0.035
 384          0.038
 385          0.011
 386          0.066
 387          0.033
 388          0.049
 389          0.046
 390          0.033
 391          0.022
 392          0.069
 393          0.089
 394          0.125
 395          0.175
 396          0.146
 397          0.114
 398          0.054
 399          0.063
 400          0.071
 401          0.071
 402          0.020
 403          0.119
 404          0.101
 405          0.081
 406          0.081
 407          0.086
 408          0.084
 409          0.064
 410          0.048
 411          0.075
 412          0.051
 413          0.065
 414          0.060
 415          0.098
 416          0.031
 417          0.042
 418          0.078
 419          0.089
 420          0.103
 421          0.130
 422          0.165
 423          0.209
 424          0.178
 425          0.102
 426          0.096
 427          0.062
 428          0.079
 429          0.100
 430          0.196
 431          0.119
 432          0.127
 433          0.131
 434          0.102
 435          0.063
 436          0.099
 437          0.085
 438          0.075
 439          0.117
 440          0.232
 441          0.143
 442          0.068
 443          0.046
 444          0.042
 445          0.016
 446          0.033
 447          0.049
 448          0.037
 449          0.033
 450          0.052
 451          0.075
 452          0.042
 453          0.032
 454          0.032
 455          0.033
 456          0.027
 457          0.020
 458          0.009
 459          0.075
 460          0.032
 461          0.051
 462          0.033
 463          0.013
 464          0.028
 465          0.033
 466          0.057
 467          0.106
 468          0.097
 469          0.098
 470          0.117
 471          0.105
 472          0.064
 473          0.058
 474          0.053
 475          0.094
 476          0.044
 477          0.056
 478          0.118
 479          0.040
 480          0.032
 481          0.020
 482          0.027
 483          0.041
 484          0.029
 485          0.046
 486          0.032
 487          0.021

# Average distance: 0.087 nm
