# Atom index    Distance (nm)
   1          0.079
   2          0.073
   3          0.040
   4          0.075
   5          0.105
   6          0.105
   7          0.062
   8          0.040
   9          0.037
  10          0.045
  11          0.056
  12          0.078
  13          0.156
  14          0.137
  15          0.110
  16          0.065
  17          0.028
  18          0.026
  19          0.052
  20          0.062
  21          0.063
  22          0.051
  23          0.092
  24          0.047
  25          0.063
  26          0.082
  27          0.062
  28          0.049
  29          0.070
  30          0.080
  31          0.049
  32          0.052
  33          0.067
  34          0.093
  35          0.099
  36          0.171
  37          0.132
  38          0.062
  39          0.068
  40          0.047
  41          0.048
  42          0.071
  43          0.085
  44          0.123
  45          0.096
  46          0.112
  47          0.078
  48          0.144
  49          0.125
  50          0.138
  51          0.160
  52          0.188
  53          0.083
  54          0.059
  55          0.071
  56          0.057
  57          0.080
  58          0.080
  59          0.091
  60          0.096
  61          0.112
  62          0.078
  63          0.078
  64          0.088
  65          0.109
  66          0.070
  67          0.126
  68          0.181
  69          0.129
  70          0.135
  71          0.139
  72          0.121
  73          0.158
  74          0.088
  75          0.110
  76          0.093
  77          0.098
  78          0.097
  79          0.108
  80          0.154
  81          0.066
  82          0.106
  83          0.102
  84          0.104
  85          0.080
  86          0.077
  87          0.040
  88          0.068
  89          0.110
  90          0.136
  91          0.155
  92          0.230
  93          0.182
  94          0.122
  95          0.105
  96          0.098
  97          0.092
  98          0.131
  99          0.131
 100          0.112
 101          0.108
 102          0.114
 103          0.104
 104          0.098
 105          0.083
 106          0.042
 107          0.035
 108          0.101
 109          0.022
 110          0.042
 111          0.045
 112          0.045
 113          0.046
 114          0.045
 115          0.016
 116          0.085
 117          0.112
 118          0.117
 119          0.143
 120          0.105
 121          0.105
 122          0.101
 123          0.077
 124          0.089
 125          0.070
 126          0.054
 127          0.085
 128          0.042
 129          0.042
 130          0.074
 131          0.066
 132          0.068
 133          0.045
 134          0.103
 135          0.053
 136          0.054
 137          0.104
 138          0.117
 139          0.138
 140          0.146
 141          0.148
 142          0.125
 143          0.131
 144          0.124
 145          0.087
 146          0.101
 147          0.095
 148          0.105
 149          0.101
 150          0.088
 151          0.219
 152          0.315
 153          0.271
 154          0.228
 155          0.131
 156          0.147
 157          0.152
 158          0.096
 159          0.080
 160          0.112
 161          0.082
 162          0.121
 163          0.081
 164          0.035
 165          0.080
 166          0.091
 167          0.081
 168          0.069
 169          0.072
 170          0.079
 171          0.070
 172          0.080
 173          0.075
 174          0.072
 175          0.106
 176          0.093
 177          0.087
 178          0.103
 179          0.051
 180          0.042
 181          0.029
 182          0.059
 183          0.052
 184          0.070
 185          0.083
 186          0.059
 187          0.037
 188          0.107
 189          0.062
 190          0.079
 191          0.084
 192          0.077
 193          0.107
 194          0.103
 195          0.117
 196          0.135
 197          0.131
 198          0.104
 199          0.092
 200          0.032
 201          0.048
 202          0.100
 203          0.040
 204          0.062
 205          0.066
 206          0.015
 207          0.036
 208          0.009
 209          0.075
 210          0.080
 211          0.096
 212          0.099
 213          0.151
 214          0.110
 215          0.072
 216          0.058
 217          0.056
 218          0.046
 219          0.053
 220          0.087
 221          0.077
 222          0.085
 223          0.059
 224          0.068
 225          0.037
 226          0.023
 227          0.056
 228          0.018
 229          0.033
 230          0.089
 231          0.190
 232          0.147
 233          0.125
 234          0.059
 235          0.109
 236          0.067
 237          0.108
 238          0.251
 239          0.331
 240          0.449
 241          0.222
 242          0.097
 243          0.066
 244          0.089
 245          0.122
 246          0.089
 247          0.084
 248          0.066
 249          0.036
 250          0.089
 251          0.070
 252          0.054
 253          0.028
 254          0.042
 255          0.010
 256          0.056
 257          0.044
 258          0.038
 259          0.024
 260          0.050
 261          0.034
 262          0.118
 263          0.106
 264          0.090
 265          0.046
 266          0.036
 267          0.043
 268          0.021
 269          0.048
 270          0.048
 271          0.090
 272          0.069
 273          0.120
 274          0.061
 275          0.022
 276          0.024
 277          0.032
 278          0.106
 279          0.055
 280          0.060
 281          0.059
 282          0.037
 283          0.061
 284          0.064
 285          0.023
 286          0.023
 287          0.052
 288          0.052
 289          0.039
 290          0.038
 291          0.055
 292          0.080
 293          0.088
 294          0.139
 295          0.154
 296          0.170
 297          0.131
 298          0.122
 299          0.049
 300          0.073
 301          0.063
 302          0.072
 303          0.089
 304          0.078
 305          0.074
 306          0.129
 307          0.129
 308          0.086
 309          0.086
 310          0.094
 311          0.087
 312          0.050
 313          0.167
 314          0.185
 315          0.203
 316          0.123
 317          0.088
 318          0.114
 319          0.102
 320          0.177
 321          0.118
 322          0.144
 323          0.176
 324          0.164
 325          0.169
 326          0.221
 327          0.183
 328          0.100
 329          0.105
 330          0.074
 331          0.113
 332          0.111
 333          0.114
 334          0.041
 335          0.043
 336          0.015
 337          0.012
 338          0.048
 339          0.059
 340          0.092
 341          0.065
 342          0.117
 343          0.142
 344          0.172
 345          0.189
 346          0.156
 347          0.130
 348          0.124
 349          0.085
 350          0.067
 351          0.092
 352          0.131
 353          0.141
 354          0.168
 355          0.071
 356          0.062
 357          0.035
 358          0.080
 359          0.112
 360          0.120
 361          0.177
 362          0.207
 363          0.205
 364          0.188
 365          0.212
 366          0.202
 367          0.155
 368          0.091
 369          0.057
 370          0.065
 371          0.051
 372          0.059
 373          0.024
 374          0.024
 375          0.029
 376          0.064
 377          0.060
 378          0.059
 379          0.046
 380          0.055
 381          0.063
 382          0.047
 383          0.055
 384          0.071
 385          0.041
 386          0.067
 387          0.055
 388          0.070
 389          0.082
 390          0.082
 391          0.094
 392          0.146
 393          0.215
 394          0.149
 395          0.149
 396          0.127
 397          0.077
 398          0.039
 399          0.067
 400          0.113
 401          0.040
 402          0.057
 403          0.079
 404          0.071
 405          0.068
 406          0.103
 407          0.079
 408          0.033
 409          0.051
 410          0.046
 411          0.050
 412          0.033
 413          0.032
 414          0.050
 415          0.069
 416          0.080
 417          0.060
 418          0.064
 419          0.102
 420          0.085
 421          0.086
 422          0.208
 423          0.126
 424          0.161
 425          0.088
 426          0.080
 427          0.083
 428          0.090
 429          0.101
 430          0.291
 431          0.211
 432          0.043
 433          0.032
 434          0.031
 435          0.048
 436          0.051
 437          0.086
 438          0.047
 439          0.052
 440          0.026
 441          0.115
 442          0.084
 443          0.057
 444          0.043
 445          0.023
 446          0.030
 447          0.035
 448          0.065
 449          0.055
 450          0.036
 451          0.045
 452          0.049
 453          0.035
 454          0.048
 455          0.034
 456          0.053
 457          0.068
 458          0.077
 459          0.083
 460          0.226
 461          0.032
 462          0.035
 463          0.028
 464          0.063
 465          0.055
 466          0.042
 467          0.049
 468          0.057
 469          0.039
 470          0.041
 471          0.055
 472          0.050
 473          0.039
 474          0.038
 475          0.028
 476          0.031
 477          0.061
 478          0.056
 479          0.056
 480          0.111
 481          0.121
 482          0.108
 483          0.054
 484          0.064
 485          0.038
 486          0.032
 487          0.045

# Average distance: 0.088 nm
