# Atom index    Distance (nm)
   1          0.151
   2          0.129
   3          0.202
   4          0.289
   5          0.195
   6          0.168
   7          0.111
   8          0.073
   9          0.086
  10          0.059
  11          0.097
  12          0.081
  13          0.062
  14          0.094
  15          0.073
  16          0.045
  17          0.073
  18          0.055
  19          0.050
  20          0.086
  21          0.064
  22          0.041
  23          0.070
  24          0.064
  25          0.088
  26          0.077
  27          0.028
  28          0.039
  29          0.080
  30          0.037
  31          0.049
  32          0.068
  33          0.043
  34          0.054
  35          0.097
  36          0.108
  37          0.115
  38          0.070
  39          0.044
  40          0.061
  41          0.101
  42          0.068
  43          0.039
  44          0.197
  45          0.154
  46          0.098
  47          0.075
  48          0.193
  49          0.128
  50          0.086
  51          0.111
  52          0.017
  53          0.017
  54          0.026
  55          0.061
  56          0.087
  57          0.079
  58          0.094
  59          0.115
  60          0.109
  61          0.089
  62          0.094
  63          0.092
  64          0.129
  65          0.143
  66          0.177
  67          0.238
  68          0.267
  69          0.293
  70          0.264
  71          0.279
  72          0.275
  73          0.203
  74          0.131
  75          0.075
  76          0.094
  77          0.078
  78          0.146
  79          0.081
  80          0.095
  81          0.145
  82          0.134
  83          0.115
  84          0.066
  85          0.048
  86          0.036
  87          0.049
  88          0.055
  89          0.060
  90          0.098
  91          0.053
  92          0.088
  93          0.073
  94          0.029
  95          0.035
  96          0.057
  97          0.021
  98          0.058
  99          0.087
 100          0.102
 101          0.159
 102          0.153
 103          0.108
 104          0.067
 105          0.027
 106          0.064
 107          0.070
 108          0.101
 109          0.111
 110          0.172
 111          0.390
 112          0.327
 113          0.117
 114          0.090
 115          0.108
 116          0.061
 117          0.055
 118          0.065
 119          0.050
 120          0.018
 121          0.069
 122          0.049
 123          0.053
 124          0.054
 125          0.052
 126          0.029
 127          0.059
 128          0.058
 129          0.053
 130          0.073
 131          0.081
 132          0.130
 133          0.092
 134          0.027
 135          0.037
 136          0.075
 137          0.064
 138          0.054
 139          0.053
 140          0.051
 141          0.073
 142          0.121
 143          0.118
 144          0.076
 145          0.060
 146          0.057
 147          0.034
 148          0.030
 149          0.046
 150          0.067
 151          0.098
 152          0.047
 153          0.130
 154          0.092
 155          0.079
 156          0.047
 157          0.020
 158          0.029
 159          0.031
 160          0.047
 161          0.043
 162          0.081
 163          0.059
 164          0.033
 165          0.024
 166          0.041
 167          0.037
 168          0.033
 169          0.059
 170          0.044
 171          0.054
 172          0.042
 173          0.041
 174          0.098
 175          0.114
 176          0.188
 177          0.179
 178          0.112
 179          0.095
 180          0.097
 181          0.073
 182          0.034
 183          0.007
 184          0.022
 185          0.042
 186          0.032
 187          0.088
 188          0.057
 189          0.059
 190          0.047
 191          0.080
 192          0.082
 193          0.073
 194          0.052
 195          0.061
 196          0.073
 197          0.070
 198          0.067
 199          0.045
 200          0.080
 201          0.160
 202          0.085
 203          0.131
 204          0.061
 205          0.053
 206          0.114
 207          0.114
 208          0.115
 209          0.116
 210          0.103
 211          0.069
 212          0.056
 213          0.173
 214          0.043
 215          0.073
 216          0.070
 217          0.052
 218          0.092
 219          0.128
 220          0.185
 221          0.177
 222          0.135
 223          0.136
 224          0.098
 225          0.111
 226          0.078
 227          0.046
 228          0.013
 229          0.104
 230          0.137
 231          0.078
 232          0.025
 233          0.025
 234          0.045
 235          0.027
 236          0.127
 237          0.172
 238          0.106
 239          0.115
 240          0.129
 241          0.242
 242          0.223
 243          0.244
 244          0.134
 245          0.085
 246          0.072
 247          0.058
 248          0.028
 249          0.049
 250          0.048
 251          0.036
 252          0.076
 253          0.082
 254          0.060
 255          0.040
 256          0.038
 257          0.044
 258          0.046
 259          0.024
 260          0.011
 261          0.060
 262          0.048
 263          0.094
 264          0.130
 265          0.079
 266          0.096
 267          0.024
 268          0.008
 269          0.012
 270          0.026
 271          0.060
 272          0.152
 273          0.054
 274          0.031
 275          0.050
 276          0.036
 277          0.045
 278          0.080
 279          0.075
 280          0.126
 281          0.124
 282          0.073
 283          0.078
 284          0.063
 285          0.061
 286          0.018
 287          0.026
 288          0.021
 289          0.020
 290          0.017
 291          0.053
 292          0.068
 293          0.121
 294          0.093
 295          0.148
 296          0.155
 297          0.115
 298          0.070
 299          0.067
 300          0.063
 301          0.049
 302          0.053
 303          0.062
 304          0.055
 305          0.052
 306          0.057
 307          0.095
 308          0.041
 309          0.059
 310          0.091
 311          0.023
 312          0.048
 313          0.116
 314          0.044
 315          0.012
 316          0.042
 317          0.036
 318          0.031
 319          0.044
 320          0.098
 321          0.116
 322          0.132
 323          0.166
 324          0.074
 325          0.157
 326          0.120
 327          0.107
 328          0.116
 329          0.129
 330          0.061
 331          0.089
 332          0.068
 333          0.074
 334          0.133
 335          0.099
 336          0.145
 337          0.107
 338          0.057
 339          0.059
 340          0.060
 341          0.076
 342          0.097
 343          0.119
 344          0.184
 345          0.163
 346          0.207
 347          0.128
 348          0.104
 349          0.051
 350          0.106
 351          0.069
 352          0.086
 353          0.133
 354          0.126
 355          0.055
 356          0.042
 357          0.013
 358          0.039
 359          0.084
 360          0.153
 361          0.118
 362          0.163
 363          0.124
 364          0.183
 365          0.141
 366          0.102
 367          0.099
 368          0.089
 369          0.054
 370          0.046
 371          0.040
 372          0.014
 373          0.023
 374          0.026
 375          0.021
 376          0.038
 377          0.051
 378          0.054
 379          0.071
 380          0.068
 381          0.080
 382          0.071
 383          0.051
 384          0.063
 385          0.088
 386          0.109
 387          0.076
 388          0.109
 389          0.104
 390          0.054
 391          0.076
 392          0.048
 393          0.117
 394          0.180
 395          0.095
 396          0.067
 397          0.035
 398          0.095
 399          0.100
 400          0.075
 401          0.094
 402          0.065
 403          0.032
 404          0.024
 405          0.075
 406          0.067
 407          0.066
 408          0.063
 409          0.074
 410          0.093
 411          0.098
 412          0.088
 413          0.061
 414          0.029
 415          0.058
 416          0.093
 417          0.056
 418          0.080
 419          0.098
 420          0.076
 421          0.116
 422          0.217
 423          0.207
 424          0.151
 425          0.114
 426          0.054
 427          0.067
 428          0.130
 429          0.155
 430          0.188
 431          0.335
 432          0.213
 433          0.119
 434          0.065
 435          0.046
 436          0.068
 437          0.064
 438          0.087
 439          0.095
 440          0.139
 441          0.068
 442          0.074
 443          0.070
 444          0.060
 445          0.084
 446          0.071
 447          0.070
 448          0.025
 449          0.033
 450          0.050
 451          0.080
 452          0.105
 453          0.114
 454          0.065
 455          0.042
 456          0.045
 457          0.124
 458          0.142
 459          0.106
 460          0.091
 461          0.115
 462          0.122
 463          0.116
 464          0.118
 465          0.097
 466          0.029
 467          0.093
 468          0.093
 469          0.071
 470          0.130
 471          0.096
 472          0.077
 473          0.059
 474          0.121
 475          0.115
 476          0.110
 477          0.137
 478          0.144
 479          0.098
 480          0.103
 481          0.093
 482          0.091
 483          0.096
 484          0.086
 485          0.062
 486          0.066
 487          0.121

# Average distance: 0.087 nm
