# Atom index    Distance (nm)
   1          0.303
   2          0.272
   3          0.217
   4          0.097
   5          0.103
   6          0.110
   7          0.064
   8          0.041
   9          0.014
  10          0.028
  11          0.017
  12          0.048
  13          0.129
  14          0.136
  15          0.109
  16          0.098
  17          0.075
  18          0.107
  19          0.125
  20          0.066
  21          0.087
  22          0.063
  23          0.080
  24          0.065
  25          0.070
  26          0.092
  27          0.122
  28          0.094
  29          0.115
  30          0.112
  31          0.108
  32          0.117
  33          0.085
  34          0.104
  35          0.062
  36          0.094
  37          0.082
  38          0.088
  39          0.118
  40          0.053
  41          0.093
  42          0.056
  43          0.028
  44          0.159
  45          0.270
  46          0.509
  47          0.429
  48          0.468
  49          0.395
  50          0.198
  51          0.166
  52          0.202
  53          0.118
  54          0.080
  55          0.056
  56          0.086
  57          0.068
  58          0.090
  59          0.097
  60          0.099
  61          0.069
  62          0.062
  63          0.084
  64          0.063
  65          0.046
  66          0.121
  67          0.097
  68          0.072
  69          0.076
  70          0.056
  71          0.032
  72          0.026
  73          0.053
  74          0.103
  75          0.090
  76          0.056
  77          0.060
  78          0.091
  79          0.077
  80          0.169
  81          0.153
  82          0.136
  83          0.034
  84          0.039
  85          0.032
  86          0.062
  87          0.051
  88          0.157
  89          0.134
  90          0.086
  91          0.109
  92          0.113
  93          0.102
  94          0.026
  95          0.037
  96          0.043
  97          0.093
  98          0.083
  99          0.062
 100          0.073
 101          0.071
 102          0.083
 103          0.070
 104          0.079
 105          0.063
 106          0.074
 107          0.084
 108          0.063
 109          0.033
 110          0.091
 111          0.138
 112          0.133
 113          0.069
 114          0.064
 115          0.092
 116          0.131
 117          0.113
 118          0.117
 119          0.149
 120          0.119
 121          0.146
 122          0.098
 123          0.136
 124          0.075
 125          0.046
 126          0.029
 127          0.031
 128          0.021
 129          0.036
 130          0.070
 131          0.070
 132          0.042
 133          0.061
 134          0.043
 135          0.051
 136          0.066
 137          0.057
 138          0.069
 139          0.024
 140          0.013
 141          0.032
 142          0.025
 143          0.032
 144          0.038
 145          0.015
 146          0.034
 147          0.065
 148          0.076
 149          0.104
 150          0.153
 151          0.170
 152          0.210
 153          0.222
 154          0.183
 155          0.203
 156          0.150
 157          0.085
 158          0.102
 159          0.115
 160          0.113
 161          0.095
 162          0.087
 163          0.111
 164          0.079
 165          0.105
 166          0.173
 167          0.112
 168          0.091
 169          0.074
 170          0.047
 171          0.069
 172          0.052
 173          0.047
 174          0.084
 175          0.059
 176          0.093
 177          0.076
 178          0.037
 179          0.109
 180          0.092
 181          0.075
 182          0.067
 183          0.070
 184          0.103
 185          0.103
 186          0.097
 187          0.128
 188          0.121
 189          0.105
 190          0.116
 191          0.131
 192          0.144
 193          0.188
 194          0.137
 195          0.151
 196          0.129
 197          0.144
 198          0.186
 199          0.142
 200          0.145
 201          0.076
 202          0.077
 203          0.097
 204          0.106
 205          0.103
 206          0.108
 207          0.119
 208          0.088
 209          0.085
 210          0.071
 211          0.126
 212          0.118
 213          0.111
 214          0.057
 215          0.062
 216          0.086
 217          0.091
 218          0.111
 219          0.174
 220          0.240
 221          0.306
 222          0.228
 223          0.200
 224          0.177
 225          0.157
 226          0.115
 227          0.079
 228          0.131
 229          0.156
 230          0.162
 231          0.124
 232          0.119
 233          0.108
 234          0.082
 235          0.135
 236          0.153
 237          0.102
 238          0.239
 239          0.272
 240          0.207
 241          0.255
 242          0.138
 243          0.095
 244          0.096
 245          0.098
 246          0.117
 247          0.122
 248          0.090
 249          0.056
 250          0.087
 251          0.065
 252          0.085
 253          0.088
 254          0.122
 255          0.152
 256          0.121
 257          0.059
 258          0.079
 259          0.088
 260          0.123
 261          0.148
 262          0.179
 263          0.210
 264          0.181
 265          0.163
 266          0.137
 267          0.085
 268          0.095
 269          0.086
 270          0.199
 271          0.215
 272          0.157
 273          0.139
 274          0.110
 275          0.104
 276          0.109
 277          0.156
 278          0.217
 279          0.192
 280          0.197
 281          0.208
 282          0.149
 283          0.164
 284          0.150
 285          0.165
 286          0.163
 287          0.114
 288          0.066
 289          0.087
 290          0.060
 291          0.074
 292          0.039
 293          0.034
 294          0.170
 295          0.155
 296          0.128
 297          0.099
 298          0.053
 299          0.084
 300          0.102
 301          0.065
 302          0.086
 303          0.077
 304          0.058
 305          0.037
 306          0.064
 307          0.105
 308          0.052
 309          0.105
 310          0.109
 311          0.056
 312          0.049
 313          0.048
 314          0.013
 315          0.077
 316          0.079
 317          0.081
 318          0.128
 319          0.131
 320          0.114
 321          0.084
 322          0.097
 323          0.088
 324          0.091
 325          0.090
 326          0.060
 327          0.072
 328          0.068
 329          0.052
 330          0.081
 331          0.107
 332          0.122
 333          0.123
 334          0.054
 335          0.088
 336          0.085
 337          0.164
 338          0.117
 339          0.118
 340          0.105
 341          0.092
 342          0.084
 343          0.063
 344          0.118
 345          0.077
 346          0.119
 347          0.086
 348          0.086
 349          0.088
 350          0.109
 351          0.114
 352          0.125
 353          0.191
 354          0.197
 355          0.174
 356          0.087
 357          0.104
 358          0.096
 359          0.082
 360          0.117
 361          0.222
 362          0.248
 363          0.239
 364          0.235
 365          0.307
 366          0.354
 367          0.158
 368          0.171
 369          0.112
 370          0.101
 371          0.128
 372          0.047
 373          0.041
 374          0.104
 375          0.107
 376          0.094
 377          0.042
 378          0.060
 379          0.094
 380          0.072
 381          0.065
 382          0.054
 383          0.064
 384          0.090
 385          0.053
 386          0.082
 387          0.097
 388          0.038
 389          0.060
 390          0.051
 391          0.036
 392          0.025
 393          0.074
 394          0.074
 395          0.118
 396          0.078
 397          0.032
 398          0.025
 399          0.061
 400          0.064
 401          0.090
 402          0.088
 403          0.087
 404          0.073
 405          0.047
 406          0.067
 407          0.074
 408          0.047
 409          0.049
 410          0.093
 411          0.116
 412          0.148
 413          0.158
 414          0.201
 415          0.142
 416          0.098
 417          0.106
 418          0.105
 419          0.096
 420          0.101
 421          0.128
 422          0.180
 423          0.159
 424          0.119
 425          0.116
 426          0.094
 427          0.019
 428          0.044
 429          0.046
 430          0.040
 431          0.092
 432          0.034
 433          0.109
 434          0.060
 435          0.029
 436          0.063
 437          0.068
 438          0.190
 439          0.197
 440          0.206
 441          0.183
 442          0.194
 443          0.071
 444          0.071
 445          0.098
 446          0.041
 447          0.034
 448          0.029
 449          0.040
 450          0.054
 451          0.070
 452          0.078
 453          0.127
 454          0.098
 455          0.118
 456          0.109
 457          0.072
 458          0.022
 459          0.131
 460          0.190
 461          0.179
 462          0.078
 463          0.059
 464          0.044
 465          0.090
 466          0.087
 467          0.087
 468          0.100
 469          0.121
 470          0.090
 471          0.043
 472          0.023
 473          0.050
 474          0.070
 475          0.100
 476          0.089
 477          0.073
 478          0.049
 479          0.072
 480          0.083
 481          0.122
 482          0.106
 483          0.088
 484          0.100
 485          0.088
 486          0.104
 487          0.110

# Average distance: 0.104 nm
