# Atom index    Distance (nm)
   1          0.361
   2          0.300
   3          0.189
   4          0.131
   5          0.059
   6          0.091
   7          0.072
   8          0.051
   9          0.053
  10          0.068
  11          0.085
  12          0.102
  13          0.095
  14          0.100
  15          0.070
  16          0.076
  17          0.064
  18          0.018
  19          0.063
  20          0.068
  21          0.043
  22          0.068
  23          0.059
  24          0.103
  25          0.125
  26          0.104
  27          0.065
  28          0.086
  29          0.063
  30          0.056
  31          0.073
  32          0.059
  33          0.056
  34          0.086
  35          0.074
  36          0.056
  37          0.044
  38          0.054
  39          0.058
  40          0.057
  41          0.060
  42          0.082
  43          0.079
  44          0.193
  45          0.309
  46          0.549
  47          0.323
  48          0.188
  49          0.323
  50          0.630
  51          0.440
  52          0.257
  53          0.139
  54          0.085
  55          0.090
  56          0.055
  57          0.057
  58          0.060
  59          0.050
  60          0.097
  61          0.176
  62          0.138
  63          0.086
  64          0.085
  65          0.100
  66          0.109
  67          0.188
  68          0.214
  69          0.225
  70          0.123
  71          0.192
  72          0.101
  73          0.108
  74          0.093
  75          0.129
  76          0.136
  77          0.171
  78          0.268
  79          0.189
  80          0.177
  81          0.240
  82          0.201
  83          0.152
  84          0.164
  85          0.115
  86          0.191
  87          0.205
  88          0.124
  89          0.236
  90          0.266
  91          0.319
  92          0.163
  93          0.166
  94          0.156
  95          0.136
  96          0.093
  97          0.082
  98          0.066
  99          0.116
 100          0.211
 101          0.263
 102          0.171
 103          0.104
 104          0.112
 105          0.075
 106          0.073
 107          0.193
 108          0.267
 109          0.344
 110          0.242
 111          0.208
 112          0.269
 113          0.200
 114          0.226
 115          0.133
 116          0.215
 117          0.187
 118          0.107
 119          0.160
 120          0.195
 121          0.208
 122          0.282
 123          0.239
 124          0.156
 125          0.166
 126          0.127
 127          0.073
 128          0.060
 129          0.083
 130          0.062
 131          0.025
 132          0.056
 133          0.060
 134          0.075
 135          0.021
 136          0.033
 137          0.031
 138          0.043
 139          0.055
 140          0.099
 141          0.079
 142          0.050
 143          0.041
 144          0.090
 145          0.103
 146          0.066
 147          0.058
 148          0.051
 149          0.060
 150          0.085
 151          0.072
 152          0.099
 153          0.185
 154          0.193
 155          0.125
 156          0.126
 157          0.062
 158          0.101
 159          0.087
 160          0.101
 161          0.098
 162          0.170
 163          0.069
 164          0.064
 165          0.069
 166          0.078
 167          0.057
 168          0.057
 169          0.048
 170          0.025
 171          0.021
 172          0.053
 173          0.099
 174          0.102
 175          0.062
 176          0.136
 177          0.140
 178          0.046
 179          0.119
 180          0.072
 181          0.114
 182          0.039
 183          0.036
 184          0.046
 185          0.071
 186          0.082
 187          0.098
 188          0.116
 189          0.046
 190          0.065
 191          0.094
 192          0.085
 193          0.085
 194          0.085
 195          0.098
 196          0.104
 197          0.096
 198          0.074
 199          0.186
 200          0.131
 201          0.138
 202          0.142
 203          0.055
 204          0.064
 205          0.084
 206          0.136
 207          0.109
 208          0.043
 209          0.068
 210          0.133
 211          0.140
 212          0.138
 213          0.074
 214          0.055
 215          0.020
 216          0.038
 217          0.052
 218          0.089
 219          0.123
 220          0.182
 221          0.183
 222          0.189
 223          0.078
 224          0.050
 225          0.056
 226          0.078
 227          0.082
 228          0.169
 229          0.365
 230          0.452
 231          0.270
 232          0.130
 233          0.057
 234          0.101
 235          0.128
 236          0.039
 237          0.076
 238          0.095
 239          0.100
 240          0.168
 241          0.195
 242          0.183
 243          0.133
 244          0.121
 245          0.113
 246          0.059
 247          0.056
 248          0.039
 249          0.043
 250          0.029
 251          0.027
 252          0.041
 253          0.023
 254          0.010
 255          0.086
 256          0.025
 257          0.038
 258          0.026
 259          0.033
 260          0.031
 261          0.123
 262          0.132
 263          0.082
 264          0.070
 265          0.068
 266          0.053
 267          0.031
 268          0.025
 269          0.061
 270          0.103
 271          0.110
 272          0.095
 273          0.072
 274          0.111
 275          0.053
 276          0.007
 277          0.041
 278          0.072
 279          0.097
 280          0.144
 281          0.148
 282          0.067
 283          0.065
 284          0.039
 285          0.061
 286          0.022
 287          0.022
 288          0.030
 289          0.033
 290          0.063
 291          0.129
 292          0.163
 293          0.200
 294          0.159
 295          0.267
 296          0.274
 297          0.275
 298          0.259
 299          0.123
 300          0.086
 301          0.083
 302          0.053
 303          0.050
 304          0.039
 305          0.072
 306          0.053
 307          0.046
 308          0.077
 309          0.074
 310          0.107
 311          0.072
 312          0.096
 313          0.158
 314          0.191
 315          0.078
 316          0.066
 317          0.092
 318          0.096
 319          0.084
 320          0.129
 321          0.139
 322          0.117
 323          0.175
 324          0.139
 325          0.132
 326          0.188
 327          0.170
 328          0.088
 329          0.083
 330          0.061
 331          0.079
 332          0.122
 333          0.094
 334          0.028
 335          0.052
 336          0.066
 337          0.088
 338          0.065
 339          0.046
 340          0.043
 341          0.052
 342          0.037
 343          0.048
 344          0.058
 345          0.091
 346          0.032
 347          0.043
 348          0.044
 349          0.080
 350          0.080
 351          0.081
 352          0.102
 353          0.120
 354          0.064
 355          0.065
 356          0.049
 357          0.091
 358          0.046
 359          0.096
 360          0.127
 361          0.070
 362          0.044
 363          0.194
 364          0.151
 365          0.169
 366          0.165
 367          0.180
 368          0.071
 369          0.043
 370          0.030
 371          0.052
 372          0.056
 373          0.020
 374          0.026
 375          0.032
 376          0.067
 377          0.106
 378          0.080
 379          0.063
 380          0.066
 381          0.030
 382          0.061
 383          0.050
 384          0.095
 385          0.055
 386          0.027
 387          0.033
 388          0.074
 389          0.049
 390          0.051
 391          0.081
 392          0.088
 393          0.205
 394          0.363
 395          0.189
 396          0.131
 397          0.044
 398          0.022
 399          0.066
 400          0.065
 401          0.100
 402          0.107
 403          0.107
 404          0.071
 405          0.060
 406          0.041
 407          0.030
 408          0.024
 409          0.059
 410          0.055
 411          0.043
 412          0.066
 413          0.072
 414          0.040
 415          0.044
 416          0.040
 417          0.034
 418          0.028
 419          0.024
 420          0.022
 421          0.212
 422          0.214
 423          0.164
 424          0.110
 425          0.052
 426          0.030
 427          0.037
 428          0.049
 429          0.048
 430          0.091
 431          0.110
 432          0.114
 433          0.055
 434          0.083
 435          0.061
 436          0.024
 437          0.049
 438          0.090
 439          0.055
 440          0.053
 441          0.068
 442          0.062
 443          0.022
 444          0.047
 445          0.033
 446          0.039
 447          0.049
 448          0.061
 449          0.072
 450          0.078
 451          0.088
 452          0.084
 453          0.078
 454          0.051
 455          0.031
 456          0.067
 457          0.067
 458          0.014
 459          0.031
 460          0.043
 461          0.080
 462          0.114
 463          0.021
 464          0.073
 465          0.071
 466          0.062
 467          0.063
 468          0.069
 469          0.037
 470          0.048
 471          0.109
 472          0.122
 473          0.115
 474          0.052
 475          0.117
 476          0.062
 477          0.019
 478          0.052
 479          0.048
 480          0.050
 481          0.036
 482          0.058
 483          0.055
 484          0.059
 485          0.056
 486          0.059
 487          0.065

# Average distance: 0.101 nm
