# Atom index    Distance (nm)
   1          0.107
   2          0.109
   3          0.098
   4          0.114
   5          0.082
   6          0.053
   7          0.035
   8          0.041
   9          0.055
  10          0.096
  11          0.088
  12          0.143
  13          0.175
  14          0.256
  15          0.192
  16          0.143
  17          0.068
  18          0.108
  19          0.095
  20          0.093
  21          0.146
  22          0.194
  23          0.205
  24          0.161
  25          0.148
  26          0.160
  27          0.079
  28          0.108
  29          0.146
  30          0.256
  31          0.100
  32          0.060
  33          0.048
  34          0.034
  35          0.043
  36          0.065
  37          0.048
  38          0.036
  39          0.059
  40          0.061
  41          0.048
  42          0.050
  43          0.046
  44          0.053
  45          0.209
  46          0.070
  47          0.044
  48          0.216
  49          0.096
  50          0.092
  51          0.203
  52          0.171
  53          0.126
  54          0.076
  55          0.069
  56          0.070
  57          0.062
  58          0.074
  59          0.053
  60          0.063
  61          0.063
  62          0.079
  63          0.143
  64          0.137
  65          0.136
  66          0.130
  67          0.154
  68          0.224
  69          0.212
  70          0.167
  71          0.084
  72          0.082
  73          0.148
  74          0.129
  75          0.148
  76          0.155
  77          0.188
  78          0.154
  79          0.088
  80          0.095
  81          0.145
  82          0.123
  83          0.124
  84          0.106
  85          0.032
  86          0.052
  87          0.136
  88          0.095
  89          0.077
  90          0.146
  91          0.189
  92          0.105
  93          0.122
  94          0.102
  95          0.103
  96          0.121
  97          0.072
  98          0.011
  99          0.041
 100          0.061
 101          0.069
 102          0.096
 103          0.072
 104          0.034
 105          0.064
 106          0.056
 107          0.116
 108          0.092
 109          0.135
 110          0.146
 111          0.164
 112          0.139
 113          0.085
 114          0.099
 115          0.073
 116          0.122
 117          0.130
 118          0.112
 119          0.135
 120          0.147
 121          0.090
 122          0.105
 123          0.128
 124          0.132
 125          0.136
 126          0.085
 127          0.110
 128          0.122
 129          0.073
 130          0.053
 131          0.031
 132          0.071
 133          0.073
 134          0.061
 135          0.046
 136          0.048
 137          0.063
 138          0.072
 139          0.059
 140          0.045
 141          0.045
 142          0.097
 143          0.090
 144          0.079
 145          0.087
 146          0.111
 147          0.093
 148          0.095
 149          0.097
 150          0.142
 151          0.185
 152          0.148
 153          0.175
 154          0.127
 155          0.025
 156          0.042
 157          0.059
 158          0.093
 159          0.103
 160          0.094
 161          0.116
 162          0.133
 163          0.054
 164          0.085
 165          0.100
 166          0.082
 167          0.022
 168          0.023
 169          0.030
 170          0.069
 171          0.056
 172          0.046
 173          0.094
 174          0.081
 175          0.113
 176          0.132
 177          0.128
 178          0.071
 179          0.062
 180          0.036
 181          0.080
 182          0.093
 183          0.070
 184          0.046
 185          0.075
 186          0.092
 187          0.118
 188          0.068
 189          0.073
 190          0.055
 191          0.040
 192          0.044
 193          0.041
 194          0.062
 195          0.031
 196          0.021
 197          0.065
 198          0.123
 199          0.086
 200          0.114
 201          0.086
 202          0.033
 203          0.027
 204          0.015
 205          0.033
 206          0.024
 207          0.015
 208          0.095
 209          0.086
 210          0.057
 211          0.082
 212          0.115
 213          0.068
 214          0.044
 215          0.045
 216          0.093
 217          0.064
 218          0.030
 219          0.025
 220          0.083
 221          0.073
 222          0.056
 223          0.065
 224          0.055
 225          0.045
 226          0.053
 227          0.055
 228          0.066
 229          0.213
 230          0.196
 231          0.139
 232          0.085
 233          0.020
 234          0.038
 235          0.043
 236          0.012
 237          0.096
 238          0.078
 239          0.111
 240          0.184
 241          0.217
 242          0.071
 243          0.132
 244          0.078
 245          0.085
 246          0.073
 247          0.098
 248          0.043
 249          0.035
 250          0.057
 251          0.085
 252          0.074
 253          0.067
 254          0.046
 255          0.050
 256          0.041
 257          0.042
 258          0.050
 259          0.084
 260          0.081
 261          0.124
 262          0.182
 263          0.173
 264          0.159
 265          0.138
 266          0.109
 267          0.128
 268          0.103
 269          0.129
 270          0.164
 271          0.261
 272          0.220
 273          0.194
 274          0.130
 275          0.086
 276          0.110
 277          0.132
 278          0.126
 279          0.091
 280          0.074
 281          0.072
 282          0.065
 283          0.043
 284          0.058
 285          0.052
 286          0.047
 287          0.030
 288          0.068
 289          0.058
 290          0.067
 291          0.102
 292          0.102
 293          0.058
 294          0.085
 295          0.125
 296          0.068
 297          0.078
 298          0.097
 299          0.104
 300          0.070
 301          0.063
 302          0.070
 303          0.056
 304          0.088
 305          0.126
 306          0.131
 307          0.160
 308          0.170
 309          0.114
 310          0.115
 311          0.110
 312          0.150
 313          0.027
 314          0.134
 315          0.027
 316          0.082
 317          0.120
 318          0.135
 319          0.165
 320          0.151
 321          0.138
 322          0.183
 323          0.155
 324          0.150
 325          0.096
 326          0.156
 327          0.158
 328          0.118
 329          0.094
 330          0.075
 331          0.083
 332          0.083
 333          0.058
 334          0.032
 335          0.050
 336          0.041
 337          0.025
 338          0.041
 339          0.054
 340          0.063
 341          0.049
 342          0.106
 343          0.100
 344          0.106
 345          0.153
 346          0.158
 347          0.100
 348          0.083
 349          0.071
 350          0.107
 351          0.115
 352          0.126
 353          0.148
 354          0.157
 355          0.200
 356          0.155
 357          0.117
 358          0.080
 359          0.113
 360          0.152
 361          0.044
 362          0.021
 363          0.041
 364          0.023
 365          0.084
 366          0.081
 367          0.059
 368          0.057
 369          0.071
 370          0.039
 371          0.071
 372          0.094
 373          0.092
 374          0.024
 375          0.020
 376          0.018
 377          0.033
 378          0.059
 379          0.024
 380          0.032
 381          0.039
 382          0.075
 383          0.065
 384          0.087
 385          0.125
 386          0.124
 387          0.058
 388          0.071
 389          0.077
 390          0.088
 391          0.081
 392          0.057
 393          0.202
 394          0.108
 395          0.246
 396          0.224
 397          0.063
 398          0.062
 399          0.078
 400          0.136
 401          0.057
 402          0.080
 403          0.058
 404          0.072
 405          0.113
 406          0.107
 407          0.115
 408          0.069
 409          0.061
 410          0.066
 411          0.059
 412          0.054
 413          0.066
 414          0.059
 415          0.033
 416          0.083
 417          0.083
 418          0.065
 419          0.071
 420          0.071
 421          0.083
 422          0.223
 423          0.363
 424          0.293
 425          0.120
 426          0.063
 427          0.051
 428          0.054
 429          0.036
 430          0.093
 431          0.074
 432          0.115
 433          0.100
 434          0.062
 435          0.095
 436          0.082
 437          0.066
 438          0.098
 439          0.047
 440          0.125
 441          0.169
 442          0.209
 443          0.074
 444          0.068
 445          0.072
 446          0.037
 447          0.037
 448          0.043
 449          0.076
 450          0.096
 451          0.101
 452          0.114
 453          0.089
 454          0.078
 455          0.083
 456          0.087
 457          0.079
 458          0.079
 459          0.072
 460          0.059
 461          0.056
 462          0.072
 463          0.072
 464          0.100
 465          0.085
 466          0.126
 467          0.140
 468          0.138
 469          0.104
 470          0.071
 471          0.032
 472          0.036
 473          0.072
 474          0.074
 475          0.089
 476          0.085
 477          0.087
 478          0.071
 479          0.091
 480          0.143
 481          0.191
 482          0.198
 483          0.174
 484          0.153
 485          0.101
 486          0.070
 487          0.058

# Average distance: 0.094 nm
