# Atom index    Distance (nm)
   1          0.216
   2          0.083
   3          0.113
   4          0.115
   5          0.093
   6          0.094
   7          0.140
   8          0.143
   9          0.127
  10          0.107
  11          0.111
  12          0.204
  13          0.250
  14          0.313
  15          0.119
  16          0.150
  17          0.166
  18          0.184
  19          0.237
  20          0.180
  21          0.162
  22          0.340
  23          0.234
  24          0.222
  25          0.158
  26          0.180
  27          0.148
  28          0.185
  29          0.199
  30          0.171
  31          0.171
  32          0.120
  33          0.116
  34          0.112
  35          0.203
  36          0.187
  37          0.183
  38          0.174
  39          0.170
  40          0.188
  41          0.194
  42          0.146
  43          0.219
  44          0.256
  45          0.322
  46          0.545
  47          0.589
  48          0.595
  49          0.511
  50          0.469
  51          0.230
  52          0.186
  53          0.126
  54          0.216
  55          0.204
  56          0.238
  57          0.238
  58          0.212
  59          0.205
  60          0.199
  61          0.225
  62          0.231
  63          0.224
  64          0.249
  65          0.244
  66          0.222
  67          0.256
  68          0.248
  69          0.273
  70          0.213
  71          0.256
  72          0.229
  73          0.237
  74          0.239
  75          0.193
  76          0.189
  77          0.174
  78          0.170
  79          0.196
  80          0.216
  81          0.197
  82          0.229
  83          0.211
  84          0.190
  85          0.195
  86          0.176
  87          0.208
  88          0.189
  89          0.227
  90          0.253
  91          0.228
  92          0.213
  93          0.212
  94          0.191
  95          0.199
  96          0.209
  97          0.214
  98          0.220
  99          0.225
 100          0.171
 101          0.235
 102          0.276
 103          0.210
 104          0.232
 105          0.205
 106          0.262
 107          0.209
 108          0.224
 109          0.366
 110          0.257
 111          0.254
 112          0.206
 113          0.178
 114          0.143
 115          0.180
 116          0.214
 117          0.212
 118          0.246
 119          0.201
 120          0.188
 121          0.243
 122          0.283
 123          0.309
 124          0.254
 125          0.168
 126          0.155
 127          0.098
 128          0.126
 129          0.058
 130          0.126
 131          0.059
 132          0.110
 133          0.144
 134          0.116
 135          0.114
 136          0.120
 137          0.161
 138          0.125
 139          0.084
 140          0.179
 141          0.141
 142          0.092
 143          0.111
 144          0.142
 145          0.161
 146          0.179
 147          0.146
 148          0.186
 149          0.198
 150          0.161
 151          0.181
 152          0.191
 153          0.168
 154          0.084
 155          0.168
 156          0.134
 157          0.136
 158          0.129
 159          0.143
 160          0.145
 161          0.157
 162          0.133
 163          0.161
 164          0.150
 165          0.036
 166          0.180
 167          0.130
 168          0.199
 169          0.156
 170          0.169
 171          0.136
 172          0.159
 173          0.145
 174          0.222
 175          0.243
 176          0.139
 177          0.107
 178          0.080
 179          0.054
 180          0.129
 181          0.106
 182          0.140
 183          0.146
 184          0.171
 185          0.246
 186          0.223
 187          0.212
 188          0.182
 189          0.108
 190          0.086
 191          0.086
 192          0.060
 193          0.066
 194          0.082
 195          0.124
 196          0.077
 197          0.133
 198          0.225
 199          0.115
 200          0.104
 201          0.197
 202          0.125
 203          0.077
 204          0.071
 205          0.052
 206          0.099
 207          0.137
 208          0.169
 209          0.156
 210          0.124
 211          0.055
 212          0.033
 213          0.096
 214          0.158
 215          0.128
 216          0.080
 217          0.060
 218          0.042
 219          0.041
 220          0.141
 221          0.073
 222          0.063
 223          0.064
 224          0.063
 225          0.060
 226          0.099
 227          0.126
 228          0.074
 229          0.141
 230          0.081
 231          0.164
 232          0.145
 233          0.145
 234          0.125
 235          0.098
 236          0.052
 237          0.102
 238          0.312
 239          0.444
 240          0.827
 241          0.855
 242          0.773
 243          0.415
 244          0.083
 245          0.100
 246          0.121
 247          0.100
 248          0.143
 249          0.089
 250          0.140
 251          0.210
 252          0.084
 253          0.115
 254          0.113
 255          0.134
 256          0.144
 257          0.051
 258          0.045
 259          0.137
 260          0.189
 261          0.257
 262          0.296
 263          0.340
 264          0.278
 265          0.252
 266          0.193
 267          0.184
 268          0.151
 269          0.145
 270          0.176
 271          0.282
 272          0.162
 273          0.197
 274          0.240
 275          0.179
 276          0.202
 277          0.221
 278          0.204
 279          0.164
 280          0.172
 281          0.125
 282          0.068
 283          0.089
 284          0.024
 285          0.027
 286          0.044
 287          0.021
 288          0.057
 289          0.091
 290          0.122
 291          0.207
 292          0.202
 293          0.320
 294          0.280
 295          0.329
 296          0.311
 297          0.198
 298          0.249
 299          0.203
 300          0.205
 301          0.150
 302          0.150
 303          0.173
 304          0.146
 305          0.169
 306          0.217
 307          0.239
 308          0.231
 309          0.227
 310          0.265
 311          0.299
 312          0.322
 313          0.371
 314          0.364
 315          0.279
 316          0.267
 317          0.233
 318          0.239
 319          0.212
 320          0.301
 321          0.273
 322          0.285
 323          0.350
 324          0.277
 325          0.313
 326          0.284
 327          0.306
 328          0.259
 329          0.269
 330          0.259
 331          0.267
 332          0.224
 333          0.227
 334          0.167
 335          0.171
 336          0.174
 337          0.058
 338          0.082
 339          0.111
 340          0.156
 341          0.191
 342          0.261
 343          0.273
 344          0.316
 345          0.356
 346          0.340
 347          0.309
 348          0.272
 349          0.240
 350          0.245
 351          0.248
 352          0.279
 353          0.282
 354          0.271
 355          0.239
 356          0.237
 357          0.243
 358          0.252
 359          0.279
 360          0.313
 361          0.334
 362          0.379
 363          0.439
 364          0.393
 365          0.414
 366          0.388
 367          0.248
 368          0.167
 369          0.187
 370          0.162
 371          0.106
 372          0.051
 373          0.036
 374          0.048
 375          0.099
 376          0.131
 377          0.145
 378          0.137
 379          0.106
 380          0.155
 381          0.151
 382          0.151
 383          0.129
 384          0.148
 385          0.173
 386          0.196
 387          0.158
 388          0.138
 389          0.146
 390          0.162
 391          0.121
 392          0.142
 393          0.196
 394          0.262
 395          0.224
 396          0.155
 397          0.174
 398          0.171
 399          0.175
 400          0.164
 401          0.100
 402          0.095
 403          0.108
 404          0.235
 405          0.170
 406          0.149
 407          0.141
 408          0.100
 409          0.103
 410          0.165
 411          0.065
 412          0.058
 413          0.067
 414          0.057
 415          0.045
 416          0.053
 417          0.071
 418          0.078
 419          0.088
 420          0.134
 421          0.150
 422          0.204
 423          0.241
 424          0.318
 425          0.096
 426          0.103
 427          0.115
 428          0.113
 429          0.125
 430          0.534
 431          0.466
 432          0.231
 433          0.151
 434          0.085
 435          0.104
 436          0.101
 437          0.171
 438          0.227
 439          0.204
 440          0.199
 441          0.251
 442          0.263
 443          0.213
 444          0.097
 445          0.119
 446          0.102
 447          0.092
 448          0.096
 449          0.110
 450          0.105
 451          0.141
 452          0.181
 453          0.120
 454          0.160
 455          0.123
 456          0.082
 457          0.077
 458          0.166
 459          0.217
 460          0.266
 461          0.255
 462          0.205
 463          0.184
 464          0.128
 465          0.109
 466          0.137
 467          0.165
 468          0.086
 469          0.177
 470          0.141
 471          0.091
 472          0.134
 473          0.177
 474          0.143
 475          0.192
 476          0.190
 477          0.191
 478          0.170
 479          0.187
 480          0.164
 481          0.105
 482          0.107
 483          0.106
 484          0.133
 485          0.125
 486          0.134
 487          0.144

# Average distance: 0.184 nm
