# Atom index    Distance (nm)
   1          0.317
   2          0.314
   3          0.261
   4          0.231
   5          0.125
   6          0.077
   7          0.035
   8          0.059
   9          0.079
  10          0.040
  11          0.043
  12          0.057
  13          0.097
  14          0.090
  15          0.095
  16          0.095
  17          0.061
  18          0.050
  19          0.108
  20          0.165
  21          0.091
  22          0.127
  23          0.255
  24          0.223
  25          0.159
  26          0.167
  27          0.120
  28          0.109
  29          0.095
  30          0.162
  31          0.067
  32          0.099
  33          0.031
  34          0.042
  35          0.026
  36          0.042
  37          0.036
  38          0.035
  39          0.039
  40          0.040
  41          0.051
  42          0.044
  43          0.120
  44          0.116
  45          0.159
  46          0.260
  47          0.277
  48          0.217
  49          0.285
  50          0.251
  51          0.177
  52          0.169
  53          0.116
  54          0.120
  55          0.100
  56          0.061
  57          0.063
  58          0.057
  59          0.143
  60          0.092
  61          0.068
  62          0.095
  63          0.107
  64          0.106
  65          0.050
  66          0.042
  67          0.097
  68          0.077
  69          0.136
  70          0.092
  71          0.084
  72          0.072
  73          0.093
  74          0.118
  75          0.135
  76          0.131
  77          0.175
  78          0.190
  79          0.141
  80          0.209
  81          0.222
  82          0.116
  83          0.117
  84          0.124
  85          0.094
  86          0.087
  87          0.092
  88          0.133
  89          0.154
  90          0.205
  91          0.370
  92          0.372
  93          0.235
  94          0.146
  95          0.107
  96          0.043
  97          0.025
  98          0.074
  99          0.085
 100          0.135
 101          0.119
 102          0.106
 103          0.064
 104          0.035
 105          0.030
 106          0.036
 107          0.038
 108          0.132
 109          0.195
 110          0.109
 111          0.180
 112          0.219
 113          0.087
 114          0.045
 115          0.070
 116          0.144
 117          0.060
 118          0.063
 119          0.123
 120          0.114
 121          0.114
 122          0.094
 123          0.082
 124          0.062
 125          0.046
 126          0.115
 127          0.109
 128          0.080
 129          0.088
 130          0.056
 131          0.048
 132          0.027
 133          0.031
 134          0.032
 135          0.036
 136          0.034
 137          0.014
 138          0.016
 139          0.029
 140          0.044
 141          0.038
 142          0.085
 143          0.058
 144          0.084
 145          0.061
 146          0.089
 147          0.095
 148          0.083
 149          0.022
 150          0.111
 151          0.136
 152          0.191
 153          0.176
 154          0.116
 155          0.088
 156          0.072
 157          0.038
 158          0.054
 159          0.122
 160          0.132
 161          0.088
 162          0.072
 163          0.068
 164          0.023
 165          0.038
 166          0.081
 167          0.068
 168          0.058
 169          0.056
 170          0.033
 171          0.052
 172          0.072
 173          0.062
 174          0.060
 175          0.063
 176          0.072
 177          0.061
 178          0.078
 179          0.091
 180          0.093
 181          0.094
 182          0.053
 183          0.041
 184          0.102
 185          0.102
 186          0.074
 187          0.100
 188          0.065
 189          0.054
 190          0.053
 191          0.079
 192          0.094
 193          0.107
 194          0.078
 195          0.065
 196          0.086
 197          0.066
 198          0.096
 199          0.100
 200          0.125
 201          0.114
 202          0.171
 203          0.188
 204          0.116
 205          0.087
 206          0.092
 207          0.077
 208          0.109
 209          0.102
 210          0.082
 211          0.110
 212          0.057
 213          0.068
 214          0.047
 215          0.022
 216          0.064
 217          0.049
 218          0.088
 219          0.122
 220          0.194
 221          0.185
 222          0.135
 223          0.123
 224          0.112
 225          0.039
 226          0.037
 227          0.060
 228          0.098
 229          0.099
 230          0.099
 231          0.115
 232          0.127
 233          0.086
 234          0.071
 235          0.092
 236          0.093
 237          0.190
 238          0.284
 239          0.390
 240          0.355
 241          0.373
 242          0.625
 243          0.406
 244          0.169
 245          0.105
 246          0.060
 247          0.096
 248          0.077
 249          0.066
 250          0.064
 251          0.050
 252          0.046
 253          0.054
 254          0.019
 255          0.043
 256          0.043
 257          0.004
 258          0.029
 259          0.020
 260          0.035
 261          0.039
 262          0.070
 263          0.086
 264          0.083
 265          0.046
 266          0.040
 267          0.052
 268          0.070
 269          0.097
 270          0.112
 271          0.176
 272          0.116
 273          0.111
 274          0.095
 275          0.057
 276          0.053
 277          0.014
 278          0.103
 279          0.053
 280          0.098
 281          0.162
 282          0.161
 283          0.164
 284          0.153
 285          0.140
 286          0.076
 287          0.036
 288          0.033
 289          0.048
 290          0.060
 291          0.059
 292          0.064
 293          0.095
 294          0.101
 295          0.095
 296          0.092
 297          0.061
 298          0.085
 299          0.101
 300          0.086
 301          0.062
 302          0.112
 303          0.162
 304          0.195
 305          0.164
 306          0.159
 307          0.111
 308          0.069
 309          0.079
 310          0.054
 311          0.045
 312          0.049
 313          0.043
 314          0.091
 315          0.054
 316          0.005
 317          0.050
 318          0.059
 319          0.084
 320          0.119
 321          0.049
 322          0.079
 323          0.132
 324          0.133
 325          0.135
 326          0.137
 327          0.082
 328          0.066
 329          0.073
 330          0.039
 331          0.037
 332          0.076
 333          0.081
 334          0.050
 335          0.071
 336          0.108
 337          0.045
 338          0.030
 339          0.024
 340          0.029
 341          0.020
 342          0.033
 343          0.066
 344          0.072
 345          0.084
 346          0.069
 347          0.037
 348          0.044
 349          0.037
 350          0.015
 351          0.067
 352          0.065
 353          0.073
 354          0.069
 355          0.036
 356          0.037
 357          0.025
 358          0.028
 359          0.036
 360          0.064
 361          0.066
 362          0.015
 363          0.034
 364          0.077
 365          0.054
 366          0.105
 367          0.109
 368          0.074
 369          0.083
 370          0.036
 371          0.061
 372          0.049
 373          0.035
 374          0.056
 375          0.065
 376          0.069
 377          0.050
 378          0.050
 379          0.045
 380          0.044
 381          0.040
 382          0.024
 383          0.045
 384          0.083
 385          0.101
 386          0.104
 387          0.062
 388          0.075
 389          0.062
 390          0.039
 391          0.146
 392          0.242
 393          0.399
 394          0.477
 395          0.426
 396          0.317
 397          0.134
 398          0.098
 399          0.099
 400          0.065
 401          0.117
 402          0.079
 403          0.048
 404          0.052
 405          0.042
 406          0.058
 407          0.034
 408          0.046
 409          0.049
 410          0.088
 411          0.089
 412          0.081
 413          0.067
 414          0.100
 415          0.056
 416          0.039
 417          0.061
 418          0.068
 419          0.066
 420          0.030
 421          0.092
 422          0.145
 423          0.217
 424          0.061
 425          0.117
 426          0.091
 427          0.081
 428          0.057
 429          0.068
 430          0.135
 431          0.141
 432          0.141
 433          0.118
 434          0.121
 435          0.045
 436          0.030
 437          0.118
 438          0.108
 439          0.108
 440          0.133
 441          0.134
 442          0.082
 443          0.087
 444          0.069
 445          0.049
 446          0.077
 447          0.076
 448          0.064
 449          0.046
 450          0.049
 451          0.047
 452          0.044
 453          0.031
 454          0.053
 455          0.075
 456          0.120
 457          0.089
 458          0.034
 459          0.033
 460          0.076
 461          0.117
 462          0.068
 463          0.069
 464          0.061
 465          0.050
 466          0.044
 467          0.061
 468          0.239
 469          0.279
 470          0.199
 471          0.132
 472          0.093
 473          0.078
 474          0.096
 475          0.119
 476          0.092
 477          0.117
 478          0.088
 479          0.053
 480          0.055
 481          0.078
 482          0.071
 483          0.028
 484          0.039
 485          0.031
 486          0.030
 487          0.046

# Average distance: 0.095 nm
