# Atom index    Distance (nm)
   1          0.224
   2          0.221
   3          0.167
   4          0.164
   5          0.125
   6          0.079
   7          0.069
   8          0.059
   9          0.064
  10          0.073
  11          0.077
  12          0.122
  13          0.113
  14          0.155
  15          0.102
  16          0.094
  17          0.078
  18          0.076
  19          0.095
  20          0.048
  21          0.074
  22          0.242
  23          0.329
  24          0.248
  25          0.108
  26          0.175
  27          0.071
  28          0.103
  29          0.094
  30          0.227
  31          0.180
  32          0.081
  33          0.089
  34          0.084
  35          0.117
  36          0.111
  37          0.120
  38          0.065
  39          0.084
  40          0.082
  41          0.061
  42          0.071
  43          0.111
  44          0.083
  45          0.177
  46          0.191
  47          0.244
  48          0.292
  49          0.322
  50          0.247
  51          0.137
  52          0.128
  53          0.144
  54          0.137
  55          0.108
  56          0.084
  57          0.095
  58          0.069
  59          0.063
  60          0.078
  61          0.077
  62          0.098
  63          0.094
  64          0.096
  65          0.110
  66          0.127
  67          0.174
  68          0.153
  69          0.110
  70          0.154
  71          0.154
  72          0.128
  73          0.127
  74          0.097
  75          0.051
  76          0.069
  77          0.045
  78          0.045
  79          0.062
  80          0.102
  81          0.110
  82          0.129
  83          0.095
  84          0.098
  85          0.096
  86          0.090
  87          0.118
  88          0.127
  89          0.130
  90          0.108
  91          0.109
  92          0.077
  93          0.037
  94          0.069
  95          0.108
  96          0.113
  97          0.079
  98          0.058
  99          0.065
 100          0.087
 101          0.130
 102          0.087
 103          0.067
 104          0.048
 105          0.041
 106          0.026
 107          0.042
 108          0.030
 109          0.097
 110          0.083
 111          0.184
 112          0.114
 113          0.055
 114          0.053
 115          0.049
 116          0.028
 117          0.039
 118          0.056
 119          0.036
 120          0.057
 121          0.057
 122          0.043
 123          0.057
 124          0.050
 125          0.041
 126          0.024
 127          0.078
 128          0.077
 129          0.022
 130          0.060
 131          0.054
 132          0.061
 133          0.051
 134          0.081
 135          0.043
 136          0.063
 137          0.046
 138          0.043
 139          0.049
 140          0.050
 141          0.029
 142          0.030
 143          0.031
 144          0.038
 145          0.062
 146          0.048
 147          0.035
 148          0.020
 149          0.027
 150          0.095
 151          0.126
 152          0.085
 153          0.056
 154          0.061
 155          0.049
 156          0.032
 157          0.039
 158          0.044
 159          0.040
 160          0.038
 161          0.049
 162          0.032
 163          0.049
 164          0.058
 165          0.037
 166          0.053
 167          0.050
 168          0.044
 169          0.037
 170          0.029
 171          0.043
 172          0.041
 173          0.049
 174          0.076
 175          0.266
 176          0.224
 177          0.100
 178          0.059
 179          0.092
 180          0.022
 181          0.062
 182          0.056
 183          0.046
 184          0.034
 185          0.045
 186          0.052
 187          0.047
 188          0.070
 189          0.068
 190          0.045
 191          0.050
 192          0.044
 193          0.057
 194          0.012
 195          0.013
 196          0.016
 197          0.013
 198          0.091
 199          0.105
 200          0.121
 201          0.148
 202          0.131
 203          0.085
 204          0.083
 205          0.054
 206          0.018
 207          0.035
 208          0.089
 209          0.080
 210          0.044
 211          0.110
 212          0.173
 213          0.125
 214          0.079
 215          0.054
 216          0.052
 217          0.031
 218          0.015
 219          0.028
 220          0.057
 221          0.093
 222          0.057
 223          0.022
 224          0.030
 225          0.044
 226          0.042
 227          0.014
 228          0.037
 229          0.078
 230          0.029
 231          0.036
 232          0.027
 233          0.026
 234          0.044
 235          0.027
 236          0.030
 237          0.028
 238          0.131
 239          0.150
 240          0.092
 241          0.254
 242          0.186
 243          0.129
 244          0.092
 245          0.033
 246          0.065
 247          0.068
 248          0.032
 249          0.031
 250          0.093
 251          0.093
 252          0.047
 253          0.010
 254          0.020
 255          0.013
 256          0.013
 257          0.046
 258          0.092
 259          0.073
 260          0.052
 261          0.050
 262          0.068
 263          0.091
 264          0.111
 265          0.094
 266          0.082
 267          0.029
 268          0.048
 269          0.094
 270          0.105
 271          0.109
 272          0.080
 273          0.079
 274          0.114
 275          0.092
 276          0.059
 277          0.050
 278          0.057
 279          0.083
 280          0.075
 281          0.072
 282          0.090
 283          0.058
 284          0.099
 285          0.091
 286          0.042
 287          0.058
 288          0.026
 289          0.030
 290          0.091
 291          0.090
 292          0.052
 293          0.086
 294          0.063
 295          0.088
 296          0.088
 297          0.066
 298          0.068
 299          0.070
 300          0.044
 301          0.040
 302          0.020
 303          0.042
 304          0.069
 305          0.072
 306          0.072
 307          0.081
 308          0.048
 309          0.020
 310          0.037
 311          0.062
 312          0.075
 313          0.081
 314          0.116
 315          0.130
 316          0.093
 317          0.033
 318          0.025
 319          0.032
 320          0.052
 321          0.031
 322          0.140
 323          0.063
 324          0.064
 325          0.139
 326          0.150
 327          0.127
 328          0.041
 329          0.032
 330          0.076
 331          0.051
 332          0.026
 333          0.069
 334          0.113
 335          0.097
 336          0.194
 337          0.160
 338          0.099
 339          0.088
 340          0.066
 341          0.090
 342          0.081
 343          0.059
 344          0.064
 345          0.141
 346          0.141
 347          0.147
 348          0.128
 349          0.080
 350          0.092
 351          0.104
 352          0.111
 353          0.091
 354          0.156
 355          0.083
 356          0.083
 357          0.086
 358          0.087
 359          0.071
 360          0.116
 361          0.098
 362          0.149
 363          0.144
 364          0.152
 365          0.148
 366          0.139
 367          0.117
 368          0.093
 369          0.086
 370          0.044
 371          0.094
 372          0.074
 373          0.063
 374          0.024
 375          0.020
 376          0.023
 377          0.070
 378          0.079
 379          0.047
 380          0.044
 381          0.059
 382          0.063
 383          0.060
 384          0.099
 385          0.095
 386          0.107
 387          0.119
 388          0.083
 389          0.055
 390          0.068
 391          0.111
 392          0.171
 393          0.265
 394          0.390
 395          0.216
 396          0.155
 397          0.118
 398          0.084
 399          0.114
 400          0.103
 401          0.141
 402          0.130
 403          0.112
 404          0.166
 405          0.119
 406          0.109
 407          0.091
 408          0.052
 409          0.054
 410          0.101
 411          0.154
 412          0.168
 413          0.186
 414          0.172
 415          0.134
 416          0.157
 417          0.135
 418          0.050
 419          0.056
 420          0.067
 421          0.083
 422          0.087
 423          0.092
 424          0.030
 425          0.013
 426          0.023
 427          0.066
 428          0.026
 429          0.100
 430          0.129
 431          0.216
 432          0.102
 433          0.195
 434          0.092
 435          0.051
 436          0.104
 437          0.086
 438          0.116
 439          0.111
 440          0.135
 441          0.101
 442          0.112
 443          0.109
 444          0.116
 445          0.086
 446          0.085
 447          0.050
 448          0.065
 449          0.052
 450          0.055
 451          0.087
 452          0.125
 453          0.125
 454          0.076
 455          0.039
 456          0.042
 457          0.046
 458          0.087
 459          0.091
 460          0.089
 461          0.094
 462          0.099
 463          0.086
 464          0.066
 465          0.117
 466          0.136
 467          0.187
 468          0.274
 469          0.254
 470          0.242
 471          0.150
 472          0.106
 473          0.082
 474          0.098
 475          0.158
 476          0.129
 477          0.112
 478          0.195
 479          0.219
 480          0.179
 481          0.104
 482          0.129
 483          0.080
 484          0.029
 485          0.055
 486          0.093
 487          0.097

# Average distance: 0.089 nm
