# Atom index    Distance (nm)
   1          0.090
   2          0.084
   3          0.069
   4          0.059
   5          0.079
   6          0.085
   7          0.065
   8          0.057
   9          0.063
  10          0.066
  11          0.052
  12          0.066
  13          0.054
  14          0.055
  15          0.078
  16          0.068
  17          0.025
  18          0.037
  19          0.024
  20          0.057
  21          0.088
  22          0.089
  23          0.104
  24          0.164
  25          0.137
  26          0.136
  27          0.100
  28          0.058
  29          0.049
  30          0.130
  31          0.067
  32          0.096
  33          0.080
  34          0.082
  35          0.098
  36          0.132
  37          0.105
  38          0.067
  39          0.073
  40          0.072
  41          0.069
  42          0.045
  43          0.023
  44          0.054
  45          0.132
  46          0.167
  47          0.219
  48          0.250
  49          0.153
  50          0.079
  51          0.090
  52          0.097
  53          0.154
  54          0.107
  55          0.033
  56          0.043
  57          0.025
  58          0.037
  59          0.064
  60          0.059
  61          0.020
  62          0.028
  63          0.039
  64          0.050
  65          0.045
  66          0.051
  67          0.077
  68          0.101
  69          0.129
  70          0.118
  71          0.101
  72          0.051
  73          0.068
  74          0.088
  75          0.071
  76          0.062
  77          0.075
  78          0.100
  79          0.063
  80          0.067
  81          0.131
  82          0.102
  83          0.031
  84          0.066
  85          0.069
  86          0.085
  87          0.119
  88          0.127
  89          0.080
  90          0.103
  91          0.152
  92          0.186
  93          0.124
  94          0.120
  95          0.110
  96          0.055
  97          0.064
  98          0.053
  99          0.075
 100          0.130
 101          0.179
 102          0.173
 103          0.141
 104          0.095
 105          0.095
 106          0.128
 107          0.082
 108          0.063
 109          0.043
 110          0.138
 111          0.177
 112          0.117
 113          0.101
 114          0.149
 115          0.128
 116          0.207
 117          0.134
 118          0.154
 119          0.143
 120          0.105
 121          0.105
 122          0.083
 123          0.066
 124          0.068
 125          0.083
 126          0.068
 127          0.033
 128          0.068
 129          0.052
 130          0.072
 131          0.055
 132          0.040
 133          0.075
 134          0.060
 135          0.032
 136          0.009
 137          0.041
 138          0.046
 139          0.018
 140          0.031
 141          0.052
 142          0.124
 143          0.038
 144          0.086
 145          0.046
 146          0.014
 147          0.017
 148          0.043
 149          0.085
 150          0.238
 151          0.418
 152          0.432
 153          0.429
 154          0.191
 155          0.150
 156          0.108
 157          0.141
 158          0.138
 159          0.098
 160          0.103
 161          0.117
 162          0.112
 163          0.078
 164          0.083
 165          0.059
 166          0.051
 167          0.083
 168          0.056
 169          0.061
 170          0.043
 171          0.039
 172          0.043
 173          0.048
 174          0.023
 175          0.039
 176          0.047
 177          0.034
 178          0.024
 179          0.028
 180          0.030
 181          0.032
 182          0.047
 183          0.100
 184          0.091
 185          0.091
 186          0.144
 187          0.122
 188          0.108
 189          0.076
 190          0.104
 191          0.083
 192          0.069
 193          0.155
 194          0.159
 195          0.081
 196          0.072
 197          0.065
 198          0.063
 199          0.061
 200          0.093
 201          0.082
 202          0.082
 203          0.052
 204          0.036
 205          0.045
 206          0.036
 207          0.016
 208          0.044
 209          0.041
 210          0.076
 211          0.045
 212          0.039
 213          0.062
 214          0.098
 215          0.099
 216          0.041
 217          0.016
 218          0.019
 219          0.073
 220          0.092
 221          0.097
 222          0.062
 223          0.047
 224          0.049
 225          0.050
 226          0.071
 227          0.086
 228          0.079
 229          0.058
 230          0.106
 231          0.104
 232          0.095
 233          0.076
 234          0.099
 235          0.058
 236          0.009
 237          0.065
 238          0.125
 239          0.173
 240          0.166
 241          0.118
 242          0.099
 243          0.200
 244          0.184
 245          0.136
 246          0.087
 247          0.115
 248          0.074
 249          0.041
 250          0.047
 251          0.027
 252          0.050
 253          0.034
 254          0.022
 255          0.075
 256          0.057
 257          0.044
 258          0.025
 259          0.041
 260          0.099
 261          0.207
 262          0.289
 263          0.237
 264          0.190
 265          0.094
 266          0.094
 267          0.083
 268          0.124
 269          0.121
 270          0.165
 271          0.174
 272          0.333
 273          0.236
 274          0.173
 275          0.101
 276          0.158
 277          0.211
 278          0.240
 279          0.114
 280          0.150
 281          0.058
 282          0.075
 283          0.079
 284          0.062
 285          0.070
 286          0.076
 287          0.067
 288          0.028
 289          0.053
 290          0.037
 291          0.121
 292          0.103
 293          0.151
 294          0.173
 295          0.300
 296          0.226
 297          0.206
 298          0.192
 299          0.166
 300          0.138
 301          0.120
 302          0.099
 303          0.088
 304          0.074
 305          0.115
 306          0.099
 307          0.162
 308          0.208
 309          0.164
 310          0.205
 311          0.163
 312          0.181
 313          0.194
 314          0.161
 315          0.096
 316          0.110
 317          0.081
 318          0.166
 319          0.150
 320          0.269
 321          0.299
 322          0.323
 323          0.308
 324          0.316
 325          0.351
 326          0.275
 327          0.193
 328          0.139
 329          0.163
 330          0.142
 331          0.152
 332          0.165
 333          0.211
 334          0.141
 335          0.168
 336          0.071
 337          0.075
 338          0.078
 339          0.118
 340          0.152
 341          0.116
 342          0.106
 343          0.099
 344          0.117
 345          0.136
 346          0.094
 347          0.033
 348          0.072
 349          0.094
 350          0.110
 351          0.141
 352          0.193
 353          0.300
 354          0.351
 355          0.230
 356          0.169
 357          0.084
 358          0.055
 359          0.035
 360          0.087
 361          0.159
 362          0.105
 363          0.140
 364          0.186
 365          0.179
 366          0.160
 367          0.154
 368          0.153
 369          0.181
 370          0.126
 371          0.111
 372          0.062
 373          0.024
 374          0.064
 375          0.062
 376          0.043
 377          0.028
 378          0.061
 379          0.046
 380          0.051
 381          0.040
 382          0.054
 383          0.058
 384          0.042
 385          0.126
 386          0.115
 387          0.079
 388          0.072
 389          0.056
 390          0.070
 391          0.056
 392          0.088
 393          0.106
 394          0.131
 395          0.081
 396          0.074
 397          0.052
 398          0.046
 399          0.094
 400          0.076
 401          0.049
 402          0.067
 403          0.074
 404          0.112
 405          0.099
 406          0.071
 407          0.052
 408          0.050
 409          0.028
 410          0.023
 411          0.046
 412          0.034
 413          0.023
 414          0.096
 415          0.061
 416          0.095
 417          0.029
 418          0.029
 419          0.067
 420          0.058
 421          0.046
 422          0.118
 423          0.179
 424          0.229
 425          0.114
 426          0.089
 427          0.041
 428          0.068
 429          0.074
 430          0.043
 431          0.044
 432          0.121
 433          0.077
 434          0.082
 435          0.045
 436          0.077
 437          0.076
 438          0.123
 439          0.086
 440          0.101
 441          0.086
 442          0.096
 443          0.097
 444          0.075
 445          0.051
 446          0.047
 447          0.062
 448          0.061
 449          0.058
 450          0.069
 451          0.070
 452          0.066
 453          0.056
 454          0.071
 455          0.068
 456          0.092
 457          0.091
 458          0.069
 459          0.086
 460          0.106
 461          0.141
 462          0.093
 463          0.081
 464          0.068
 465          0.047
 466          0.049
 467          0.059
 468          0.118
 469          0.189
 470          0.142
 471          0.080
 472          0.054
 473          0.053
 474          0.091
 475          0.172
 476          0.137
 477          0.108
 478          0.056
 479          0.111
 480          0.086
 481          0.052
 482          0.076
 483          0.087
 484          0.076
 485          0.053
 486          0.058
 487          0.091

# Average distance: 0.099 nm
