# Atom index    Distance (nm)
   1          0.174
   2          0.069
   3          0.123
   4          0.092
   5          0.112
   6          0.066
   7          0.042
   8          0.056
   9          0.105
  10          0.098
  11          0.064
  12          0.048
  13          0.116
  14          0.185
  15          0.085
  16          0.102
  17          0.085
  18          0.069
  19          0.098
  20          0.122
  21          0.155
  22          0.174
  23          0.129
  24          0.099
  25          0.109
  26          0.099
  27          0.123
  28          0.147
  29          0.130
  30          0.173
  31          0.080
  32          0.062
  33          0.063
  34          0.047
  35          0.029
  36          0.067
  37          0.086
  38          0.088
  39          0.065
  40          0.041
  41          0.028
  42          0.043
  43          0.037
  44          0.055
  45          0.079
  46          0.117
  47          0.170
  48          0.200
  49          0.082
  50          0.109
  51          0.125
  52          0.127
  53          0.038
  54          0.031
  55          0.039
  56          0.087
  57          0.065
  58          0.098
  59          0.128
  60          0.120
  61          0.114
  62          0.116
  63          0.097
  64          0.096
  65          0.050
  66          0.043
  67          0.050
  68          0.071
  69          0.127
  70          0.134
  71          0.102
  72          0.077
  73          0.107
  74          0.102
  75          0.067
  76          0.063
  77          0.069
  78          0.066
  79          0.108
  80          0.062
  81          0.110
  82          0.076
  83          0.044
  84          0.038
  85          0.014
  86          0.038
  87          0.073
  88          0.077
  89          0.133
  90          0.079
  91          0.068
  92          0.076
  93          0.035
  94          0.083
  95          0.055
  96          0.055
  97          0.039
  98          0.057
  99          0.058
 100          0.047
 101          0.097
 102          0.067
 103          0.081
 104          0.092
 105          0.055
 106          0.067
 107          0.044
 108          0.150
 109          0.136
 110          0.129
 111          0.223
 112          0.031
 113          0.070
 114          0.067
 115          0.065
 116          0.094
 117          0.046
 118          0.042
 119          0.102
 120          0.097
 121          0.112
 122          0.135
 123          0.130
 124          0.108
 125          0.070
 126          0.056
 127          0.066
 128          0.056
 129          0.055
 130          0.079
 131          0.056
 132          0.068
 133          0.069
 134          0.053
 135          0.052
 136          0.055
 137          0.037
 138          0.031
 139          0.056
 140          0.031
 141          0.035
 142          0.067
 143          0.067
 144          0.066
 145          0.044
 146          0.075
 147          0.053
 148          0.056
 149          0.057
 150          0.064
 151          0.058
 152          0.061
 153          0.066
 154          0.063
 155          0.087
 156          0.081
 157          0.110
 158          0.108
 159          0.042
 160          0.057
 161          0.080
 162          0.074
 163          0.075
 164          0.057
 165          0.059
 166          0.085
 167          0.080
 168          0.060
 169          0.044
 170          0.052
 171          0.075
 172          0.081
 173          0.082
 174          0.143
 175          0.148
 176          0.127
 177          0.115
 178          0.114
 179          0.119
 180          0.138
 181          0.134
 182          0.068
 183          0.066
 184          0.079
 185          0.080
 186          0.084
 187          0.077
 188          0.045
 189          0.056
 190          0.070
 191          0.073
 192          0.032
 193          0.033
 194          0.050
 195          0.048
 196          0.055
 197          0.074
 198          0.073
 199          0.080
 200          0.060
 201          0.084
 202          0.095
 203          0.071
 204          0.058
 205          0.066
 206          0.067
 207          0.107
 208          0.069
 209          0.064
 210          0.104
 211          0.122
 212          0.157
 213          0.181
 214          0.118
 215          0.041
 216          0.049
 217          0.035
 218          0.057
 219          0.099
 220          0.166
 221          0.146
 222          0.148
 223          0.117
 224          0.048
 225          0.052
 226          0.083
 227          0.072
 228          0.107
 229          0.194
 230          0.181
 231          0.117
 232          0.115
 233          0.130
 234          0.107
 235          0.038
 236          0.031
 237          0.058
 238          0.134
 239          0.115
 240          0.077
 241          0.035
 242          0.012
 243          0.068
 244          0.032
 245          0.037
 246          0.028
 247          0.057
 248          0.038
 249          0.058
 250          0.112
 251          0.086
 252          0.038
 253          0.045
 254          0.050
 255          0.057
 256          0.035
 257          0.038
 258          0.028
 259          0.072
 260          0.063
 261          0.069
 262          0.130
 263          0.124
 264          0.107
 265          0.116
 266          0.112
 267          0.076
 268          0.058
 269          0.045
 270          0.062
 271          0.067
 272          0.248
 273          0.088
 274          0.076
 275          0.067
 276          0.090
 277          0.080
 278          0.122
 279          0.088
 280          0.130
 281          0.155
 282          0.073
 283          0.078
 284          0.075
 285          0.066
 286          0.019
 287          0.017
 288          0.029
 289          0.037
 290          0.065
 291          0.070
 292          0.046
 293          0.079
 294          0.062
 295          0.079
 296          0.102
 297          0.072
 298          0.069
 299          0.042
 300          0.030
 301          0.034
 302          0.048
 303          0.012
 304          0.057
 305          0.110
 306          0.090
 307          0.025
 308          0.029
 309          0.044
 310          0.028
 311          0.053
 312          0.081
 313          0.125
 314          0.139
 315          0.136
 316          0.071
 317          0.089
 318          0.090
 319          0.087
 320          0.085
 321          0.075
 322          0.119
 323          0.102
 324          0.113
 325          0.249
 326          0.159
 327          0.064
 328          0.071
 329          0.092
 330          0.060
 331          0.088
 332          0.074
 333          0.058
 334          0.063
 335          0.076
 336          0.120
 337          0.094
 338          0.060
 339          0.046
 340          0.051
 341          0.054
 342          0.081
 343          0.092
 344          0.102
 345          0.148
 346          0.147
 347          0.146
 348          0.119
 349          0.101
 350          0.111
 351          0.107
 352          0.053
 353          0.065
 354          0.070
 355          0.059
 356          0.048
 357          0.103
 358          0.122
 359          0.105
 360          0.155
 361          0.120
 362          0.160
 363          0.119
 364          0.096
 365          0.078
 366          0.114
 367          0.118
 368          0.108
 369          0.115
 370          0.077
 371          0.070
 372          0.098
 373          0.075
 374          0.108
 375          0.072
 376          0.071
 377          0.062
 378          0.063
 379          0.063
 380          0.057
 381          0.065
 382          0.051
 383          0.051
 384          0.025
 385          0.083
 386          0.076
 387          0.058
 388          0.046
 389          0.065
 390          0.070
 391          0.076
 392          0.137
 393          0.155
 394          0.187
 395          0.239
 396          0.167
 397          0.101
 398          0.065
 399          0.087
 400          0.047
 401          0.026
 402          0.089
 403          0.089
 404          0.115
 405          0.060
 406          0.085
 407          0.090
 408          0.070
 409          0.046
 410          0.038
 411          0.052
 412          0.086
 413          0.074
 414          0.125
 415          0.071
 416          0.097
 417          0.110
 418          0.053
 419          0.056
 420          0.071
 421          0.111
 422          0.131
 423          0.116
 424          0.089
 425          0.020
 426          0.053
 427          0.053
 428          0.078
 429          0.079
 430          0.095
 431          0.107
 432          0.149
 433          0.138
 434          0.076
 435          0.041
 436          0.046
 437          0.052
 438          0.041
 439          0.093
 440          0.052
 441          0.024
 442          0.058
 443          0.042
 444          0.083
 445          0.081
 446          0.112
 447          0.081
 448          0.079
 449          0.095
 450          0.103
 451          0.101
 452          0.066
 453          0.082
 454          0.084
 455          0.072
 456          0.056
 457          0.051
 458          0.086
 459          0.123
 460          0.197
 461          0.176
 462          0.160
 463          0.088
 464          0.052
 465          0.071
 466          0.083
 467          0.117
 468          0.150
 469          0.158
 470          0.142
 471          0.102
 472          0.091
 473          0.091
 474          0.076
 475          0.179
 476          0.110
 477          0.111
 478          0.113
 479          0.051
 480          0.028
 481          0.047
 482          0.087
 483          0.040
 484          0.030
 485          0.044
 486          0.072
 487          0.089

# Average distance: 0.083 nm
