# Atom index    Distance (nm)
   1          0.611
   2          0.461
   3          0.242
   4          0.126
   5          0.031
   6          0.054
   7          0.046
   8          0.051
   9          0.063
  10          0.078
  11          0.022
  12          0.047
  13          0.059
  14          0.072
  15          0.038
  16          0.047
  17          0.042
  18          0.081
  19          0.066
  20          0.080
  21          0.238
  22          0.314
  23          0.352
  24          0.301
  25          0.107
  26          0.158
  27          0.111
  28          0.043
  29          0.035
  30          0.055
  31          0.034
  32          0.060
  33          0.067
  34          0.036
  35          0.065
  36          0.060
  37          0.030
  38          0.020
  39          0.011
  40          0.020
  41          0.029
  42          0.048
  43          0.044
  44          0.090
  45          0.236
  46          0.314
  47          0.335
  48          0.247
  49          0.187
  50          0.205
  51          0.205
  52          0.175
  53          0.122
  54          0.029
  55          0.032
  56          0.035
  57          0.033
  58          0.021
  59          0.041
  60          0.095
  61          0.051
  62          0.044
  63          0.044
  64          0.077
  65          0.068
  66          0.048
  67          0.100
  68          0.131
  69          0.065
  70          0.093
  71          0.085
  72          0.051
  73          0.057
  74          0.077
  75          0.086
  76          0.056
  77          0.084
  78          0.101
  79          0.113
  80          0.163
  81          0.128
  82          0.074
  83          0.079
  84          0.075
  85          0.046
  86          0.096
  87          0.082
  88          0.086
  89          0.100
  90          0.131
  91          0.172
  92          0.160
  93          0.183
  94          0.144
  95          0.092
  96          0.104
  97          0.166
  98          0.126
  99          0.059
 100          0.117
 101          0.136
 102          0.072
 103          0.075
 104          0.068
 105          0.058
 106          0.053
 107          0.055
 108          0.090
 109          0.053
 110          0.024
 111          0.062
 112          0.114
 113          0.052
 114          0.046
 115          0.035
 116          0.069
 117          0.108
 118          0.105
 119          0.125
 120          0.100
 121          0.097
 122          0.084
 123          0.086
 124          0.077
 125          0.096
 126          0.083
 127          0.090
 128          0.048
 129          0.060
 130          0.088
 131          0.056
 132          0.063
 133          0.049
 134          0.064
 135          0.053
 136          0.061
 137          0.059
 138          0.031
 139          0.023
 140          0.036
 141          0.041
 142          0.077
 143          0.028
 144          0.054
 145          0.077
 146          0.070
 147          0.055
 148          0.073
 149          0.095
 150          0.140
 151          0.198
 152          0.291
 153          0.208
 154          0.166
 155          0.104
 156          0.043
 157          0.049
 158          0.057
 159          0.047
 160          0.079
 161          0.092
 162          0.095
 163          0.072
 164          0.077
 165          0.083
 166          0.086
 167          0.103
 168          0.100
 169          0.052
 170          0.029
 171          0.021
 172          0.023
 173          0.058
 174          0.178
 175          0.265
 176          0.167
 177          0.120
 178          0.143
 179          0.133
 180          0.136
 181          0.113
 182          0.106
 183          0.100
 184          0.055
 185          0.075
 186          0.121
 187          0.111
 188          0.121
 189          0.112
 190          0.074
 191          0.118
 192          0.060
 193          0.096
 194          0.074
 195          0.117
 196          0.124
 197          0.115
 198          0.095
 199          0.197
 200          0.149
 201          0.074
 202          0.085
 203          0.095
 204          0.125
 205          0.145
 206          0.126
 207          0.113
 208          0.168
 209          0.129
 210          0.060
 211          0.128
 212          0.182
 213          0.242
 214          0.111
 215          0.077
 216          0.070
 217          0.071
 218          0.089
 219          0.131
 220          0.214
 221          0.185
 222          0.168
 223          0.125
 224          0.106
 225          0.100
 226          0.097
 227          0.109
 228          0.064
 229          0.048
 230          0.055
 231          0.114
 232          0.110
 233          0.156
 234          0.049
 235          0.047
 236          0.069
 237          0.093
 238          0.127
 239          0.266
 240          0.102
 241          0.148
 242          0.128
 243          0.199
 244          0.289
 245          0.189
 246          0.072
 247          0.085
 248          0.035
 249          0.065
 250          0.078
 251          0.114
 252          0.102
 253          0.061
 254          0.075
 255          0.036
 256          0.032
 257          0.026
 258          0.019
 259          0.047
 260          0.067
 261          0.050
 262          0.039
 263          0.059
 264          0.058
 265          0.082
 266          0.037
 267          0.036
 268          0.045
 269          0.073
 270          0.076
 271          0.055
 272          0.078
 273          0.087
 274          0.078
 275          0.073
 276          0.096
 277          0.100
 278          0.114
 279          0.086
 280          0.086
 281          0.091
 282          0.042
 283          0.037
 284          0.039
 285          0.056
 286          0.066
 287          0.048
 288          0.042
 289          0.035
 290          0.044
 291          0.067
 292          0.086
 293          0.052
 294          0.053
 295          0.063
 296          0.035
 297          0.062
 298          0.072
 299          0.093
 300          0.055
 301          0.028
 302          0.084
 303          0.090
 304          0.096
 305          0.152
 306          0.160
 307          0.067
 308          0.068
 309          0.068
 310          0.086
 311          0.075
 312          0.073
 313          0.065
 314          0.076
 315          0.057
 316          0.103
 317          0.099
 318          0.076
 319          0.063
 320          0.057
 321          0.059
 322          0.053
 323          0.108
 324          0.110
 325          0.124
 326          0.092
 327          0.082
 328          0.083
 329          0.094
 330          0.089
 331          0.140
 332          0.148
 333          0.099
 334          0.086
 335          0.096
 336          0.156
 337          0.112
 338          0.083
 339          0.091
 340          0.111
 341          0.109
 342          0.121
 343          0.064
 344          0.072
 345          0.078
 346          0.100
 347          0.064
 348          0.092
 349          0.048
 350          0.074
 351          0.090
 352          0.098
 353          0.150
 354          0.125
 355          0.139
 356          0.131
 357          0.127
 358          0.102
 359          0.083
 360          0.024
 361          0.108
 362          0.109
 363          0.175
 364          0.126
 365          0.165
 366          0.092
 367          0.072
 368          0.059
 369          0.086
 370          0.096
 371          0.071
 372          0.058
 373          0.041
 374          0.044
 375          0.040
 376          0.037
 377          0.041
 378          0.051
 379          0.059
 380          0.016
 381          0.061
 382          0.075
 383          0.065
 384          0.121
 385          0.135
 386          0.130
 387          0.102
 388          0.087
 389          0.090
 390          0.103
 391          0.084
 392          0.122
 393          0.241
 394          0.183
 395          0.126
 396          0.116
 397          0.118
 398          0.112
 399          0.080
 400          0.083
 401          0.111
 402          0.112
 403          0.074
 404          0.087
 405          0.084
 406          0.060
 407          0.037
 408          0.049
 409          0.058
 410          0.015
 411          0.033
 412          0.049
 413          0.077
 414          0.080
 415          0.095
 416          0.077
 417          0.055
 418          0.056
 419          0.052
 420          0.063
 421          0.059
 422          0.157
 423          0.138
 424          0.107
 425          0.085
 426          0.072
 427          0.048
 428          0.083
 429          0.104
 430          0.158
 431          0.191
 432          0.147
 433          0.128
 434          0.131
 435          0.086
 436          0.094
 437          0.094
 438          0.092
 439          0.108
 440          0.186
 441          0.160
 442          0.094
 443          0.087
 444          0.099
 445          0.092
 446          0.079
 447          0.033
 448          0.051
 449          0.051
 450          0.053
 451          0.070
 452          0.105
 453          0.089
 454          0.045
 455          0.020
 456          0.089
 457          0.073
 458          0.078
 459          0.072
 460          0.066
 461          0.085
 462          0.084
 463          0.066
 464          0.109
 465          0.093
 466          0.089
 467          0.164
 468          0.179
 469          0.193
 470          0.119
 471          0.090
 472          0.096
 473          0.116
 474          0.078
 475          0.059
 476          0.117
 477          0.146
 478          0.147
 479          0.129
 480          0.154
 481          0.253
 482          0.305
 483          0.237
 484          0.068
 485          0.049
 486          0.051
 487          0.049

# Average distance: 0.095 nm
