# Atom index    Distance (nm)
   1          0.101
   2          0.013
   3          0.024
   4          0.021
   5          0.047
   6          0.071
   7          0.076
   8          0.051
   9          0.052
  10          0.014
  11          0.039
  12          0.087
  13          0.085
  14          0.085
  15          0.089
  16          0.074
  17          0.034
  18          0.025
  19          0.037
  20          0.102
  21          0.125
  22          0.135
  23          0.151
  24          0.124
  25          0.132
  26          0.114
  27          0.067
  28          0.082
  29          0.054
  30          0.037
  31          0.040
  32          0.051
  33          0.046
  34          0.058
  35          0.093
  36          0.077
  37          0.102
  38          0.042
  39          0.040
  40          0.050
  41          0.022
  42          0.020
  43          0.059
  44          0.045
  45          0.075
  46          0.089
  47          0.069
  48          0.114
  49          0.144
  50          0.118
  51          0.091
  52          0.044
  53          0.063
  54          0.054
  55          0.055
  56          0.088
  57          0.114
  58          0.065
  59          0.042
  60          0.087
  61          0.085
  62          0.112
  63          0.119
  64          0.136
  65          0.108
  66          0.096
  67          0.075
  68          0.051
  69          0.135
  70          0.123
  71          0.145
  72          0.089
  73          0.110
  74          0.073
  75          0.177
  76          0.198
  77          0.206
  78          0.183
  79          0.149
  80          0.131
  81          0.084
  82          0.083
  83          0.043
  84          0.045
  85          0.033
  86          0.079
  87          0.096
  88          0.083
  89          0.064
  90          0.140
  91          0.210
  92          0.231
  93          0.175
  94          0.107
  95          0.073
  96          0.070
  97          0.055
  98          0.070
  99          0.058
 100          0.068
 101          0.072
 102          0.088
 103          0.043
 104          0.069
 105          0.050
 106          0.019
 107          0.071
 108          0.124
 109          0.110
 110          0.090
 111          0.085
 112          0.138
 113          0.073
 114          0.085
 115          0.063
 116          0.083
 117          0.097
 118          0.129
 119          0.147
 120          0.126
 121          0.094
 122          0.128
 123          0.122
 124          0.063
 125          0.074
 126          0.076
 127          0.028
 128          0.086
 129          0.061
 130          0.043
 131          0.050
 132          0.034
 133          0.066
 134          0.085
 135          0.078
 136          0.051
 137          0.042
 138          0.049
 139          0.077
 140          0.059
 141          0.072
 142          0.087
 143          0.073
 144          0.044
 145          0.080
 146          0.091
 147          0.043
 148          0.055
 149          0.045
 150          0.048
 151          0.022
 152          0.115
 153          0.150
 154          0.064
 155          0.031
 156          0.034
 157          0.036
 158          0.059
 159          0.072
 160          0.131
 161          0.134
 162          0.118
 163          0.075
 164          0.052
 165          0.069
 166          0.024
 167          0.043
 168          0.048
 169          0.085
 170          0.034
 171          0.053
 172          0.062
 173          0.060
 174          0.081
 175          0.089
 176          0.037
 177          0.026
 178          0.045
 179          0.063
 180          0.094
 181          0.081
 182          0.041
 183          0.048
 184          0.028
 185          0.066
 186          0.044
 187          0.016
 188          0.046
 189          0.072
 190          0.056
 191          0.060
 192          0.040
 193          0.025
 194          0.045
 195          0.031
 196          0.064
 197          0.076
 198          0.075
 199          0.063
 200          0.040
 201          0.057
 202          0.039
 203          0.026
 204          0.026
 205          0.058
 206          0.076
 207          0.087
 208          0.035
 209          0.010
 210          0.041
 211          0.059
 212          0.093
 213          0.108
 214          0.040
 215          0.043
 216          0.040
 217          0.054
 218          0.055
 219          0.068
 220          0.107
 221          0.126
 222          0.105
 223          0.044
 224          0.045
 225          0.023
 226          0.066
 227          0.049
 228          0.078
 229          0.123
 230          0.099
 231          0.048
 232          0.065
 233          0.068
 234          0.061
 235          0.048
 236          0.133
 237          0.102
 238          0.113
 239          0.089
 240          0.120
 241          0.063
 242          0.040
 243          0.117
 244          0.108
 245          0.073
 246          0.029
 247          0.032
 248          0.047
 249          0.055
 250          0.082
 251          0.027
 252          0.015
 253          0.041
 254          0.044
 255          0.060
 256          0.082
 257          0.026
 258          0.045
 259          0.036
 260          0.035
 261          0.057
 262          0.081
 263          0.059
 264          0.057
 265          0.027
 266          0.037
 267          0.065
 268          0.077
 269          0.093
 270          0.189
 271          0.217
 272          0.219
 273          0.154
 274          0.101
 275          0.052
 276          0.058
 277          0.019
 278          0.078
 279          0.096
 280          0.092
 281          0.079
 282          0.055
 283          0.042
 284          0.048
 285          0.035
 286          0.055
 287          0.047
 288          0.055
 289          0.091
 290          0.088
 291          0.052
 292          0.114
 293          0.121
 294          0.105
 295          0.116
 296          0.103
 297          0.042
 298          0.040
 299          0.054
 300          0.060
 301          0.029
 302          0.019
 303          0.047
 304          0.067
 305          0.105
 306          0.119
 307          0.044
 308          0.043
 309          0.019
 310          0.048
 311          0.088
 312          0.127
 313          0.275
 314          0.294
 315          0.158
 316          0.124
 317          0.073
 318          0.063
 319          0.061
 320          0.065
 321          0.061
 322          0.087
 323          0.037
 324          0.067
 325          0.118
 326          0.128
 327          0.101
 328          0.058
 329          0.089
 330          0.071
 331          0.075
 332          0.043
 333          0.074
 334          0.096
 335          0.051
 336          0.045
 337          0.078
 338          0.095
 339          0.093
 340          0.074
 341          0.046
 342          0.084
 343          0.027
 344          0.093
 345          0.133
 346          0.118
 347          0.103
 348          0.095
 349          0.096
 350          0.126
 351          0.091
 352          0.131
 353          0.181
 354          0.214
 355          0.106
 356          0.083
 357          0.064
 358          0.124
 359          0.095
 360          0.120
 361          0.101
 362          0.066
 363          0.076
 364          0.052
 365          0.084
 366          0.143
 367          0.141
 368          0.074
 369          0.064
 370          0.042
 371          0.049
 372          0.050
 373          0.052
 374          0.078
 375          0.079
 376          0.064
 377          0.045
 378          0.029
 379          0.039
 380          0.056
 381          0.096
 382          0.088
 383          0.103
 384          0.135
 385          0.142
 386          0.126
 387          0.149
 388          0.083
 389          0.086
 390          0.089
 391          0.077
 392          0.073
 393          0.123
 394          0.129
 395          0.107
 396          0.131
 397          0.059
 398          0.086
 399          0.093
 400          0.093
 401          0.157
 402          0.146
 403          0.107
 404          0.140
 405          0.102
 406          0.065
 407          0.071
 408          0.066
 409          0.052
 410          0.009
 411          0.043
 412          0.076
 413          0.073
 414          0.051
 415          0.043
 416          0.059
 417          0.035
 418          0.038
 419          0.046
 420          0.061
 421          0.065
 422          0.071
 423          0.066
 424          0.084
 425          0.093
 426          0.072
 427          0.086
 428          0.082
 429          0.090
 430          0.179
 431          0.355
 432          0.174
 433          0.145
 434          0.140
 435          0.072
 436          0.066
 437          0.089
 438          0.114
 439          0.095
 440          0.110
 441          0.103
 442          0.089
 443          0.027
 444          0.028
 445          0.038
 446          0.058
 447          0.084
 448          0.081
 449          0.070
 450          0.104
 451          0.123
 452          0.135
 453          0.109
 454          0.057
 455          0.066
 456          0.054
 457          0.061
 458          0.059
 459          0.047
 460          0.077
 461          0.064
 462          0.050
 463          0.053
 464          0.070
 465          0.128
 466          0.123
 467          0.192
 468          0.150
 469          0.064
 470          0.088
 471          0.083
 472          0.092
 473          0.098
 474          0.089
 475          0.078
 476          0.118
 477          0.119
 478          0.104
 479          0.136
 480          0.114
 481          0.093
 482          0.109
 483          0.099
 484          0.107
 485          0.094
 486          0.100
 487          0.107

# Average distance: 0.081 nm
