# Atom index    Distance (nm)
   1          0.479
   2          0.189
   3          0.108
   4          0.130
   5          0.089
   6          0.096
   7          0.089
   8          0.097
   9          0.089
  10          0.081
  11          0.071
  12          0.090
  13          0.097
  14          0.058
  15          0.053
  16          0.108
  17          0.093
  18          0.105
  19          0.165
  20          0.231
  21          0.169
  22          0.300
  23          0.166
  24          0.109
  25          0.087
  26          0.134
  27          0.192
  28          0.144
  29          0.145
  30          0.212
  31          0.180
  32          0.307
  33          0.282
  34          0.218
  35          0.258
  36          0.144
  37          0.140
  38          0.115
  39          0.107
  40          0.094
  41          0.138
  42          0.132
  43          0.092
  44          0.213
  45          0.234
  46          0.278
  47          0.211
  48          0.132
  49          0.034
  50          0.055
  51          0.087
  52          0.131
  53          0.188
  54          0.109
  55          0.074
  56          0.047
  57          0.088
  58          0.137
  59          0.251
  60          0.150
  61          0.071
  62          0.081
  63          0.069
  64          0.054
  65          0.036
  66          0.081
  67          0.147
  68          0.148
  69          0.159
  70          0.188
  71          0.175
  72          0.097
  73          0.045
  74          0.048
  75          0.082
  76          0.056
  77          0.091
  78          0.087
  79          0.072
  80          0.108
  81          0.112
  82          0.042
  83          0.026
  84          0.106
  85          0.085
  86          0.136
  87          0.093
  88          0.121
  89          0.086
  90          0.087
  91          0.101
  92          0.097
  93          0.109
  94          0.064
  95          0.071
  96          0.108
  97          0.101
  98          0.142
  99          0.184
 100          0.206
 101          0.169
 102          0.146
 103          0.236
 104          0.187
 105          0.164
 106          0.159
 107          0.150
 108          0.185
 109          0.206
 110          0.171
 111          0.212
 112          0.224
 113          0.184
 114          0.202
 115          0.201
 116          0.326
 117          0.309
 118          0.305
 119          0.283
 120          0.173
 121          0.156
 122          0.114
 123          0.125
 124          0.118
 125          0.113
 126          0.041
 127          0.038
 128          0.026
 129          0.105
 130          0.106
 131          0.071
 132          0.073
 133          0.072
 134          0.051
 135          0.051
 136          0.064
 137          0.059
 138          0.071
 139          0.072
 140          0.082
 141          0.110
 142          0.121
 143          0.114
 144          0.127
 145          0.110
 146          0.092
 147          0.072
 148          0.050
 149          0.078
 150          0.146
 151          0.152
 152          0.154
 153          0.332
 154          0.059
 155          0.089
 156          0.064
 157          0.044
 158          0.015
 159          0.102
 160          0.097
 161          0.076
 162          0.061
 163          0.109
 164          0.022
 165          0.064
 166          0.093
 167          0.073
 168          0.054
 169          0.075
 170          0.079
 171          0.055
 172          0.053
 173          0.061
 174          0.081
 175          0.053
 176          0.069
 177          0.042
 178          0.034
 179          0.031
 180          0.032
 181          0.039
 182          0.051
 183          0.074
 184          0.066
 185          0.091
 186          0.084
 187          0.085
 188          0.051
 189          0.067
 190          0.065
 191          0.028
 192          0.021
 193          0.047
 194          0.064
 195          0.062
 196          0.029
 197          0.038
 198          0.045
 199          0.012
 200          0.019
 201          0.085
 202          0.081
 203          0.036
 204          0.024
 205          0.034
 206          0.025
 207          0.048
 208          0.076
 209          0.065
 210          0.144
 211          0.139
 212          0.081
 213          0.032
 214          0.053
 215          0.072
 216          0.070
 217          0.065
 218          0.053
 219          0.049
 220          0.015
 221          0.063
 222          0.013
 223          0.032
 224          0.044
 225          0.042
 226          0.042
 227          0.059
 228          0.085
 229          0.131
 230          0.279
 231          0.106
 232          0.108
 233          0.083
 234          0.078
 235          0.094
 236          0.025
 237          0.064
 238          0.132
 239          0.081
 240          0.070
 241          0.090
 242          0.064
 243          0.093
 244          0.090
 245          0.102
 246          0.033
 247          0.070
 248          0.049
 249          0.067
 250          0.071
 251          0.048
 252          0.042
 253          0.027
 254          0.077
 255          0.052
 256          0.031
 257          0.034
 258          0.033
 259          0.045
 260          0.112
 261          0.247
 262          0.301
 263          0.294
 264          0.175
 265          0.074
 266          0.088
 267          0.103
 268          0.094
 269          0.125
 270          0.165
 271          0.179
 272          0.078
 273          0.088
 274          0.078
 275          0.114
 276          0.111
 277          0.091
 278          0.119
 279          0.063
 280          0.056
 281          0.049
 282          0.075
 283          0.039
 284          0.046
 285          0.058
 286          0.035
 287          0.038
 288          0.029
 289          0.030
 290          0.052
 291          0.083
 292          0.099
 293          0.069
 294          0.144
 295          0.095
 296          0.077
 297          0.102
 298          0.059
 299          0.080
 300          0.057
 301          0.083
 302          0.058
 303          0.036
 304          0.038
 305          0.109
 306          0.121
 307          0.078
 308          0.075
 309          0.040
 310          0.013
 311          0.068
 312          0.100
 313          0.106
 314          0.054
 315          0.109
 316          0.111
 317          0.059
 318          0.034
 319          0.037
 320          0.063
 321          0.054
 322          0.100
 323          0.089
 324          0.117
 325          0.077
 326          0.091
 327          0.036
 328          0.042
 329          0.058
 330          0.064
 331          0.082
 332          0.065
 333          0.074
 334          0.044
 335          0.124
 336          0.092
 337          0.079
 338          0.061
 339          0.066
 340          0.073
 341          0.081
 342          0.093
 343          0.074
 344          0.093
 345          0.227
 346          0.253
 347          0.199
 348          0.132
 349          0.090
 350          0.112
 351          0.173
 352          0.165
 353          0.152
 354          0.154
 355          0.188
 356          0.144
 357          0.140
 358          0.112
 359          0.102
 360          0.254
 361          0.125
 362          0.227
 363          0.210
 364          0.210
 365          0.181
 366          0.143
 367          0.126
 368          0.112
 369          0.090
 370          0.037
 371          0.098
 372          0.099
 373          0.035
 374          0.048
 375          0.045
 376          0.043
 377          0.042
 378          0.076
 379          0.059
 380          0.054
 381          0.081
 382          0.091
 383          0.033
 384          0.102
 385          0.143
 386          0.081
 387          0.068
 388          0.093
 389          0.095
 390          0.069
 391          0.047
 392          0.069
 393          0.090
 394          0.102
 395          0.131
 396          0.093
 397          0.070
 398          0.057
 399          0.076
 400          0.080
 401          0.070
 402          0.069
 403          0.118
 404          0.126
 405          0.092
 406          0.130
 407          0.092
 408          0.061
 409          0.057
 410          0.070
 411          0.114
 412          0.102
 413          0.184
 414          0.073
 415          0.052
 416          0.078
 417          0.064
 418          0.041
 419          0.046
 420          0.055
 421          0.042
 422          0.052
 423          0.058
 424          0.022
 425          0.022
 426          0.027
 427          0.059
 428          0.046
 429          0.047
 430          0.128
 431          0.230
 432          0.272
 433          0.146
 434          0.081
 435          0.028
 436          0.053
 437          0.056
 438          0.052
 439          0.065
 440          0.056
 441          0.075
 442          0.140
 443          0.121
 444          0.081
 445          0.048
 446          0.041
 447          0.032
 448          0.056
 449          0.071
 450          0.067
 451          0.091
 452          0.117
 453          0.112
 454          0.134
 455          0.091
 456          0.047
 457          0.056
 458          0.030
 459          0.048
 460          0.097
 461          0.100
 462          0.068
 463          0.076
 464          0.059
 465          0.096
 466          0.114
 467          0.151
 468          0.143
 469          0.099
 470          0.070
 471          0.090
 472          0.018
 473          0.058
 474          0.067
 475          0.139
 476          0.156
 477          0.185
 478          0.219
 479          0.203
 480          0.115
 481          0.242
 482          0.251
 483          0.150
 484          0.087
 485          0.088
 486          0.062
 487          0.048

# Average distance: 0.100 nm
