# Atom index    Distance (nm)
   1          0.332
   2          0.232
   3          0.165
   4          0.128
   5          0.095
   6          0.079
   7          0.084
   8          0.094
   9          0.107
  10          0.078
  11          0.086
  12          0.091
  13          0.129
  14          0.214
  15          0.110
  16          0.099
  17          0.096
  18          0.149
  19          0.202
  20          0.071
  21          0.264
  22          0.411
  23          0.287
  24          0.163
  25          0.182
  26          0.108
  27          0.140
  28          0.200
  29          0.146
  30          0.178
  31          0.195
  32          0.191
  33          0.196
  34          0.134
  35          0.247
  36          0.248
  37          0.228
  38          0.163
  39          0.183
  40          0.116
  41          0.136
  42          0.129
  43          0.066
  44          0.119
  45          0.308
  46          0.335
  47          0.358
  48          0.365
  49          0.620
  50          0.763
  51          0.521
  52          0.374
  53          0.102
  54          0.072
  55          0.100
  56          0.115
  57          0.164
  58          0.156
  59          0.132
  60          0.117
  61          0.153
  62          0.118
  63          0.138
  64          0.152
  65          0.158
  66          0.148
  67          0.173
  68          0.171
  69          0.103
  70          0.170
  71          0.160
  72          0.162
  73          0.193
  74          0.164
  75          0.117
  76          0.113
  77          0.157
  78          0.063
  79          0.094
  80          0.144
  81          0.151
  82          0.146
  83          0.176
  84          0.176
  85          0.111
  86          0.138
  87          0.117
  88          0.103
  89          0.108
  90          0.102
  91          0.148
  92          0.198
  93          0.198
  94          0.158
  95          0.140
  96          0.151
  97          0.138
  98          0.116
  99          0.140
 100          0.149
 101          0.170
 102          0.139
 103          0.146
 104          0.162
 105          0.201
 106          0.191
 107          0.183
 108          0.203
 109          0.198
 110          0.179
 111          0.241
 112          0.231
 113          0.197
 114          0.214
 115          0.166
 116          0.207
 117          0.201
 118          0.225
 119          0.229
 120          0.212
 121          0.236
 122          0.176
 123          0.185
 124          0.199
 125          0.141
 126          0.136
 127          0.070
 128          0.050
 129          0.064
 130          0.119
 131          0.140
 132          0.143
 133          0.136
 134          0.105
 135          0.096
 136          0.137
 137          0.140
 138          0.147
 139          0.170
 140          0.148
 141          0.197
 142          0.228
 143          0.231
 144          0.195
 145          0.139
 146          0.143
 147          0.137
 148          0.123
 149          0.140
 150          0.123
 151          0.214
 152          0.367
 153          0.255
 154          0.246
 155          0.166
 156          0.160
 157          0.133
 158          0.134
 159          0.118
 160          0.111
 161          0.097
 162          0.071
 163          0.066
 164          0.095
 165          0.062
 166          0.041
 167          0.049
 168          0.084
 169          0.119
 170          0.099
 171          0.104
 172          0.085
 173          0.107
 174          0.093
 175          0.043
 176          0.042
 177          0.104
 178          0.084
 179          0.036
 180          0.120
 181          0.148
 182          0.149
 183          0.123
 184          0.087
 185          0.072
 186          0.088
 187          0.146
 188          0.167
 189          0.115
 190          0.062
 191          0.045
 192          0.053
 193          0.084
 194          0.128
 195          0.091
 196          0.123
 197          0.152
 198          0.182
 199          0.290
 200          0.350
 201          0.409
 202          0.269
 203          0.088
 204          0.082
 205          0.095
 206          0.061
 207          0.039
 208          0.111
 209          0.134
 210          0.141
 211          0.180
 212          0.229
 213          0.128
 214          0.102
 215          0.106
 216          0.109
 217          0.132
 218          0.056
 219          0.128
 220          0.229
 221          0.189
 222          0.131
 223          0.069
 224          0.084
 225          0.142
 226          0.151
 227          0.096
 228          0.091
 229          0.125
 230          0.158
 231          0.104
 232          0.130
 233          0.078
 234          0.093
 235          0.117
 236          0.163
 237          0.242
 238          0.228
 239          0.157
 240          0.232
 241          0.247
 242          0.093
 243          0.287
 244          0.151
 245          0.087
 246          0.156
 247          0.155
 248          0.163
 249          0.147
 250          0.140
 251          0.118
 252          0.153
 253          0.085
 254          0.084
 255          0.055
 256          0.036
 257          0.041
 258          0.086
 259          0.099
 260          0.119
 261          0.151
 262          0.132
 263          0.119
 264          0.135
 265          0.126
 266          0.109
 267          0.108
 268          0.118
 269          0.092
 270          0.082
 271          0.191
 272          0.138
 273          0.184
 274          0.147
 275          0.098
 276          0.082
 277          0.108
 278          0.118
 279          0.135
 280          0.145
 281          0.099
 282          0.057
 283          0.068
 284          0.056
 285          0.076
 286          0.039
 287          0.056
 288          0.067
 289          0.056
 290          0.076
 291          0.069
 292          0.062
 293          0.081
 294          0.167
 295          0.202
 296          0.166
 297          0.124
 298          0.067
 299          0.050
 300          0.062
 301          0.089
 302          0.088
 303          0.143
 304          0.079
 305          0.100
 306          0.129
 307          0.160
 308          0.108
 309          0.103
 310          0.120
 311          0.116
 312          0.096
 313          0.100
 314          0.162
 315          0.205
 316          0.128
 317          0.105
 318          0.147
 319          0.123
 320          0.134
 321          0.138
 322          0.127
 323          0.173
 324          0.118
 325          0.118
 326          0.117
 327          0.127
 328          0.118
 329          0.105
 330          0.167
 331          0.177
 332          0.115
 333          0.112
 334          0.256
 335          0.264
 336          0.359
 337          0.197
 338          0.116
 339          0.102
 340          0.135
 341          0.071
 342          0.081
 343          0.112
 344          0.134
 345          0.250
 346          0.153
 347          0.124
 348          0.112
 349          0.060
 350          0.074
 351          0.200
 352          0.170
 353          0.045
 354          0.155
 355          0.114
 356          0.122
 357          0.052
 358          0.073
 359          0.036
 360          0.134
 361          0.315
 362          0.276
 363          0.136
 364          0.158
 365          0.108
 366          0.125
 367          0.127
 368          0.120
 369          0.114
 370          0.066
 371          0.081
 372          0.088
 373          0.089
 374          0.041
 375          0.025
 376          0.022
 377          0.065
 378          0.028
 379          0.068
 380          0.065
 381          0.060
 382          0.049
 383          0.073
 384          0.124
 385          0.099
 386          0.177
 387          0.134
 388          0.082
 389          0.055
 390          0.054
 391          0.058
 392          0.072
 393          0.135
 394          0.120
 395          0.090
 396          0.075
 397          0.059
 398          0.020
 399          0.040
 400          0.072
 401          0.068
 402          0.096
 403          0.068
 404          0.078
 405          0.064
 406          0.077
 407          0.109
 408          0.069
 409          0.082
 410          0.066
 411          0.100
 412          0.086
 413          0.072
 414          0.131
 415          0.138
 416          0.095
 417          0.079
 418          0.056
 419          0.056
 420          0.047
 421          0.064
 422          0.062
 423          0.147
 424          0.119
 425          0.084
 426          0.086
 427          0.045
 428          0.049
 429          0.117
 430          0.243
 431          0.237
 432          0.178
 433          0.134
 434          0.126
 435          0.042
 436          0.037
 437          0.039
 438          0.048
 439          0.051
 440          0.029
 441          0.085
 442          0.131
 443          0.121
 444          0.058
 445          0.072
 446          0.085
 447          0.116
 448          0.118
 449          0.106
 450          0.092
 451          0.111
 452          0.104
 453          0.055
 454          0.054
 455          0.049
 456          0.115
 457          0.081
 458          0.077
 459          0.092
 460          0.105
 461          0.086
 462          0.066
 463          0.066
 464          0.071
 465          0.044
 466          0.060
 467          0.109
 468          0.221
 469          0.243
 470          0.133
 471          0.077
 472          0.033
 473          0.054
 474          0.124
 475          0.172
 476          0.159
 477          0.184
 478          0.205
 479          0.163
 480          0.242
 481          0.326
 482          0.289
 483          0.196
 484          0.109
 485          0.049
 486          0.050
 487          0.034

# Average distance: 0.133 nm
