# Atom index    Distance (nm)
   1          0.376
   2          0.342
   3          0.128
   4          0.081
   5          0.047
   6          0.038
   7          0.060
   8          0.045
   9          0.054
  10          0.063
  11          0.086
  12          0.107
  13          0.118
  14          0.121
  15          0.096
  16          0.076
  17          0.089
  18          0.085
  19          0.129
  20          0.122
  21          0.227
  22          0.250
  23          0.234
  24          0.210
  25          0.193
  26          0.192
  27          0.158
  28          0.200
  29          0.171
  30          0.180
  31          0.146
  32          0.067
  33          0.077
  34          0.074
  35          0.156
  36          0.143
  37          0.147
  38          0.096
  39          0.071
  40          0.054
  41          0.117
  42          0.087
  43          0.078
  44          0.104
  45          0.151
  46          0.151
  47          0.160
  48          0.231
  49          0.212
  50          0.205
  51          0.162
  52          0.124
  53          0.063
  54          0.082
  55          0.073
  56          0.076
  57          0.125
  58          0.108
  59          0.151
  60          0.191
  61          0.178
  62          0.169
  63          0.107
  64          0.107
  65          0.095
  66          0.089
  67          0.114
  68          0.099
  69          0.061
  70          0.114
  71          0.147
  72          0.147
  73          0.156
  74          0.138
  75          0.216
  76          0.196
  77          0.239
  78          0.221
  79          0.131
  80          0.185
  81          0.113
  82          0.060
  83          0.106
  84          0.064
  85          0.040
  86          0.117
  87          0.143
  88          0.131
  89          0.181
  90          0.237
  91          0.183
  92          0.178
  93          0.164
  94          0.135
  95          0.139
  96          0.131
  97          0.079
  98          0.066
  99          0.033
 100          0.075
 101          0.076
 102          0.042
 103          0.069
 104          0.069
 105          0.096
 106          0.076
 107          0.122
 108          0.200
 109          0.329
 110          0.335
 111          0.343
 112          0.254
 113          0.201
 114          0.171
 115          0.094
 116          0.116
 117          0.135
 118          0.155
 119          0.202
 120          0.191
 121          0.200
 122          0.206
 123          0.216
 124          0.206
 125          0.194
 126          0.106
 127          0.058
 128          0.038
 129          0.043
 130          0.063
 131          0.055
 132          0.055
 133          0.011
 134          0.019
 135          0.017
 136          0.011
 137          0.037
 138          0.033
 139          0.016
 140          0.027
 141          0.029
 142          0.069
 143          0.066
 144          0.034
 145          0.017
 146          0.027
 147          0.026
 148          0.026
 149          0.038
 150          0.091
 151          0.060
 152          0.081
 153          0.149
 154          0.090
 155          0.053
 156          0.058
 157          0.043
 158          0.034
 159          0.056
 160          0.067
 161          0.044
 162          0.029
 163          0.027
 164          0.072
 165          0.096
 166          0.089
 167          0.082
 168          0.014
 169          0.017
 170          0.010
 171          0.028
 172          0.040
 173          0.038
 174          0.057
 175          0.059
 176          0.093
 177          0.046
 178          0.094
 179          0.100
 180          0.067
 181          0.053
 182          0.026
 183          0.039
 184          0.052
 185          0.068
 186          0.063
 187          0.058
 188          0.064
 189          0.056
 190          0.050
 191          0.065
 192          0.066
 193          0.057
 194          0.064
 195          0.051
 196          0.044
 197          0.060
 198          0.026
 199          0.118
 200          0.083
 201          0.055
 202          0.091
 203          0.077
 204          0.070
 205          0.064
 206          0.056
 207          0.065
 208          0.053
 209          0.020
 210          0.023
 211          0.025
 212          0.047
 213          0.040
 214          0.055
 215          0.031
 216          0.028
 217          0.020
 218          0.013
 219          0.057
 220          0.088
 221          0.094
 222          0.076
 223          0.076
 224          0.074
 225          0.077
 226          0.042
 227          0.085
 228          0.042
 229          0.038
 230          0.030
 231          0.073
 232          0.095
 233          0.114
 234          0.105
 235          0.065
 236          0.088
 237          0.074
 238          0.154
 239          0.142
 240          0.196
 241          0.185
 242          0.126
 243          0.182
 244          0.202
 245          0.094
 246          0.042
 247          0.036
 248          0.021
 249          0.082
 250          0.051
 251          0.032
 252          0.032
 253          0.023
 254          0.008
 255          0.015
 256          0.035
 257          0.041
 258          0.010
 259          0.044
 260          0.074
 261          0.063
 262          0.054
 263          0.078
 264          0.087
 265          0.086
 266          0.053
 267          0.078
 268          0.089
 269          0.161
 270          0.214
 271          0.330
 272          0.380
 273          0.206
 274          0.136
 275          0.091
 276          0.123
 277          0.128
 278          0.209
 279          0.117
 280          0.085
 281          0.062
 282          0.042
 283          0.050
 284          0.075
 285          0.120
 286          0.095
 287          0.034
 288          0.053
 289          0.086
 290          0.092
 291          0.079
 292          0.083
 293          0.068
 294          0.098
 295          0.107
 296          0.133
 297          0.124
 298          0.132
 299          0.122
 300          0.121
 301          0.069
 302          0.123
 303          0.118
 304          0.128
 305          0.181
 306          0.183
 307          0.168
 308          0.178
 309          0.129
 310          0.156
 311          0.117
 312          0.144
 313          0.042
 314          0.081
 315          0.148
 316          0.144
 317          0.152
 318          0.172
 319          0.164
 320          0.260
 321          0.252
 322          0.368
 323          0.361
 324          0.258
 325          0.323
 326          0.281
 327          0.202
 328          0.150
 329          0.141
 330          0.104
 331          0.103
 332          0.112
 333          0.174
 334          0.178
 335          0.120
 336          0.145
 337          0.084
 338          0.107
 339          0.118
 340          0.103
 341          0.091
 342          0.100
 343          0.097
 344          0.130
 345          0.168
 346          0.169
 347          0.100
 348          0.106
 349          0.055
 350          0.146
 351          0.151
 352          0.144
 353          0.143
 354          0.133
 355          0.110
 356          0.133
 357          0.091
 358          0.094
 359          0.070
 360          0.077
 361          0.066
 362          0.067
 363          0.070
 364          0.144
 365          0.066
 366          0.061
 367          0.080
 368          0.079
 369          0.101
 370          0.093
 371          0.150
 372          0.085
 373          0.033
 374          0.039
 375          0.047
 376          0.034
 377          0.042
 378          0.043
 379          0.035
 380          0.033
 381          0.040
 382          0.051
 383          0.064
 384          0.086
 385          0.070
 386          0.065
 387          0.063
 388          0.036
 389          0.047
 390          0.034
 391          0.049
 392          0.042
 393          0.043
 394          0.083
 395          0.055
 396          0.113
 397          0.105
 398          0.054
 399          0.038
 400          0.039
 401          0.032
 402          0.049
 403          0.029
 404          0.049
 405          0.024
 406          0.054
 407          0.051
 408          0.076
 409          0.058
 410          0.053
 411          0.076
 412          0.046
 413          0.060
 414          0.054
 415          0.034
 416          0.074
 417          0.082
 418          0.062
 419          0.052
 420          0.049
 421          0.085
 422          0.103
 423          0.053
 424          0.050
 425          0.041
 426          0.023
 427          0.043
 428          0.078
 429          0.107
 430          0.090
 431          0.101
 432          0.091
 433          0.108
 434          0.129
 435          0.073
 436          0.057
 437          0.046
 438          0.044
 439          0.034
 440          0.099
 441          0.124
 442          0.118
 443          0.109
 444          0.123
 445          0.081
 446          0.073
 447          0.058
 448          0.058
 449          0.051
 450          0.062
 451          0.083
 452          0.092
 453          0.042
 454          0.051
 455          0.068
 456          0.090
 457          0.077
 458          0.067
 459          0.053
 460          0.157
 461          0.114
 462          0.050
 463          0.065
 464          0.092
 465          0.094
 466          0.095
 467          0.121
 468          0.124
 469          0.124
 470          0.073
 471          0.107
 472          0.080
 473          0.162
 474          0.139
 475          0.129
 476          0.096
 477          0.114
 478          0.123
 479          0.110
 480          0.094
 481          0.125
 482          0.155
 483          0.122
 484          0.088
 485          0.072
 486          0.045
 487          0.019

# Average distance: 0.099 nm
