# Atom index    Distance (nm)
   1          0.134
   2          0.063
   3          0.069
   4          0.093
   5          0.131
   6          0.114
   7          0.098
   8          0.068
   9          0.063
  10          0.070
  11          0.072
  12          0.052
  13          0.056
  14          0.081
  15          0.040
  16          0.068
  17          0.052
  18          0.063
  19          0.097
  20          0.133
  21          0.165
  22          0.194
  23          0.216
  24          0.138
  25          0.106
  26          0.153
  27          0.102
  28          0.122
  29          0.145
  30          0.138
  31          0.091
  32          0.076
  33          0.106
  34          0.102
  35          0.086
  36          0.145
  37          0.115
  38          0.098
  39          0.085
  40          0.118
  41          0.110
  42          0.086
  43          0.065
  44          0.053
  45          0.145
  46          0.297
  47          0.267
  48          0.332
  49          0.439
  50          0.294
  51          0.227
  52          0.128
  53          0.076
  54          0.063
  55          0.059
  56          0.083
  57          0.142
  58          0.141
  59          0.134
  60          0.064
  61          0.095
  62          0.123
  63          0.089
  64          0.083
  65          0.066
  66          0.064
  67          0.173
  68          0.173
  69          0.216
  70          0.147
  71          0.140
  72          0.115
  73          0.102
  74          0.110
  75          0.115
  76          0.100
  77          0.136
  78          0.114
  79          0.127
  80          0.098
  81          0.052
  82          0.094
  83          0.067
  84          0.065
  85          0.063
  86          0.078
  87          0.079
  88          0.089
  89          0.073
  90          0.062
  91          0.109
  92          0.054
  93          0.068
  94          0.038
  95          0.027
  96          0.016
  97          0.066
  98          0.089
  99          0.052
 100          0.057
 101          0.057
 102          0.094
 103          0.102
 104          0.121
 105          0.069
 106          0.067
 107          0.122
 108          0.152
 109          0.158
 110          0.130
 111          0.137
 112          0.148
 113          0.114
 114          0.105
 115          0.092
 116          0.082
 117          0.076
 118          0.089
 119          0.118
 120          0.109
 121          0.117
 122          0.134
 123          0.091
 124          0.076
 125          0.034
 126          0.034
 127          0.015
 128          0.081
 129          0.071
 130          0.080
 131          0.089
 132          0.071
 133          0.012
 134          0.037
 135          0.032
 136          0.011
 137          0.007
 138          0.003
 139          0.045
 140          0.074
 141          0.115
 142          0.108
 143          0.083
 144          0.075
 145          0.027
 146          0.019
 147          0.038
 148          0.031
 149          0.013
 150          0.129
 151          0.286
 152          0.338
 153          0.098
 154          0.052
 155          0.022
 156          0.039
 157          0.021
 158          0.022
 159          0.049
 160          0.057
 161          0.063
 162          0.053
 163          0.059
 164          0.095
 165          0.064
 166          0.118
 167          0.111
 168          0.060
 169          0.030
 170          0.039
 171          0.032
 172          0.046
 173          0.027
 174          0.031
 175          0.056
 176          0.064
 177          0.086
 178          0.081
 179          0.102
 180          0.108
 181          0.046
 182          0.065
 183          0.040
 184          0.062
 185          0.055
 186          0.048
 187          0.049
 188          0.026
 189          0.040
 190          0.055
 191          0.055
 192          0.028
 193          0.039
 194          0.035
 195          0.056
 196          0.053
 197          0.030
 198          0.046
 199          0.095
 200          0.090
 201          0.101
 202          0.116
 203          0.080
 204          0.049
 205          0.066
 206          0.080
 207          0.057
 208          0.115
 209          0.068
 210          0.112
 211          0.136
 212          0.121
 213          0.129
 214          0.140
 215          0.062
 216          0.073
 217          0.104
 218          0.094
 219          0.053
 220          0.073
 221          0.177
 222          0.132
 223          0.023
 224          0.060
 225          0.091
 226          0.094
 227          0.096
 228          0.091
 229          0.097
 230          0.097
 231          0.098
 232          0.079
 233          0.060
 234          0.020
 235          0.028
 236          0.047
 237          0.095
 238          0.256
 239          0.184
 240          0.117
 241          0.085
 242          0.074
 243          0.123
 244          0.077
 245          0.124
 246          0.076
 247          0.070
 248          0.015
 249          0.029
 250          0.031
 251          0.013
 252          0.023
 253          0.068
 254          0.096
 255          0.066
 256          0.019
 257          0.031
 258          0.026
 259          0.040
 260          0.065
 261          0.071
 262          0.080
 263          0.080
 264          0.086
 265          0.080
 266          0.068
 267          0.039
 268          0.061
 269          0.073
 270          0.044
 271          0.061
 272          0.116
 273          0.097
 274          0.089
 275          0.031
 276          0.036
 277          0.064
 278          0.133
 279          0.081
 280          0.082
 281          0.034
 282          0.044
 283          0.025
 284          0.039
 285          0.047
 286          0.053
 287          0.041
 288          0.013
 289          0.022
 290          0.060
 291          0.080
 292          0.094
 293          0.113
 294          0.124
 295          0.143
 296          0.107
 297          0.102
 298          0.072
 299          0.055
 300          0.085
 301          0.069
 302          0.052
 303          0.026
 304          0.030
 305          0.058
 306          0.045
 307          0.073
 308          0.070
 309          0.055
 310          0.087
 311          0.078
 312          0.143
 313          0.251
 314          0.268
 315          0.137
 316          0.134
 317          0.136
 318          0.113
 319          0.067
 320          0.083
 321          0.077
 322          0.086
 323          0.109
 324          0.018
 325          0.077
 326          0.133
 327          0.094
 328          0.072
 329          0.066
 330          0.042
 331          0.067
 332          0.062
 333          0.048
 334          0.092
 335          0.100
 336          0.060
 337          0.048
 338          0.063
 339          0.043
 340          0.066
 341          0.085
 342          0.048
 343          0.070
 344          0.086
 345          0.085
 346          0.088
 347          0.091
 348          0.087
 349          0.095
 350          0.094
 351          0.092
 352          0.015
 353          0.041
 354          0.121
 355          0.133
 356          0.050
 357          0.049
 358          0.074
 359          0.086
 360          0.129
 361          0.119
 362          0.152
 363          0.135
 364          0.121
 365          0.098
 366          0.075
 367          0.067
 368          0.083
 369          0.040
 370          0.019
 371          0.053
 372          0.022
 373          0.018
 374          0.018
 375          0.017
 376          0.044
 377          0.033
 378          0.073
 379          0.067
 380          0.051
 381          0.057
 382          0.026
 383          0.026
 384          0.096
 385          0.065
 386          0.039
 387          0.055
 388          0.035
 389          0.045
 390          0.053
 391          0.056
 392          0.054
 393          0.241
 394          0.065
 395          0.072
 396          0.068
 397          0.030
 398          0.035
 399          0.037
 400          0.099
 401          0.097
 402          0.090
 403          0.080
 404          0.027
 405          0.018
 406          0.051
 407          0.035
 408          0.053
 409          0.080
 410          0.052
 411          0.052
 412          0.047
 413          0.031
 414          0.066
 415          0.067
 416          0.059
 417          0.044
 418          0.042
 419          0.082
 420          0.077
 421          0.066
 422          0.087
 423          0.184
 424          0.141
 425          0.137
 426          0.116
 427          0.081
 428          0.077
 429          0.105
 430          0.206
 431          0.226
 432          0.173
 433          0.079
 434          0.071
 435          0.026
 436          0.041
 437          0.061
 438          0.085
 439          0.131
 440          0.041
 441          0.011
 442          0.092
 443          0.094
 444          0.064
 445          0.088
 446          0.079
 447          0.079
 448          0.080
 449          0.078
 450          0.067
 451          0.049
 452          0.069
 453          0.084
 454          0.064
 455          0.055
 456          0.052
 457          0.054
 458          0.055
 459          0.051
 460          0.028
 461          0.036
 462          0.053
 463          0.025
 464          0.049
 465          0.076
 466          0.057
 467          0.064
 468          0.024
 469          0.134
 470          0.117
 471          0.051
 472          0.049
 473          0.051
 474          0.092
 475          0.098
 476          0.059
 477          0.069
 478          0.084
 479          0.040
 480          0.101
 481          0.139
 482          0.106
 483          0.050
 484          0.036
 485          0.019
 486          0.026
 487          0.066

# Average distance: 0.082 nm
