# Atom index    Distance (nm)
   1          0.985
   2          0.882
   3          0.468
   4          0.449
   5          0.322
   6          0.154
   7          0.068
   8          0.062
   9          0.091
  10          0.033
  11          0.087
  12          0.098
  13          0.147
  14          0.101
  15          0.169
  16          0.108
  17          0.076
  18          0.062
  19          0.067
  20          0.149
  21          0.179
  22          0.244
  23          0.265
  24          0.300
  25          0.230
  26          0.205
  27          0.148
  28          0.126
  29          0.098
  30          0.172
  31          0.168
  32          0.181
  33          0.097
  34          0.140
  35          0.087
  36          0.092
  37          0.111
  38          0.098
  39          0.099
  40          0.084
  41          0.071
  42          0.123
  43          0.188
  44          0.221
  45          0.301
  46          0.313
  47          0.209
  48          0.259
  49          0.226
  50          0.279
  51          0.342
  52          0.351
  53          0.310
  54          0.256
  55          0.176
  56          0.099
  57          0.131
  58          0.143
  59          0.211
  60          0.199
  61          0.173
  62          0.162
  63          0.144
  64          0.110
  65          0.201
  66          0.233
  67          0.378
  68          0.334
  69          0.314
  70          0.392
  71          0.229
  72          0.196
  73          0.174
  74          0.164
  75          0.202
  76          0.195
  77          0.219
  78          0.224
  79          0.194
  80          0.260
  81          0.285
  82          0.231
  83          0.213
  84          0.224
  85          0.178
  86          0.228
  87          0.221
  88          0.147
  89          0.189
  90          0.201
  91          0.214
  92          0.225
  93          0.224
  94          0.156
  95          0.159
  96          0.143
  97          0.147
  98          0.162
  99          0.216
 100          0.239
 101          0.234
 102          0.221
 103          0.205
 104          0.197
 105          0.110
 106          0.125
 107          0.157
 108          0.143
 109          0.174
 110          0.198
 111          0.244
 112          0.211
 113          0.175
 114          0.204
 115          0.167
 116          0.199
 117          0.097
 118          0.164
 119          0.129
 120          0.057
 121          0.071
 122          0.072
 123          0.086
 124          0.039
 125          0.026
 126          0.045
 127          0.104
 128          0.057
 129          0.075
 130          0.093
 131          0.068
 132          0.037
 133          0.047
 134          0.058
 135          0.039
 136          0.046
 137          0.037
 138          0.031
 139          0.030
 140          0.038
 141          0.054
 142          0.062
 143          0.044
 144          0.049
 145          0.067
 146          0.028
 147          0.035
 148          0.017
 149          0.114
 150          0.182
 151          0.169
 152          0.063
 153          0.117
 154          0.142
 155          0.088
 156          0.062
 157          0.046
 158          0.018
 159          0.086
 160          0.146
 161          0.085
 162          0.056
 163          0.036
 164          0.073
 165          0.069
 166          0.101
 167          0.072
 168          0.029
 169          0.039
 170          0.038
 171          0.041
 172          0.049
 173          0.058
 174          0.048
 175          0.051
 176          0.132
 177          0.232
 178          0.182
 179          0.165
 180          0.093
 181          0.084
 182          0.092
 183          0.069
 184          0.061
 185          0.067
 186          0.093
 187          0.100
 188          0.078
 189          0.067
 190          0.053
 191          0.073
 192          0.088
 193          0.124
 194          0.110
 195          0.096
 196          0.100
 197          0.147
 198          0.146
 199          0.089
 200          0.095
 201          0.200
 202          0.186
 203          0.084
 204          0.057
 205          0.042
 206          0.061
 207          0.066
 208          0.077
 209          0.051
 210          0.036
 211          0.131
 212          0.132
 213          0.122
 214          0.112
 215          0.111
 216          0.078
 217          0.049
 218          0.077
 219          0.085
 220          0.071
 221          0.191
 222          0.140
 223          0.166
 224          0.134
 225          0.138
 226          0.099
 227          0.083
 228          0.127
 229          0.138
 230          0.143
 231          0.135
 232          0.116
 233          0.116
 234          0.078
 235          0.105
 236          0.139
 237          0.248
 238          0.463
 239          0.560
 240          0.355
 241          0.233
 242          0.017
 243          0.109
 244          0.096
 245          0.105
 246          0.106
 247          0.108
 248          0.058
 249          0.032
 250          0.056
 251          0.095
 252          0.093
 253          0.068
 254          0.047
 255          0.093
 256          0.093
 257          0.065
 258          0.067
 259          0.067
 260          0.073
 261          0.117
 262          0.139
 263          0.101
 264          0.034
 265          0.063
 266          0.055
 267          0.070
 268          0.100
 269          0.192
 270          0.159
 271          0.178
 272          0.267
 273          0.246
 274          0.112
 275          0.090
 276          0.116
 277          0.096
 278          0.100
 279          0.102
 280          0.167
 281          0.169
 282          0.169
 283          0.129
 284          0.120
 285          0.123
 286          0.097
 287          0.081
 288          0.117
 289          0.144
 290          0.150
 291          0.232
 292          0.230
 293          0.317
 294          0.417
 295          0.421
 296          0.298
 297          0.292
 298          0.162
 299          0.112
 300          0.123
 301          0.103
 302          0.148
 303          0.170
 304          0.231
 305          0.310
 306          0.299
 307          0.268
 308          0.130
 309          0.074
 310          0.084
 311          0.064
 312          0.135
 313          0.160
 314          0.234
 315          0.144
 316          0.112
 317          0.097
 318          0.115
 319          0.133
 320          0.214
 321          0.247
 322          0.234
 323          0.235
 324          0.231
 325          0.369
 326          0.317
 327          0.168
 328          0.107
 329          0.119
 330          0.121
 331          0.168
 332          0.148
 333          0.112
 334          0.031
 335          0.038
 336          0.058
 337          0.075
 338          0.055
 339          0.106
 340          0.110
 341          0.087
 342          0.100
 343          0.090
 344          0.156
 345          0.131
 346          0.221
 347          0.140
 348          0.093
 349          0.031
 350          0.060
 351          0.096
 352          0.163
 353          0.210
 354          0.212
 355          0.149
 356          0.154
 357          0.087
 358          0.041
 359          0.060
 360          0.115
 361          0.126
 362          0.183
 363          0.183
 364          0.176
 365          0.269
 366          0.116
 367          0.106
 368          0.125
 369          0.145
 370          0.089
 371          0.101
 372          0.042
 373          0.064
 374          0.038
 375          0.031
 376          0.032
 377          0.028
 378          0.072
 379          0.089
 380          0.045
 381          0.018
 382          0.014
 383          0.055
 384          0.068
 385          0.076
 386          0.095
 387          0.096
 388          0.023
 389          0.017
 390          0.039
 391          0.040
 392          0.053
 393          0.231
 394          0.097
 395          0.024
 396          0.067
 397          0.080
 398          0.053
 399          0.060
 400          0.044
 401          0.061
 402          0.050
 403          0.045
 404          0.043
 405          0.040
 406          0.058
 407          0.061
 408          0.065
 409          0.035
 410          0.031
 411          0.048
 412          0.077
 413          0.081
 414          0.066
 415          0.094
 416          0.018
 417          0.052
 418          0.094
 419          0.085
 420          0.060
 421          0.076
 422          0.111
 423          0.159
 424          0.047
 425          0.094
 426          0.091
 427          0.080
 428          0.064
 429          0.056
 430          0.097
 431          0.133
 432          0.251
 433          0.207
 434          0.154
 435          0.097
 436          0.106
 437          0.148
 438          0.154
 439          0.135
 440          0.112
 441          0.151
 442          0.117
 443          0.110
 444          0.102
 445          0.077
 446          0.137
 447          0.136
 448          0.116
 449          0.117
 450          0.158
 451          0.173
 452          0.162
 453          0.106
 454          0.124
 455          0.117
 456          0.114
 457          0.128
 458          0.108
 459          0.120
 460          0.107
 461          0.069
 462          0.067
 463          0.073
 464          0.086
 465          0.098
 466          0.111
 467          0.180
 468          0.202
 469          0.194
 470          0.105
 471          0.121
 472          0.111
 473          0.160
 474          0.111
 475          0.089
 476          0.132
 477          0.102
 478          0.113
 479          0.152
 480          0.144
 481          0.108
 482          0.088
 483          0.062
 484          0.132
 485          0.132
 486          0.100
 487          0.043

# Average distance: 0.133 nm
