# Atom index    Distance (nm)
   1          0.609
   2          0.676
   3          0.460
   4          0.407
   5          0.258
   6          0.171
   7          0.141
   8          0.088
   9          0.065
  10          0.042
  11          0.088
  12          0.135
  13          0.185
  14          0.211
  15          0.163
  16          0.175
  17          0.132
  18          0.109
  19          0.107
  20          0.137
  21          0.213
  22          0.218
  23          0.204
  24          0.086
  25          0.142
  26          0.154
  27          0.088
  28          0.101
  29          0.140
  30          0.095
  31          0.155
  32          0.186
  33          0.165
  34          0.127
  35          0.195
  36          0.215
  37          0.130
  38          0.106
  39          0.108
  40          0.120
  41          0.114
  42          0.131
  43          0.194
  44          0.253
  45          0.162
  46          0.083
  47          0.160
  48          0.288
  49          0.622
  50          0.686
  51          0.533
  52          0.352
  53          0.132
  54          0.141
  55          0.134
  56          0.135
  57          0.127
  58          0.118
  59          0.125
  60          0.120
  61          0.102
  62          0.116
  63          0.123
  64          0.129
  65          0.148
  66          0.133
  67          0.124
  68          0.097
  69          0.087
  70          0.121
  71          0.128
  72          0.133
  73          0.104
  74          0.122
  75          0.107
  76          0.136
  77          0.150
  78          0.103
  79          0.150
  80          0.192
  81          0.160
  82          0.154
  83          0.157
  84          0.149
  85          0.117
  86          0.110
  87          0.058
  88          0.087
  89          0.085
  90          0.101
  91          0.139
  92          0.208
  93          0.176
  94          0.096
  95          0.049
  96          0.075
  97          0.066
  98          0.099
  99          0.074
 100          0.068
 101          0.121
 102          0.045
 103          0.065
 104          0.066
 105          0.079
 106          0.102
 107          0.117
 108          0.164
 109          0.142
 110          0.157
 111          0.160
 112          0.152
 113          0.089
 114          0.108
 115          0.077
 116          0.068
 117          0.086
 118          0.074
 119          0.084
 120          0.129
 121          0.069
 122          0.084
 123          0.085
 124          0.072
 125          0.050
 126          0.015
 127          0.077
 128          0.054
 129          0.038
 130          0.064
 131          0.048
 132          0.072
 133          0.047
 134          0.018
 135          0.025
 136          0.018
 137          0.060
 138          0.077
 139          0.061
 140          0.029
 141          0.086
 142          0.134
 143          0.095
 144          0.025
 145          0.040
 146          0.052
 147          0.064
 148          0.064
 149          0.050
 150          0.039
 151          0.094
 152          0.127
 153          0.117
 154          0.062
 155          0.058
 156          0.058
 157          0.030
 158          0.061
 159          0.087
 160          0.079
 161          0.076
 162          0.063
 163          0.071
 164          0.082
 165          0.074
 166          0.057
 167          0.048
 168          0.041
 169          0.032
 170          0.027
 171          0.032
 172          0.013
 173          0.025
 174          0.042
 175          0.053
 176          0.055
 177          0.087
 178          0.080
 179          0.090
 180          0.068
 181          0.052
 182          0.031
 183          0.038
 184          0.059
 185          0.076
 186          0.158
 187          0.153
 188          0.076
 189          0.028
 190          0.054
 191          0.070
 192          0.066
 193          0.081
 194          0.065
 195          0.046
 196          0.036
 197          0.042
 198          0.121
 199          0.128
 200          0.069
 201          0.115
 202          0.109
 203          0.110
 204          0.059
 205          0.076
 206          0.117
 207          0.134
 208          0.131
 209          0.153
 210          0.092
 211          0.166
 212          0.199
 213          0.189
 214          0.103
 215          0.090
 216          0.112
 217          0.107
 218          0.146
 219          0.090
 220          0.219
 221          0.126
 222          0.198
 223          0.118
 224          0.090
 225          0.077
 226          0.046
 227          0.044
 228          0.105
 229          0.226
 230          0.236
 231          0.115
 232          0.080
 233          0.092
 234          0.052
 235          0.093
 236          0.094
 237          0.148
 238          0.212
 239          0.263
 240          0.267
 241          0.258
 242          0.161
 243          0.150
 244          0.145
 245          0.131
 246          0.126
 247          0.085
 248          0.071
 249          0.066
 250          0.055
 251          0.049
 252          0.032
 253          0.070
 254          0.094
 255          0.076
 256          0.064
 257          0.060
 258          0.036
 259          0.029
 260          0.036
 261          0.027
 262          0.023
 263          0.109
 264          0.098
 265          0.101
 266          0.047
 267          0.031
 268          0.068
 269          0.077
 270          0.097
 271          0.130
 272          0.123
 273          0.102
 274          0.078
 275          0.032
 276          0.057
 277          0.061
 278          0.102
 279          0.071
 280          0.075
 281          0.076
 282          0.057
 283          0.074
 284          0.076
 285          0.071
 286          0.070
 287          0.061
 288          0.062
 289          0.059
 290          0.095
 291          0.194
 292          0.157
 293          0.112
 294          0.074
 295          0.184
 296          0.130
 297          0.088
 298          0.114
 299          0.089
 300          0.087
 301          0.060
 302          0.069
 303          0.069
 304          0.045
 305          0.135
 306          0.191
 307          0.171
 308          0.125
 309          0.050
 310          0.054
 311          0.073
 312          0.055
 313          0.101
 314          0.154
 315          0.101
 316          0.078
 317          0.070
 318          0.094
 319          0.074
 320          0.177
 321          0.175
 322          0.259
 323          0.277
 324          0.248
 325          0.331
 326          0.180
 327          0.070
 328          0.078
 329          0.071
 330          0.062
 331          0.063
 332          0.061
 333          0.052
 334          0.029
 335          0.046
 336          0.075
 337          0.071
 338          0.064
 339          0.034
 340          0.034
 341          0.038
 342          0.030
 343          0.036
 344          0.105
 345          0.066
 346          0.045
 347          0.050
 348          0.128
 349          0.098
 350          0.111
 351          0.117
 352          0.143
 353          0.109
 354          0.101
 355          0.068
 356          0.081
 357          0.099
 358          0.091
 359          0.110
 360          0.184
 361          0.232
 362          0.212
 363          0.243
 364          0.191
 365          0.213
 366          0.199
 367          0.174
 368          0.113
 369          0.083
 370          0.067
 371          0.057
 372          0.064
 373          0.053
 374          0.073
 375          0.037
 376          0.027
 377          0.066
 378          0.025
 379          0.035
 380          0.045
 381          0.036
 382          0.016
 383          0.031
 384          0.068
 385          0.189
 386          0.170
 387          0.073
 388          0.058
 389          0.057
 390          0.090
 391          0.083
 392          0.072
 393          0.140
 394          0.069
 395          0.086
 396          0.054
 397          0.107
 398          0.073
 399          0.111
 400          0.109
 401          0.114
 402          0.053
 403          0.128
 404          0.155
 405          0.026
 406          0.017
 407          0.068
 408          0.048
 409          0.045
 410          0.023
 411          0.034
 412          0.094
 413          0.074
 414          0.119
 415          0.048
 416          0.037
 417          0.057
 418          0.028
 419          0.037
 420          0.015
 421          0.115
 422          0.207
 423          0.329
 424          0.497
 425          0.092
 426          0.026
 427          0.024
 428          0.020
 429          0.014
 430          0.054
 431          0.176
 432          0.110
 433          0.038
 434          0.036
 435          0.019
 436          0.018
 437          0.049
 438          0.082
 439          0.076
 440          0.026
 441          0.126
 442          0.040
 443          0.050
 444          0.031
 445          0.026
 446          0.030
 447          0.037
 448          0.065
 449          0.075
 450          0.076
 451          0.104
 452          0.122
 453          0.076
 454          0.060
 455          0.042
 456          0.049
 457          0.072
 458          0.058
 459          0.030
 460          0.066
 461          0.077
 462          0.062
 463          0.056
 464          0.058
 465          0.083
 466          0.072
 467          0.159
 468          0.398
 469          0.545
 470          0.406
 471          0.191
 472          0.050
 473          0.034
 474          0.022
 475          0.063
 476          0.078
 477          0.115
 478          0.107
 479          0.100
 480          0.061
 481          0.062
 482          0.066
 483          0.059
 484          0.060
 485          0.026
 486          0.035
 487          0.044

# Average distance: 0.106 nm
