# Atom index    Distance (nm)
   1          1.038
   2          0.499
   3          0.270
   4          0.276
   5          0.203
   6          0.110
   7          0.041
   8          0.067
   9          0.058
  10          0.038
  11          0.006
  12          0.069
  13          0.145
  14          0.152
  15          0.092
  16          0.109
  17          0.085
  18          0.060
  19          0.119
  20          0.149
  21          0.220
  22          0.221
  23          0.330
  24          0.342
  25          0.201
  26          0.207
  27          0.115
  28          0.102
  29          0.029
  30          0.057
  31          0.109
  32          0.130
  33          0.139
  34          0.127
  35          0.181
  36          0.212
  37          0.156
  38          0.072
  39          0.061
  40          0.040
  41          0.088
  42          0.047
  43          0.165
  44          0.153
  45          0.198
  46          0.221
  47          0.244
  48          0.306
  49          0.385
  50          0.371
  51          0.214
  52          0.183
  53          0.134
  54          0.146
  55          0.122
  56          0.111
  57          0.069
  58          0.100
  59          0.124
  60          0.108
  61          0.145
  62          0.154
  63          0.147
  64          0.137
  65          0.185
  66          0.184
  67          0.127
  68          0.141
  69          0.161
  70          0.274
  71          0.275
  72          0.215
  73          0.199
  74          0.221
  75          0.204
  76          0.178
  77          0.137
  78          0.104
  79          0.129
  80          0.170
  81          0.170
  82          0.189
  83          0.167
  84          0.165
  85          0.142
  86          0.153
  87          0.056
  88          0.079
  89          0.090
  90          0.100
  91          0.164
  92          0.183
  93          0.152
  94          0.060
  95          0.040
  96          0.100
  97          0.099
  98          0.138
  99          0.164
 100          0.193
 101          0.148
 102          0.155
 103          0.170
 104          0.132
 105          0.062
 106          0.062
 107          0.112
 108          0.113
 109          0.163
 110          0.149
 111          0.122
 112          0.104
 113          0.103
 114          0.088
 115          0.140
 116          0.162
 117          0.095
 118          0.134
 119          0.105
 120          0.129
 121          0.122
 122          0.087
 123          0.085
 124          0.079
 125          0.060
 126          0.060
 127          0.056
 128          0.062
 129          0.016
 130          0.032
 131          0.073
 132          0.106
 133          0.067
 134          0.065
 135          0.095
 136          0.071
 137          0.106
 138          0.104
 139          0.067
 140          0.099
 141          0.060
 142          0.057
 143          0.116
 144          0.133
 145          0.101
 146          0.065
 147          0.064
 148          0.072
 149          0.099
 150          0.145
 151          0.184
 152          0.147
 153          0.143
 154          0.155
 155          0.109
 156          0.059
 157          0.087
 158          0.106
 159          0.102
 160          0.095
 161          0.095
 162          0.122
 163          0.091
 164          0.074
 165          0.051
 166          0.015
 167          0.020
 168          0.035
 169          0.037
 170          0.035
 171          0.055
 172          0.074
 173          0.101
 174          0.084
 175          0.047
 176          0.157
 177          0.138
 178          0.062
 179          0.052
 180          0.047
 181          0.052
 182          0.064
 183          0.067
 184          0.050
 185          0.062
 186          0.098
 187          0.062
 188          0.070
 189          0.065
 190          0.070
 191          0.077
 192          0.062
 193          0.094
 194          0.052
 195          0.083
 196          0.101
 197          0.099
 198          0.096
 199          0.092
 200          0.119
 201          0.159
 202          0.116
 203          0.108
 204          0.093
 205          0.123
 206          0.027
 207          0.061
 208          0.067
 209          0.040
 210          0.027
 211          0.041
 212          0.080
 213          0.077
 214          0.067
 215          0.026
 216          0.017
 217          0.063
 218          0.067
 219          0.069
 220          0.152
 221          0.073
 222          0.033
 223          0.066
 224          0.088
 225          0.092
 226          0.063
 227          0.082
 228          0.130
 229          0.188
 230          0.138
 231          0.168
 232          0.134
 233          0.162
 234          0.069
 235          0.060
 236          0.056
 237          0.209
 238          0.147
 239          0.134
 240          0.152
 241          0.102
 242          0.079
 243          0.096
 244          0.134
 245          0.073
 246          0.096
 247          0.097
 248          0.043
 249          0.031
 250          0.041
 251          0.038
 252          0.026
 253          0.096
 254          0.125
 255          0.115
 256          0.061
 257          0.052
 258          0.058
 259          0.068
 260          0.133
 261          0.144
 262          0.120
 263          0.110
 264          0.094
 265          0.090
 266          0.077
 267          0.078
 268          0.036
 269          0.048
 270          0.127
 271          0.258
 272          0.226
 273          0.078
 274          0.045
 275          0.098
 276          0.132
 277          0.175
 278          0.175
 279          0.100
 280          0.100
 281          0.084
 282          0.081
 283          0.075
 284          0.064
 285          0.061
 286          0.026
 287          0.031
 288          0.037
 289          0.088
 290          0.085
 291          0.116
 292          0.100
 293          0.126
 294          0.123
 295          0.169
 296          0.196
 297          0.086
 298          0.144
 299          0.092
 300          0.113
 301          0.074
 302          0.061
 303          0.065
 304          0.103
 305          0.122
 306          0.119
 307          0.068
 308          0.064
 309          0.052
 310          0.107
 311          0.080
 312          0.084
 313          0.182
 314          0.247
 315          0.185
 316          0.101
 317          0.084
 318          0.064
 319          0.076
 320          0.082
 321          0.086
 322          0.139
 323          0.198
 324          0.203
 325          0.239
 326          0.243
 327          0.209
 328          0.133
 329          0.163
 330          0.177
 331          0.217
 332          0.227
 333          0.252
 334          0.166
 335          0.127
 336          0.123
 337          0.128
 338          0.172
 339          0.210
 340          0.233
 341          0.177
 342          0.174
 343          0.133
 344          0.137
 345          0.169
 346          0.194
 347          0.182
 348          0.201
 349          0.188
 350          0.216
 351          0.242
 352          0.278
 353          0.357
 354          0.331
 355          0.279
 356          0.191
 357          0.173
 358          0.170
 359          0.162
 360          0.203
 361          0.247
 362          0.257
 363          0.283
 364          0.356
 365          0.317
 366          0.533
 367          0.295
 368          0.282
 369          0.256
 370          0.194
 371          0.145
 372          0.057
 373          0.058
 374          0.081
 375          0.058
 376          0.041
 377          0.069
 378          0.034
 379          0.069
 380          0.078
 381          0.086
 382          0.087
 383          0.132
 384          0.161
 385          0.137
 386          0.117
 387          0.128
 388          0.084
 389          0.049
 390          0.092
 391          0.133
 392          0.175
 393          0.192
 394          0.235
 395          0.142
 396          0.134
 397          0.077
 398          0.123
 399          0.124
 400          0.077
 401          0.133
 402          0.128
 403          0.171
 404          0.108
 405          0.096
 406          0.088
 407          0.064
 408          0.063
 409          0.100
 410          0.045
 411          0.105
 412          0.083
 413          0.123
 414          0.086
 415          0.074
 416          0.079
 417          0.048
 418          0.083
 419          0.087
 420          0.064
 421          0.033
 422          0.211
 423          0.030
 424          0.112
 425          0.079
 426          0.110
 427          0.117
 428          0.135
 429          0.142
 430          0.261
 431          0.306
 432          0.183
 433          0.146
 434          0.179
 435          0.129
 436          0.136
 437          0.135
 438          0.193
 439          0.206
 440          0.230
 441          0.184
 442          0.083
 443          0.080
 444          0.079
 445          0.062
 446          0.037
 447          0.052
 448          0.065
 449          0.115
 450          0.090
 451          0.085
 452          0.108
 453          0.095
 454          0.094
 455          0.104
 456          0.066
 457          0.052
 458          0.038
 459          0.083
 460          0.095
 461          0.124
 462          0.082
 463          0.045
 464          0.037
 465          0.100
 466          0.156
 467          0.151
 468          0.237
 469          0.256
 470          0.174
 471          0.155
 472          0.125
 473          0.140
 474          0.106
 475          0.052
 476          0.069
 477          0.074
 478          0.129
 479          0.112
 480          0.104
 481          0.153
 482          0.153
 483          0.071
 484          0.126
 485          0.122
 486          0.105
 487          0.096

# Average distance: 0.124 nm
