# Atom index    Distance (nm)
   1          0.256
   2          0.160
   3          0.083
   4          0.064
   5          0.107
   6          0.066
   7          0.038
   8          0.034
   9          0.067
  10          0.061
  11          0.050
  12          0.038
  13          0.043
  14          0.048
  15          0.028
  16          0.050
  17          0.045
  18          0.022
  19          0.059
  20          0.029
  21          0.024
  22          0.043
  23          0.099
  24          0.090
  25          0.025
  26          0.038
  27          0.084
  28          0.070
  29          0.085
  30          0.046
  31          0.057
  32          0.069
  33          0.027
  34          0.062
  35          0.119
  36          0.030
  37          0.055
  38          0.046
  39          0.045
  40          0.037
  41          0.081
  42          0.054
  43          0.039
  44          0.181
  45          0.169
  46          0.260
  47          0.231
  48          0.197
  49          0.203
  50          0.143
  51          0.092
  52          0.157
  53          0.095
  54          0.091
  55          0.036
  56          0.082
  57          0.081
  58          0.053
  59          0.038
  60          0.086
  61          0.064
  62          0.040
  63          0.074
  64          0.099
  65          0.066
  66          0.028
  67          0.029
  68          0.046
  69          0.027
  70          0.112
  71          0.040
  72          0.035
  73          0.019
  74          0.080
  75          0.093
  76          0.158
  77          0.176
  78          0.155
  79          0.179
  80          0.252
  81          0.190
  82          0.176
  83          0.076
  84          0.050
  85          0.048
  86          0.053
  87          0.050
  88          0.093
  89          0.100
  90          0.085
  91          0.084
  92          0.047
  93          0.061
  94          0.069
  95          0.050
  96          0.066
  97          0.048
  98          0.096
  99          0.109
 100          0.063
 101          0.015
 102          0.057
 103          0.050
 104          0.062
 105          0.026
 106          0.043
 107          0.046
 108          0.036
 109          0.067
 110          0.060
 111          0.057
 112          0.086
 113          0.048
 114          0.048
 115          0.031
 116          0.033
 117          0.057
 118          0.117
 119          0.197
 120          0.110
 121          0.094
 122          0.056
 123          0.014
 124          0.052
 125          0.055
 126          0.055
 127          0.042
 128          0.080
 129          0.073
 130          0.058
 131          0.150
 132          0.027
 133          0.040
 134          0.042
 135          0.031
 136          0.051
 137          0.083
 138          0.054
 139          0.039
 140          0.029
 141          0.039
 142          0.055
 143          0.038
 144          0.052
 145          0.063
 146          0.050
 147          0.034
 148          0.022
 149          0.057
 150          0.104
 151          0.131
 152          0.309
 153          0.296
 154          0.222
 155          0.098
 156          0.048
 157          0.033
 158          0.023
 159          0.038
 160          0.061
 161          0.074
 162          0.129
 163          0.120
 164          0.077
 165          0.069
 166          0.073
 167          0.058
 168          0.044
 169          0.045
 170          0.043
 171          0.037
 172          0.022
 173          0.046
 174          0.039
 175          0.058
 176          0.056
 177          0.100
 178          0.090
 179          0.018
 180          0.015
 181          0.030
 182          0.045
 183          0.037
 184          0.054
 185          0.052
 186          0.014
 187          0.013
 188          0.032
 189          0.041
 190          0.060
 191          0.075
 192          0.068
 193          0.072
 194          0.100
 195          0.097
 196          0.065
 197          0.050
 198          0.042
 199          0.054
 200          0.087
 201          0.048
 202          0.086
 203          0.084
 204          0.046
 205          0.034
 206          0.047
 207          0.060
 208          0.095
 209          0.071
 210          0.093
 211          0.091
 212          0.110
 213          0.098
 214          0.053
 215          0.089
 216          0.083
 217          0.049
 218          0.059
 219          0.068
 220          0.040
 221          0.078
 222          0.021
 223          0.077
 224          0.072
 225          0.017
 226          0.030
 227          0.037
 228          0.046
 229          0.190
 230          0.235
 231          0.077
 232          0.107
 233          0.037
 234          0.053
 235          0.056
 236          0.077
 237          0.068
 238          0.176
 239          0.275
 240          0.170
 241          0.235
 242          0.137
 243          0.087
 244          0.059
 245          0.071
 246          0.060
 247          0.053
 248          0.012
 249          0.074
 250          0.101
 251          0.056
 252          0.045
 253          0.038
 254          0.036
 255          0.072
 256          0.047
 257          0.038
 258          0.025
 259          0.026
 260          0.139
 261          0.160
 262          0.083
 263          0.132
 264          0.096
 265          0.050
 266          0.066
 267          0.058
 268          0.058
 269          0.099
 270          0.018
 271          0.109
 272          0.117
 273          0.143
 274          0.138
 275          0.078
 276          0.088
 277          0.079
 278          0.126
 279          0.057
 280          0.055
 281          0.071
 282          0.085
 283          0.054
 284          0.072
 285          0.044
 286          0.031
 287          0.032
 288          0.043
 289          0.111
 290          0.091
 291          0.055
 292          0.067
 293          0.193
 294          0.149
 295          0.270
 296          0.285
 297          0.175
 298          0.138
 299          0.118
 300          0.093
 301          0.024
 302          0.060
 303          0.079
 304          0.139
 305          0.177
 306          0.158
 307          0.117
 308          0.081
 309          0.050
 310          0.045
 311          0.126
 312          0.124
 313          0.074
 314          0.099
 315          0.163
 316          0.091
 317          0.068
 318          0.074
 319          0.132
 320          0.146
 321          0.146
 322          0.156
 323          0.142
 324          0.130
 325          0.166
 326          0.186
 327          0.165
 328          0.086
 329          0.057
 330          0.069
 331          0.134
 332          0.092
 333          0.092
 334          0.084
 335          0.119
 336          0.143
 337          0.058
 338          0.063
 339          0.087
 340          0.109
 341          0.107
 342          0.110
 343          0.033
 344          0.074
 345          0.141
 346          0.129
 347          0.162
 348          0.125
 349          0.110
 350          0.106
 351          0.055
 352          0.074
 353          0.093
 354          0.108
 355          0.050
 356          0.041
 357          0.041
 358          0.128
 359          0.192
 360          0.237
 361          0.234
 362          0.275
 363          0.268
 364          0.215
 365          0.212
 366          0.153
 367          0.083
 368          0.106
 369          0.087
 370          0.086
 371          0.116
 372          0.047
 373          0.076
 374          0.059
 375          0.058
 376          0.048
 377          0.070
 378          0.057
 379          0.048
 380          0.050
 381          0.042
 382          0.039
 383          0.049
 384          0.087
 385          0.073
 386          0.060
 387          0.069
 388          0.045
 389          0.062
 390          0.113
 391          0.043
 392          0.099
 393          0.138
 394          0.198
 395          0.087
 396          0.106
 397          0.088
 398          0.110
 399          0.118
 400          0.125
 401          0.109
 402          0.029
 403          0.087
 404          0.064
 405          0.046
 406          0.043
 407          0.094
 408          0.077
 409          0.088
 410          0.085
 411          0.153
 412          0.107
 413          0.083
 414          0.050
 415          0.019
 416          0.039
 417          0.059
 418          0.077
 419          0.074
 420          0.110
 421          0.169
 422          0.259
 423          0.381
 424          0.263
 425          0.188
 426          0.103
 427          0.070
 428          0.105
 429          0.168
 430          0.186
 431          0.330
 432          0.281
 433          0.225
 434          0.142
 435          0.112
 436          0.108
 437          0.088
 438          0.135
 439          0.112
 440          0.148
 441          0.178
 442          0.177
 443          0.092
 444          0.094
 445          0.023
 446          0.011
 447          0.054
 448          0.065
 449          0.060
 450          0.054
 451          0.058
 452          0.067
 453          0.054
 454          0.032
 455          0.030
 456          0.073
 457          0.085
 458          0.083
 459          0.091
 460          0.164
 461          0.109
 462          0.053
 463          0.077
 464          0.078
 465          0.080
 466          0.063
 467          0.083
 468          0.107
 469          0.121
 470          0.126
 471          0.139
 472          0.108
 473          0.083
 474          0.079
 475          0.105
 476          0.107
 477          0.121
 478          0.076
 479          0.047
 480          0.035
 481          0.048
 482          0.074
 483          0.081
 484          0.027
 485          0.049
 486          0.051
 487          0.053

# Average distance: 0.088 nm
