# Atom index    Distance (nm)
   1          0.343
   2          0.348
   3          0.196
   4          0.164
   5          0.017
   6          0.049
   7          0.123
   8          0.077
   9          0.090
  10          0.079
  11          0.063
  12          0.031
  13          0.084
  14          0.029
  15          0.084
  16          0.075
  17          0.087
  18          0.117
  19          0.128
  20          0.155
  21          0.080
  22          0.129
  23          0.089
  24          0.162
  25          0.152
  26          0.120
  27          0.091
  28          0.110
  29          0.093
  30          0.123
  31          0.099
  32          0.134
  33          0.021
  34          0.090
  35          0.080
  36          0.120
  37          0.182
  38          0.149
  39          0.132
  40          0.087
  41          0.118
  42          0.093
  43          0.124
  44          0.065
  45          0.080
  46          0.118
  47          0.122
  48          0.187
  49          0.209
  50          0.168
  51          0.210
  52          0.211
  53          0.109
  54          0.087
  55          0.080
  56          0.076
  57          0.134
  58          0.119
  59          0.076
  60          0.143
  61          0.179
  62          0.185
  63          0.126
  64          0.091
  65          0.102
  66          0.142
  67          0.187
  68          0.249
  69          0.262
  70          0.207
  71          0.197
  72          0.154
  73          0.164
  74          0.167
  75          0.238
  76          0.240
  77          0.229
  78          0.346
  79          0.181
  80          0.158
  81          0.211
  82          0.194
  83          0.198
  84          0.176
  85          0.135
  86          0.128
  87          0.114
  88          0.148
  89          0.182
  90          0.154
  91          0.232
  92          0.208
  93          0.167
  94          0.188
  95          0.157
  96          0.100
  97          0.095
  98          0.145
  99          0.166
 100          0.220
 101          0.229
 102          0.177
 103          0.122
 104          0.130
 105          0.119
 106          0.111
 107          0.129
 108          0.123
 109          0.134
 110          0.131
 111          0.292
 112          0.218
 113          0.150
 114          0.142
 115          0.105
 116          0.115
 117          0.109
 118          0.183
 119          0.150
 120          0.097
 121          0.126
 122          0.155
 123          0.101
 124          0.087
 125          0.125
 126          0.092
 127          0.049
 128          0.012
 129          0.050
 130          0.075
 131          0.064
 132          0.087
 133          0.033
 134          0.014
 135          0.038
 136          0.067
 137          0.038
 138          0.062
 139          0.101
 140          0.122
 141          0.203
 142          0.183
 143          0.098
 144          0.101
 145          0.122
 146          0.038
 147          0.030
 148          0.051
 149          0.090
 150          0.082
 151          0.147
 152          0.163
 153          0.154
 154          0.126
 155          0.105
 156          0.083
 157          0.045
 158          0.051
 159          0.073
 160          0.065
 161          0.076
 162          0.128
 163          0.095
 164          0.074
 165          0.085
 166          0.089
 167          0.070
 168          0.071
 169          0.057
 170          0.056
 171          0.027
 172          0.015
 173          0.009
 174          0.060
 175          0.087
 176          0.216
 177          0.148
 178          0.102
 179          0.102
 180          0.075
 181          0.078
 182          0.061
 183          0.088
 184          0.074
 185          0.071
 186          0.091
 187          0.074
 188          0.067
 189          0.034
 190          0.026
 191          0.037
 192          0.055
 193          0.060
 194          0.059
 195          0.070
 196          0.047
 197          0.050
 198          0.043
 199          0.130
 200          0.138
 201          0.137
 202          0.130
 203          0.082
 204          0.034
 205          0.034
 206          0.037
 207          0.099
 208          0.130
 209          0.143
 210          0.065
 211          0.068
 212          0.111
 213          0.133
 214          0.068
 215          0.048
 216          0.088
 217          0.091
 218          0.109
 219          0.087
 220          0.108
 221          0.134
 222          0.132
 223          0.133
 224          0.116
 225          0.085
 226          0.065
 227          0.066
 228          0.066
 229          0.079
 230          0.110
 231          0.104
 232          0.084
 233          0.112
 234          0.061
 235          0.088
 236          0.085
 237          0.208
 238          0.245
 239          0.524
 240          0.493
 241          0.353
 242          0.245
 243          0.241
 244          0.259
 245          0.191
 246          0.204
 247          0.132
 248          0.081
 249          0.072
 250          0.096
 251          0.057
 252          0.083
 253          0.058
 254          0.075
 255          0.084
 256          0.107
 257          0.087
 258          0.084
 259          0.076
 260          0.076
 261          0.062
 262          0.140
 263          0.165
 264          0.146
 265          0.115
 266          0.110
 267          0.057
 268          0.126
 269          0.138
 270          0.090
 271          0.275
 272          0.213
 273          0.115
 274          0.132
 275          0.115
 276          0.043
 277          0.043
 278          0.092
 279          0.160
 280          0.165
 281          0.147
 282          0.109
 283          0.132
 284          0.125
 285          0.096
 286          0.077
 287          0.128
 288          0.111
 289          0.104
 290          0.143
 291          0.146
 292          0.133
 293          0.214
 294          0.181
 295          0.147
 296          0.218
 297          0.209
 298          0.102
 299          0.082
 300          0.158
 301          0.145
 302          0.114
 303          0.131
 304          0.093
 305          0.091
 306          0.091
 307          0.126
 308          0.193
 309          0.177
 310          0.142
 311          0.151
 312          0.169
 313          0.153
 314          0.161
 315          0.160
 316          0.140
 317          0.148
 318          0.145
 319          0.093
 320          0.145
 321          0.158
 322          0.188
 323          0.206
 324          0.183
 325          0.212
 326          0.164
 327          0.151
 328          0.177
 329          0.145
 330          0.169
 331          0.164
 332          0.097
 333          0.110
 334          0.116
 335          0.122
 336          0.150
 337          0.210
 338          0.116
 339          0.076
 340          0.093
 341          0.132
 342          0.156
 343          0.175
 344          0.192
 345          0.211
 346          0.182
 347          0.151
 348          0.106
 349          0.108
 350          0.081
 351          0.086
 352          0.086
 353          0.113
 354          0.103
 355          0.060
 356          0.073
 357          0.086
 358          0.126
 359          0.145
 360          0.166
 361          0.077
 362          0.174
 363          0.176
 364          0.156
 365          0.178
 366          0.242
 367          0.200
 368          0.054
 369          0.040
 370          0.031
 371          0.053
 372          0.065
 373          0.066
 374          0.059
 375          0.084
 376          0.072
 377          0.052
 378          0.077
 379          0.071
 380          0.064
 381          0.025
 382          0.090
 383          0.085
 384          0.091
 385          0.075
 386          0.104
 387          0.041
 388          0.051
 389          0.049
 390          0.135
 391          0.151
 392          0.200
 393          0.164
 394          0.255
 395          0.199
 396          0.178
 397          0.123
 398          0.105
 399          0.115
 400          0.100
 401          0.086
 402          0.091
 403          0.146
 404          0.155
 405          0.149
 406          0.177
 407          0.149
 408          0.115
 409          0.133
 410          0.055
 411          0.053
 412          0.052
 413          0.070
 414          0.037
 415          0.091
 416          0.101
 417          0.017
 418          0.054
 419          0.080
 420          0.094
 421          0.101
 422          0.109
 423          0.104
 424          0.071
 425          0.095
 426          0.070
 427          0.059
 428          0.066
 429          0.092
 430          0.164
 431          0.099
 432          0.076
 433          0.079
 434          0.078
 435          0.072
 436          0.104
 437          0.143
 438          0.096
 439          0.043
 440          0.077
 441          0.102
 442          0.123
 443          0.135
 444          0.083
 445          0.017
 446          0.058
 447          0.060
 448          0.023
 449          0.020
 450          0.078
 451          0.095
 452          0.075
 453          0.084
 454          0.072
 455          0.014
 456          0.008
 457          0.063
 458          0.051
 459          0.064
 460          0.112
 461          0.151
 462          0.065
 463          0.057
 464          0.044
 465          0.042
 466          0.134
 467          0.157
 468          0.142
 469          0.122
 470          0.139
 471          0.086
 472          0.109
 473          0.115
 474          0.025
 475          0.091
 476          0.039
 477          0.072
 478          0.055
 479          0.103
 480          0.142
 481          0.151
 482          0.154
 483          0.094
 484          0.106
 485          0.068
 486          0.055
 487          0.058

# Average distance: 0.116 nm
