# Atom index    Distance (nm)
   1          0.065
   2          0.063
   3          0.065
   4          0.040
   5          0.044
   6          0.058
   7          0.040
   8          0.044
   9          0.058
  10          0.080
  11          0.086
  12          0.130
  13          0.163
  14          0.095
  15          0.073
  16          0.156
  17          0.093
  18          0.070
  19          0.081
  20          0.127
  21          0.169
  22          0.181
  23          0.208
  24          0.141
  25          0.117
  26          0.138
  27          0.128
  28          0.153
  29          0.090
  30          0.143
  31          0.139
  32          0.221
  33          0.218
  34          0.187
  35          0.255
  36          0.144
  37          0.062
  38          0.073
  39          0.061
  40          0.056
  41          0.090
  42          0.044
  43          0.076
  44          0.108
  45          0.165
  46          0.211
  47          0.234
  48          0.320
  49          0.371
  50          0.523
  51          0.184
  52          0.172
  53          0.165
  54          0.111
  55          0.022
  56          0.036
  57          0.078
  58          0.103
  59          0.157
  60          0.116
  61          0.090
  62          0.093
  63          0.080
  64          0.105
  65          0.133
  66          0.144
  67          0.265
  68          0.294
  69          0.280
  70          0.184
  71          0.212
  72          0.178
  73          0.150
  74          0.085
  75          0.091
  76          0.107
  77          0.140
  78          0.165
  79          0.204
  80          0.191
  81          0.232
  82          0.205
  83          0.131
  84          0.180
  85          0.145
  86          0.170
  87          0.093
  88          0.095
  89          0.086
  90          0.157
  91          0.268
  92          0.187
  93          0.181
  94          0.065
  95          0.093
  96          0.088
  97          0.139
  98          0.163
  99          0.200
 100          0.213
 101          0.206
 102          0.244
 103          0.196
 104          0.191
 105          0.156
 106          0.137
 107          0.135
 108          0.128
 109          0.138
 110          0.123
 111          0.125
 112          0.128
 113          0.132
 114          0.141
 115          0.139
 116          0.126
 117          0.199
 118          0.223
 119          0.215
 120          0.150
 121          0.151
 122          0.117
 123          0.106
 124          0.090
 125          0.074
 126          0.009
 127          0.051
 128          0.063
 129          0.064
 130          0.040
 131          0.046
 132          0.060
 133          0.112
 134          0.097
 135          0.104
 136          0.115
 137          0.109
 138          0.119
 139          0.147
 140          0.128
 141          0.150
 142          0.124
 143          0.202
 144          0.223
 145          0.230
 146          0.171
 147          0.109
 148          0.132
 149          0.127
 150          0.113
 151          0.116
 152          0.156
 153          0.326
 154          0.139
 155          0.092
 156          0.084
 157          0.092
 158          0.122
 159          0.117
 160          0.174
 161          0.160
 162          0.115
 163          0.141
 164          0.211
 165          0.154
 166          0.094
 167          0.089
 168          0.125
 169          0.143
 170          0.127
 171          0.097
 172          0.090
 173          0.075
 174          0.130
 175          0.136
 176          0.151
 177          0.052
 178          0.046
 179          0.112
 180          0.068
 181          0.086
 182          0.064
 183          0.080
 184          0.079
 185          0.082
 186          0.057
 187          0.074
 188          0.059
 189          0.047
 190          0.048
 191          0.068
 192          0.070
 193          0.096
 194          0.104
 195          0.091
 196          0.092
 197          0.090
 198          0.090
 199          0.105
 200          0.115
 201          0.082
 202          0.127
 203          0.112
 204          0.118
 205          0.085
 206          0.087
 207          0.083
 208          0.055
 209          0.018
 210          0.043
 211          0.048
 212          0.049
 213          0.030
 214          0.020
 215          0.032
 216          0.021
 217          0.046
 218          0.084
 219          0.107
 220          0.101
 221          0.116
 222          0.173
 223          0.100
 224          0.042
 225          0.059
 226          0.116
 227          0.118
 228          0.128
 229          0.125
 230          0.150
 231          0.120
 232          0.110
 233          0.139
 234          0.093
 235          0.109
 236          0.108
 237          0.071
 238          0.148
 239          0.292
 240          0.484
 241          0.468
 242          0.205
 243          0.129
 244          0.096
 245          0.105
 246          0.087
 247          0.046
 248          0.048
 249          0.121
 250          0.101
 251          0.153
 252          0.266
 253          0.128
 254          0.070
 255          0.046
 256          0.058
 257          0.033
 258          0.085
 259          0.093
 260          0.143
 261          0.187
 262          0.242
 263          0.272
 264          0.236
 265          0.223
 266          0.199
 267          0.092
 268          0.120
 269          0.131
 270          0.217
 271          0.241
 272          0.156
 273          0.261
 274          0.249
 275          0.133
 276          0.158
 277          0.191
 278          0.264
 279          0.269
 280          0.328
 281          0.321
 282          0.237
 283          0.236
 284          0.217
 285          0.147
 286          0.085
 287          0.061
 288          0.061
 289          0.073
 290          0.088
 291          0.165
 292          0.153
 293          0.106
 294          0.146
 295          0.113
 296          0.151
 297          0.109
 298          0.130
 299          0.075
 300          0.091
 301          0.076
 302          0.089
 303          0.103
 304          0.121
 305          0.156
 306          0.138
 307          0.122
 308          0.117
 309          0.119
 310          0.142
 311          0.112
 312          0.141
 313          0.254
 314          0.226
 315          0.121
 316          0.159
 317          0.122
 318          0.165
 319          0.190
 320          0.142
 321          0.171
 322          0.184
 323          0.176
 324          0.126
 325          0.089
 326          0.102
 327          0.105
 328          0.127
 329          0.093
 330          0.081
 331          0.099
 332          0.097
 333          0.135
 334          0.129
 335          0.149
 336          0.187
 337          0.195
 338          0.174
 339          0.150
 340          0.130
 341          0.111
 342          0.099
 343          0.047
 344          0.049
 345          0.078
 346          0.103
 347          0.119
 348          0.115
 349          0.103
 350          0.129
 351          0.155
 352          0.165
 353          0.224
 354          0.221
 355          0.210
 356          0.156
 357          0.094
 358          0.103
 359          0.081
 360          0.254
 361          0.216
 362          0.224
 363          0.219
 364          0.203
 365          0.151
 366          0.167
 367          0.131
 368          0.160
 369          0.161
 370          0.173
 371          0.189
 372          0.158
 373          0.133
 374          0.066
 375          0.061
 376          0.035
 377          0.055
 378          0.081
 379          0.060
 380          0.050
 381          0.066
 382          0.054
 383          0.057
 384          0.061
 385          0.098
 386          0.101
 387          0.065
 388          0.038
 389          0.067
 390          0.114
 391          0.076
 392          0.068
 393          0.116
 394          0.127
 395          0.085
 396          0.071
 397          0.045
 398          0.094
 399          0.130
 400          0.115
 401          0.212
 402          0.112
 403          0.085
 404          0.082
 405          0.083
 406          0.084
 407          0.067
 408          0.073
 409          0.101
 410          0.113
 411          0.073
 412          0.071
 413          0.093
 414          0.084
 415          0.118
 416          0.068
 417          0.084
 418          0.080
 419          0.088
 420          0.102
 421          0.089
 422          0.100
 423          0.134
 424          0.099
 425          0.093
 426          0.068
 427          0.098
 428          0.096
 429          0.095
 430          0.076
 431          0.087
 432          0.082
 433          0.082
 434          0.090
 435          0.088
 436          0.121
 437          0.117
 438          0.132
 439          0.078
 440          0.026
 441          0.056
 442          0.068
 443          0.100
 444          0.065
 445          0.102
 446          0.105
 447          0.091
 448          0.089
 449          0.084
 450          0.145
 451          0.159
 452          0.134
 453          0.062
 454          0.053
 455          0.050
 456          0.068
 457          0.110
 458          0.105
 459          0.115
 460          0.181
 461          0.184
 462          0.181
 463          0.171
 464          0.147
 465          0.172
 466          0.124
 467          0.160
 468          0.146
 469          0.155
 470          0.160
 471          0.096
 472          0.041
 473          0.028
 474          0.070
 475          0.161
 476          0.150
 477          0.177
 478          0.156
 479          0.059
 480          0.071
 481          0.123
 482          0.078
 483          0.050
 484          0.071
 485          0.082
 486          0.074
 487          0.064

# Average distance: 0.125 nm
