# Atom index    Distance (nm)
   1          0.450
   2          0.573
   3          0.607
   4          0.407
   5          0.205
   6          0.110
   7          0.082
   8          0.095
   9          0.146
  10          0.091
  11          0.059
  12          0.062
  13          0.124
  14          0.047
  15          0.097
  16          0.044
  17          0.061
  18          0.077
  19          0.054
  20          0.120
  21          0.192
  22          0.260
  23          0.150
  24          0.173
  25          0.176
  26          0.133
  27          0.107
  28          0.078
  29          0.077
  30          0.070
  31          0.121
  32          0.108
  33          0.131
  34          0.226
  35          0.181
  36          0.202
  37          0.240
  38          0.164
  39          0.181
  40          0.159
  41          0.189
  42          0.209
  43          0.254
  44          0.303
  45          0.264
  46          0.274
  47          0.268
  48          0.264
  49          0.101
  50          0.085
  51          0.078
  52          0.213
  53          0.245
  54          0.261
  55          0.293
  56          0.184
  57          0.200
  58          0.217
  59          0.222
  60          0.255
  61          0.269
  62          0.245
  63          0.198
  64          0.148
  65          0.198
  66          0.183
  67          0.274
  68          0.301
  69          0.242
  70          0.297
  71          0.244
  72          0.187
  73          0.193
  74          0.189
  75          0.258
  76          0.339
  77          0.327
  78          0.391
  79          0.392
  80          0.368
  81          0.337
  82          0.223
  83          0.257
  84          0.290
  85          0.251
  86          0.268
  87          0.215
  88          0.207
  89          0.196
  90          0.202
  91          0.224
  92          0.240
  93          0.212
  94          0.176
  95          0.187
  96          0.163
  97          0.187
  98          0.217
  99          0.202
 100          0.246
 101          0.276
 102          0.246
 103          0.248
 104          0.261
 105          0.216
 106          0.187
 107          0.165
 108          0.102
 109          0.097
 110          0.147
 111          0.078
 112          0.096
 113          0.049
 114          0.147
 115          0.160
 116          0.255
 117          0.266
 118          0.248
 119          0.182
 120          0.228
 121          0.179
 122          0.187
 123          0.064
 124          0.152
 125          0.172
 126          0.133
 127          0.086
 128          0.045
 129          0.056
 130          0.057
 131          0.081
 132          0.067
 133          0.069
 134          0.079
 135          0.088
 136          0.117
 137          0.167
 138          0.142
 139          0.129
 140          0.118
 141          0.141
 142          0.151
 143          0.192
 144          0.199
 145          0.185
 146          0.173
 147          0.143
 148          0.170
 149          0.168
 150          0.162
 151          0.141
 152          0.144
 153          0.145
 154          0.215
 155          0.186
 156          0.213
 157          0.147
 158          0.138
 159          0.154
 160          0.168
 161          0.238
 162          0.263
 163          0.290
 164          0.197
 165          0.151
 166          0.154
 167          0.134
 168          0.118
 169          0.129
 170          0.132
 171          0.094
 172          0.077
 173          0.152
 174          0.116
 175          0.107
 176          0.155
 177          0.164
 178          0.133
 179          0.065
 180          0.045
 181          0.109
 182          0.111
 183          0.109
 184          0.101
 185          0.137
 186          0.150
 187          0.120
 188          0.113
 189          0.140
 190          0.114
 191          0.117
 192          0.089
 193          0.122
 194          0.162
 195          0.213
 196          0.143
 197          0.159
 198          0.141
 199          0.133
 200          0.174
 201          0.126
 202          0.061
 203          0.064
 204          0.063
 205          0.053
 206          0.014
 207          0.042
 208          0.085
 209          0.085
 210          0.115
 211          0.123
 212          0.198
 213          0.214
 214          0.189
 215          0.135
 216          0.105
 217          0.105
 218          0.080
 219          0.083
 220          0.115
 221          0.114
 222          0.045
 223          0.068
 224          0.080
 225          0.173
 226          0.148
 227          0.133
 228          0.152
 229          0.092
 230          0.033
 231          0.080
 232          0.134
 233          0.177
 234          0.177
 235          0.145
 236          0.132
 237          0.119
 238          0.328
 239          0.533
 240          0.247
 241          0.421
 242          0.325
 243          0.111
 244          0.140
 245          0.183
 246          0.129
 247          0.111
 248          0.136
 249          0.124
 250          0.141
 251          0.202
 252          0.157
 253          0.123
 254          0.107
 255          0.125
 256          0.063
 257          0.039
 258          0.041
 259          0.051
 260          0.113
 261          0.173
 262          0.251
 263          0.208
 264          0.185
 265          0.117
 266          0.062
 267          0.070
 268          0.078
 269          0.076
 270          0.106
 271          0.328
 272          0.188
 273          0.063
 274          0.021
 275          0.076
 276          0.087
 277          0.078
 278          0.099
 279          0.096
 280          0.155
 281          0.148
 282          0.130
 283          0.114
 284          0.094
 285          0.051
 286          0.046
 287          0.054
 288          0.062
 289          0.081
 290          0.093
 291          0.088
 292          0.086
 293          0.117
 294          0.420
 295          0.363
 296          0.351
 297          0.354
 298          0.173
 299          0.068
 300          0.085
 301          0.083
 302          0.087
 303          0.087
 304          0.153
 305          0.158
 306          0.130
 307          0.117
 308          0.116
 309          0.078
 310          0.154
 311          0.211
 312          0.198
 313          0.301
 314          0.300
 315          0.235
 316          0.192
 317          0.163
 318          0.058
 319          0.053
 320          0.049
 321          0.164
 322          0.266
 323          0.259
 324          0.301
 325          0.348
 326          0.325
 327          0.257
 328          0.216
 329          0.175
 330          0.160
 331          0.217
 332          0.195
 333          0.168
 334          0.139
 335          0.145
 336          0.162
 337          0.138
 338          0.147
 339          0.155
 340          0.155
 341          0.172
 342          0.197
 343          0.196
 344          0.252
 345          0.333
 346          0.301
 347          0.291
 348          0.244
 349          0.230
 350          0.258
 351          0.247
 352          0.319
 353          0.365
 354          0.292
 355          0.202
 356          0.216
 357          0.217
 358          0.263
 359          0.306
 360          0.266
 361          0.295
 362          0.298
 363          0.306
 364          0.254
 365          0.204
 366          0.248
 367          0.335
 368          0.285
 369          0.228
 370          0.171
 371          0.133
 372          0.072
 373          0.079
 374          0.091
 375          0.081
 376          0.065
 377          0.049
 378          0.060
 379          0.060
 380          0.069
 381          0.079
 382          0.087
 383          0.093
 384          0.093
 385          0.115
 386          0.124
 387          0.076
 388          0.104
 389          0.131
 390          0.122
 391          0.167
 392          0.288
 393          0.349
 394          0.642
 395          0.596
 396          0.401
 397          0.180
 398          0.168
 399          0.151
 400          0.159
 401          0.140
 402          0.104
 403          0.095
 404          0.062
 405          0.069
 406          0.066
 407          0.100
 408          0.043
 409          0.057
 410          0.083
 411          0.096
 412          0.114
 413          0.110
 414          0.182
 415          0.172
 416          0.126
 417          0.026
 418          0.086
 419          0.090
 420          0.059
 421          0.059
 422          0.313
 423          0.383
 424          0.229
 425          0.047
 426          0.123
 427          0.128
 428          0.143
 429          0.148
 430          0.221
 431          0.183
 432          0.203
 433          0.228
 434          0.206
 435          0.133
 436          0.170
 437          0.157
 438          0.198
 439          0.204
 440          0.197
 441          0.128
 442          0.099
 443          0.088
 444          0.057
 445          0.056
 446          0.078
 447          0.091
 448          0.065
 449          0.034
 450          0.092
 451          0.059
 452          0.071
 453          0.043
 454          0.093
 455          0.090
 456          0.034
 457          0.105
 458          0.122
 459          0.099
 460          0.278
 461          0.123
 462          0.090
 463          0.047
 464          0.069
 465          0.144
 466          0.208
 467          0.306
 468          0.336
 469          0.272
 470          0.250
 471          0.170
 472          0.189
 473          0.178
 474          0.133
 475          0.188
 476          0.110
 477          0.069
 478          0.070
 479          0.098
 480          0.127
 481          0.166
 482          0.138
 483          0.127
 484          0.067
 485          0.058
 486          0.077
 487          0.079

# Average distance: 0.164 nm
