# Atom index    Distance (nm)
   1          0.254
   2          0.192
   3          0.170
   4          0.084
   5          0.051
   6          0.045
   7          0.053
   8          0.039
   9          0.119
  10          0.030
  11          0.046
  12          0.032
  13          0.040
  14          0.029
  15          0.045
  16          0.039
  17          0.034
  18          0.037
  19          0.085
  20          0.091
  21          0.099
  22          0.102
  23          0.112
  24          0.059
  25          0.058
  26          0.102
  27          0.101
  28          0.086
  29          0.090
  30          0.115
  31          0.124
  32          0.238
  33          0.205
  34          0.153
  35          0.157
  36          0.221
  37          0.193
  38          0.052
  39          0.050
  40          0.039
  41          0.013
  42          0.047
  43          0.184
  44          0.186
  45          0.077
  46          0.178
  47          0.200
  48          0.465
  49          0.268
  50          0.246
  51          0.176
  52          0.083
  53          0.134
  54          0.097
  55          0.075
  56          0.102
  57          0.047
  58          0.049
  59          0.103
  60          0.096
  61          0.103
  62          0.049
  63          0.038
  64          0.043
  65          0.044
  66          0.048
  67          0.141
  68          0.150
  69          0.095
  70          0.032
  71          0.087
  72          0.017
  73          0.036
  74          0.037
  75          0.077
  76          0.053
  77          0.128
  78          0.237
  79          0.307
  80          0.174
  81          0.181
  82          0.116
  83          0.068
  84          0.124
  85          0.063
  86          0.087
  87          0.123
  88          0.095
  89          0.083
  90          0.112
  91          0.141
  92          0.102
  93          0.134
  94          0.090
  95          0.099
  96          0.048
  97          0.064
  98          0.061
  99          0.098
 100          0.116
 101          0.148
 102          0.154
 103          0.131
 104          0.077
 105          0.065
 106          0.046
 107          0.043
 108          0.133
 109          0.180
 110          0.222
 111          0.198
 112          0.112
 113          0.124
 114          0.097
 115          0.078
 116          0.090
 117          0.063
 118          0.065
 119          0.086
 120          0.085
 121          0.072
 122          0.032
 123          0.051
 124          0.019
 125          0.035
 126          0.079
 127          0.052
 128          0.025
 129          0.030
 130          0.048
 131          0.153
 132          0.087
 133          0.089
 134          0.060
 135          0.088
 136          0.066
 137          0.121
 138          0.103
 139          0.056
 140          0.070
 141          0.063
 142          0.070
 143          0.111
 144          0.107
 145          0.093
 146          0.072
 147          0.077
 148          0.077
 149          0.079
 150          0.083
 151          0.139
 152          0.155
 153          0.123
 154          0.115
 155          0.106
 156          0.061
 157          0.082
 158          0.090
 159          0.095
 160          0.112
 161          0.068
 162          0.101
 163          0.048
 164          0.054
 165          0.038
 166          0.097
 167          0.056
 168          0.096
 169          0.091
 170          0.052
 171          0.061
 172          0.075
 173          0.095
 174          0.077
 175          0.044
 176          0.035
 177          0.064
 178          0.029
 179          0.070
 180          0.031
 181          0.047
 182          0.054
 183          0.094
 184          0.049
 185          0.038
 186          0.095
 187          0.107
 188          0.059
 189          0.064
 190          0.070
 191          0.087
 192          0.109
 193          0.072
 194          0.068
 195          0.069
 196          0.037
 197          0.056
 198          0.101
 199          0.133
 200          0.145
 201          0.134
 202          0.098
 203          0.026
 204          0.082
 205          0.083
 206          0.093
 207          0.122
 208          0.133
 209          0.060
 210          0.077
 211          0.088
 212          0.110
 213          0.086
 214          0.042
 215          0.049
 216          0.069
 217          0.101
 218          0.117
 219          0.132
 220          0.123
 221          0.143
 222          0.134
 223          0.125
 224          0.069
 225          0.075
 226          0.073
 227          0.074
 228          0.110
 229          0.233
 230          0.238
 231          0.109
 232          0.098
 233          0.091
 234          0.093
 235          0.090
 236          0.116
 237          0.102
 238          0.109
 239          0.241
 240          0.104
 241          0.121
 242          0.060
 243          0.094
 244          0.113
 245          0.087
 246          0.050
 247          0.071
 248          0.062
 249          0.149
 250          0.136
 251          0.079
 252          0.066
 253          0.038
 254          0.080
 255          0.051
 256          0.044
 257          0.078
 258          0.075
 259          0.077
 260          0.120
 261          0.111
 262          0.068
 263          0.108
 264          0.085
 265          0.093
 266          0.083
 267          0.036
 268          0.026
 269          0.053
 270          0.092
 271          0.219
 272          0.383
 273          0.100
 274          0.061
 275          0.055
 276          0.026
 277          0.067
 278          0.108
 279          0.123
 280          0.149
 281          0.138
 282          0.132
 283          0.089
 284          0.057
 285          0.117
 286          0.122
 287          0.098
 288          0.080
 289          0.041
 290          0.091
 291          0.078
 292          0.079
 293          0.096
 294          0.117
 295          0.221
 296          0.102
 297          0.072
 298          0.077
 299          0.079
 300          0.034
 301          0.073
 302          0.067
 303          0.070
 304          0.099
 305          0.119
 306          0.121
 307          0.058
 308          0.031
 309          0.026
 310          0.057
 311          0.073
 312          0.052
 313          0.143
 314          0.140
 315          0.113
 316          0.081
 317          0.047
 318          0.036
 319          0.077
 320          0.150
 321          0.078
 322          0.065
 323          0.108
 324          0.104
 325          0.090
 326          0.088
 327          0.068
 328          0.065
 329          0.097
 330          0.101
 331          0.065
 332          0.027
 333          0.048
 334          0.045
 335          0.074
 336          0.081
 337          0.134
 338          0.111
 339          0.051
 340          0.018
 341          0.095
 342          0.132
 343          0.080
 344          0.040
 345          0.084
 346          0.041
 347          0.022
 348          0.058
 349          0.061
 350          0.071
 351          0.136
 352          0.077
 353          0.081
 354          0.075
 355          0.045
 356          0.013
 357          0.043
 358          0.047
 359          0.067
 360          0.062
 361          0.066
 362          0.082
 363          0.118
 364          0.121
 365          0.184
 366          0.306
 367          0.293
 368          0.136
 369          0.027
 370          0.075
 371          0.118
 372          0.113
 373          0.070
 374          0.036
 375          0.022
 376          0.011
 377          0.034
 378          0.065
 379          0.055
 380          0.060
 381          0.070
 382          0.038
 383          0.099
 384          0.076
 385          0.100
 386          0.072
 387          0.043
 388          0.013
 389          0.006
 390          0.025
 391          0.032
 392          0.047
 393          0.071
 394          0.117
 395          0.039
 396          0.057
 397          0.072
 398          0.026
 399          0.044
 400          0.067
 401          0.065
 402          0.059
 403          0.086
 404          0.096
 405          0.057
 406          0.052
 407          0.080
 408          0.036
 409          0.046
 410          0.082
 411          0.049
 412          0.103
 413          0.093
 414          0.152
 415          0.172
 416          0.043
 417          0.048
 418          0.046
 419          0.059
 420          0.038
 421          0.041
 422          0.031
 423          0.038
 424          0.010
 425          0.029
 426          0.044
 427          0.047
 428          0.036
 429          0.059
 430          0.060
 431          0.080
 432          0.072
 433          0.057
 434          0.083
 435          0.085
 436          0.072
 437          0.033
 438          0.054
 439          0.046
 440          0.091
 441          0.081
 442          0.080
 443          0.065
 444          0.071
 445          0.072
 446          0.027
 447          0.029
 448          0.019
 449          0.014
 450          0.053
 451          0.079
 452          0.093
 453          0.014
 454          0.046
 455          0.038
 456          0.012
 457          0.027
 458          0.039
 459          0.086
 460          0.154
 461          0.128
 462          0.043
 463          0.085
 464          0.107
 465          0.065
 466          0.050
 467          0.102
 468          0.115
 469          0.114
 470          0.057
 471          0.092
 472          0.087
 473          0.087
 474          0.138
 475          0.200
 476          0.104
 477          0.097
 478          0.112
 479          0.085
 480          0.116
 481          0.140
 482          0.148
 483          0.141
 484          0.050
 485          0.044
 486          0.006
 487          0.079

# Average distance: 0.087 nm
