# Atom index    Distance (nm)
   1          0.518
   2          0.325
   3          0.101
   4          0.132
   5          0.112
   6          0.129
   7          0.061
   8          0.093
   9          0.091
  10          0.072
  11          0.053
  12          0.032
  13          0.063
  14          0.051
  15          0.054
  16          0.063
  17          0.040
  18          0.055
  19          0.085
  20          0.036
  21          0.066
  22          0.236
  23          0.057
  24          0.088
  25          0.087
  26          0.076
  27          0.062
  28          0.029
  29          0.035
  30          0.084
  31          0.085
  32          0.069
  33          0.058
  34          0.072
  35          0.051
  36          0.056
  37          0.057
  38          0.046
  39          0.080
  40          0.065
  41          0.073
  42          0.056
  43          0.130
  44          0.257
  45          0.362
  46          0.684
  47          0.922
  48          1.282
  49          1.091
  50          0.844
  51          0.549
  52          0.417
  53          0.172
  54          0.122
  55          0.089
  56          0.056
  57          0.061
  58          0.102
  59          0.100
  60          0.069
  61          0.084
  62          0.050
  63          0.057
  64          0.043
  65          0.038
  66          0.051
  67          0.030
  68          0.118
  69          0.106
  70          0.135
  71          0.076
  72          0.036
  73          0.052
  74          0.110
  75          0.272
  76          0.150
  77          0.073
  78          0.065
  79          0.097
  80          0.091
  81          0.096
  82          0.062
  83          0.050
  84          0.070
  85          0.063
  86          0.073
  87          0.152
  88          0.174
  89          0.170
  90          0.141
  91          0.131
  92          0.115
  93          0.112
  94          0.110
  95          0.127
  96          0.120
  97          0.115
  98          0.100
  99          0.075
 100          0.113
 101          0.097
 102          0.107
 103          0.138
 104          0.072
 105          0.055
 106          0.063
 107          0.118
 108          0.125
 109          0.081
 110          0.088
 111          0.086
 112          0.100
 113          0.051
 114          0.079
 115          0.070
 116          0.076
 117          0.073
 118          0.040
 119          0.021
 120          0.105
 121          0.131
 122          0.096
 123          0.064
 124          0.085
 125          0.065
 126          0.051
 127          0.097
 128          0.159
 129          0.138
 130          0.149
 131          0.109
 132          0.116
 133          0.042
 134          0.066
 135          0.052
 136          0.060
 137          0.055
 138          0.053
 139          0.092
 140          0.069
 141          0.106
 142          0.142
 143          0.138
 144          0.111
 145          0.071
 146          0.079
 147          0.088
 148          0.075
 149          0.089
 150          0.205
 151          0.271
 152          0.219
 153          0.337
 154          0.183
 155          0.122
 156          0.106
 157          0.080
 158          0.070
 159          0.091
 160          0.124
 161          0.078
 162          0.092
 163          0.086
 164          0.057
 165          0.065
 166          0.092
 167          0.083
 168          0.135
 169          0.135
 170          0.102
 171          0.076
 172          0.113
 173          0.096
 174          0.078
 175          0.097
 176          0.111
 177          0.054
 178          0.048
 179          0.092
 180          0.122
 181          0.118
 182          0.081
 183          0.077
 184          0.071
 185          0.093
 186          0.105
 187          0.077
 188          0.070
 189          0.079
 190          0.036
 191          0.063
 192          0.070
 193          0.077
 194          0.061
 195          0.070
 196          0.072
 197          0.079
 198          0.068
 199          0.288
 200          0.233
 201          0.167
 202          0.089
 203          0.062
 204          0.040
 205          0.052
 206          0.062
 207          0.077
 208          0.100
 209          0.064
 210          0.142
 211          0.154
 212          0.166
 213          0.159
 214          0.155
 215          0.118
 216          0.058
 217          0.083
 218          0.026
 219          0.037
 220          0.065
 221          0.060
 222          0.046
 223          0.050
 224          0.058
 225          0.092
 226          0.152
 227          0.125
 228          0.130
 229          0.086
 230          0.050
 231          0.041
 232          0.106
 233          0.083
 234          0.064
 235          0.031
 236          0.072
 237          0.056
 238          0.186
 239          0.235
 240          0.409
 241          0.302
 242          0.147
 243          0.118
 244          0.113
 245          0.004
 246          0.043
 247          0.087
 248          0.110
 249          0.060
 250          0.112
 251          0.159
 252          0.129
 253          0.099
 254          0.063
 255          0.081
 256          0.054
 257          0.047
 258          0.063
 259          0.072
 260          0.062
 261          0.028
 262          0.051
 263          0.129
 264          0.106
 265          0.087
 266          0.079
 267          0.063
 268          0.088
 269          0.188
 270          0.052
 271          0.221
 272          0.121
 273          0.144
 274          0.119
 275          0.111
 276          0.106
 277          0.076
 278          0.083
 279          0.047
 280          0.166
 281          0.095
 282          0.103
 283          0.073
 284          0.065
 285          0.072
 286          0.044
 287          0.036
 288          0.077
 289          0.089
 290          0.069
 291          0.093
 292          0.064
 293          0.052
 294          0.048
 295          0.103
 296          0.092
 297          0.028
 298          0.053
 299          0.034
 300          0.067
 301          0.079
 302          0.068
 303          0.057
 304          0.100
 305          0.091
 306          0.075
 307          0.036
 308          0.070
 309          0.061
 310          0.095
 311          0.115
 312          0.105
 313          0.109
 314          0.100
 315          0.130
 316          0.108
 317          0.082
 318          0.068
 319          0.082
 320          0.088
 321          0.092
 322          0.113
 323          0.116
 324          0.128
 325          0.126
 326          0.111
 327          0.098
 328          0.067
 329          0.063
 330          0.081
 331          0.044
 332          0.022
 333          0.067
 334          0.068
 335          0.011
 336          0.019
 337          0.051
 338          0.030
 339          0.015
 340          0.013
 341          0.023
 342          0.083
 343          0.093
 344          0.086
 345          0.099
 346          0.067
 347          0.099
 348          0.086
 349          0.081
 350          0.066
 351          0.059
 352          0.070
 353          0.097
 354          0.117
 355          0.091
 356          0.075
 357          0.109
 358          0.072
 359          0.129
 360          0.179
 361          0.146
 362          0.196
 363          0.239
 364          0.291
 365          0.144
 366          0.076
 367          0.044
 368          0.044
 369          0.028
 370          0.009
 371          0.040
 372          0.045
 373          0.066
 374          0.050
 375          0.041
 376          0.077
 377          0.099
 378          0.120
 379          0.104
 380          0.103
 381          0.099
 382          0.095
 383          0.100
 384          0.067
 385          0.073
 386          0.061
 387          0.049
 388          0.059
 389          0.040
 390          0.088
 391          0.060
 392          0.084
 393          0.056
 394          0.100
 395          0.065
 396          0.072
 397          0.076
 398          0.057
 399          0.044
 400          0.054
 401          0.042
 402          0.076
 403          0.061
 404          0.074
 405          0.117
 406          0.098
 407          0.139
 408          0.107
 409          0.138
 410          0.127
 411          0.137
 412          0.209
 413          0.178
 414          0.166
 415          0.108
 416          0.160
 417          0.125
 418          0.139
 419          0.142
 420          0.170
 421          0.130
 422          0.176
 423          0.124
 424          0.157
 425          0.096
 426          0.133
 427          0.118
 428          0.090
 429          0.109
 430          0.074
 431          0.148
 432          0.134
 433          0.117
 434          0.096
 435          0.068
 436          0.064
 437          0.026
 438          0.066
 439          0.100
 440          0.123
 441          0.146
 442          0.137
 443          0.136
 444          0.131
 445          0.087
 446          0.045
 447          0.051
 448          0.047
 449          0.057
 450          0.059
 451          0.056
 452          0.053
 453          0.042
 454          0.042
 455          0.022
 456          0.022
 457          0.042
 458          0.040
 459          0.097
 460          0.148
 461          0.159
 462          0.078
 463          0.059
 464          0.084
 465          0.092
 466          0.113
 467          0.079
 468          0.151
 469          0.169
 470          0.061
 471          0.049
 472          0.070
 473          0.051
 474          0.079
 475          0.066
 476          0.122
 477          0.171
 478          0.099
 479          0.065
 480          0.076
 481          0.037
 482          0.053
 483          0.040
 484          0.047
 485          0.054
 486          0.056
 487          0.063

# Average distance: 0.104 nm
