# Atom index    Distance (nm)
   1          0.094
   2          0.049
   3          0.037
   4          0.071
   5          0.071
   6          0.031
   7          0.046
   8          0.032
   9          0.091
  10          0.062
  11          0.072
  12          0.098
  13          0.110
  14          0.133
  15          0.094
  16          0.135
  17          0.107
  18          0.115
  19          0.095
  20          0.113
  21          0.105
  22          0.146
  23          0.132
  24          0.205
  25          0.105
  26          0.073
  27          0.103
  28          0.120
  29          0.136
  30          0.125
  31          0.116
  32          0.080
  33          0.096
  34          0.074
  35          0.088
  36          0.091
  37          0.062
  38          0.063
  39          0.091
  40          0.075
  41          0.073
  42          0.056
  43          0.069
  44          0.082
  45          0.058
  46          0.056
  47          0.050
  48          0.098
  49          0.186
  50          0.152
  51          0.156
  52          0.250
  53          0.137
  54          0.113
  55          0.125
  56          0.075
  57          0.120
  58          0.062
  59          0.059
  60          0.063
  61          0.059
  62          0.047
  63          0.056
  64          0.059
  65          0.072
  66          0.058
  67          0.164
  68          0.258
  69          0.204
  70          0.094
  71          0.087
  72          0.085
  73          0.041
  74          0.079
  75          0.084
  76          0.091
  77          0.090
  78          0.145
  79          0.122
  80          0.110
  81          0.125
  82          0.090
  83          0.103
  84          0.114
  85          0.122
  86          0.146
  87          0.130
  88          0.138
  89          0.056
  90          0.071
  91          0.106
  92          0.061
  93          0.084
  94          0.103
  95          0.122
  96          0.159
  97          0.147
  98          0.111
  99          0.090
 100          0.050
 101          0.090
 102          0.058
 103          0.120
 104          0.114
 105          0.134
 106          0.126
 107          0.164
 108          0.209
 109          0.212
 110          0.196
 111          0.115
 112          0.141
 113          0.129
 114          0.128
 115          0.141
 116          0.133
 117          0.116
 118          0.127
 119          0.107
 120          0.130
 121          0.126
 122          0.182
 123          0.149
 124          0.098
 125          0.106
 126          0.092
 127          0.079
 128          0.093
 129          0.102
 130          0.097
 131          0.074
 132          0.102
 133          0.042
 134          0.048
 135          0.029
 136          0.039
 137          0.020
 138          0.029
 139          0.031
 140          0.046
 141          0.071
 142          0.052
 143          0.070
 144          0.062
 145          0.031
 146          0.028
 147          0.039
 148          0.051
 149          0.091
 150          0.196
 151          0.298
 152          0.386
 153          0.459
 154          0.199
 155          0.075
 156          0.030
 157          0.041
 158          0.055
 159          0.061
 160          0.063
 161          0.055
 162          0.043
 163          0.064
 164          0.096
 165          0.093
 166          0.085
 167          0.124
 168          0.090
 169          0.045
 170          0.050
 171          0.052
 172          0.070
 173          0.036
 174          0.091
 175          0.098
 176          0.073
 177          0.051
 178          0.087
 179          0.123
 180          0.081
 181          0.082
 182          0.041
 183          0.026
 184          0.058
 185          0.077
 186          0.075
 187          0.050
 188          0.052
 189          0.036
 190          0.039
 191          0.044
 192          0.028
 193          0.043
 194          0.067
 195          0.070
 196          0.025
 197          0.042
 198          0.024
 199          0.021
 200          0.041
 201          0.026
 202          0.068
 203          0.045
 204          0.035
 205          0.023
 206          0.049
 207          0.012
 208          0.067
 209          0.044
 210          0.055
 211          0.024
 212          0.025
 213          0.028
 214          0.041
 215          0.031
 216          0.018
 217          0.031
 218          0.018
 219          0.071
 220          0.089
 221          0.084
 222          0.042
 223          0.039
 224          0.045
 225          0.049
 226          0.076
 227          0.074
 228          0.082
 229          0.082
 230          0.056
 231          0.062
 232          0.072
 233          0.066
 234          0.066
 235          0.074
 236          0.072
 237          0.096
 238          0.098
 239          0.065
 240          0.075
 241          0.126
 242          0.092
 243          0.034
 244          0.062
 245          0.064
 246          0.021
 247          0.050
 248          0.057
 249          0.037
 250          0.036
 251          0.070
 252          0.061
 253          0.027
 254          0.070
 255          0.061
 256          0.062
 257          0.067
 258          0.066
 259          0.087
 260          0.096
 261          0.153
 262          0.283
 263          0.297
 264          0.234
 265          0.144
 266          0.084
 267          0.069
 268          0.061
 269          0.055
 270          0.150
 271          0.151
 272          0.137
 273          0.147
 274          0.101
 275          0.075
 276          0.084
 277          0.080
 278          0.094
 279          0.109
 280          0.159
 281          0.205
 282          0.182
 283          0.144
 284          0.113
 285          0.078
 286          0.071
 287          0.053
 288          0.065
 289          0.078
 290          0.110
 291          0.131
 292          0.159
 293          0.171
 294          0.150
 295          0.236
 296          0.209
 297          0.173
 298          0.134
 299          0.135
 300          0.108
 301          0.083
 302          0.083
 303          0.106
 304          0.119
 305          0.141
 306          0.162
 307          0.151
 308          0.137
 309          0.108
 310          0.100
 311          0.112
 312          0.152
 313          0.159
 314          0.237
 315          0.096
 316          0.136
 317          0.112
 318          0.094
 319          0.100
 320          0.127
 321          0.139
 322          0.151
 323          0.180
 324          0.227
 325          0.218
 326          0.216
 327          0.176
 328          0.142
 329          0.144
 330          0.130
 331          0.143
 332          0.117
 333          0.151
 334          0.145
 335          0.155
 336          0.126
 337          0.105
 338          0.117
 339          0.117
 340          0.141
 341          0.085
 342          0.129
 343          0.128
 344          0.145
 345          0.141
 346          0.177
 347          0.144
 348          0.103
 349          0.077
 350          0.093
 351          0.048
 352          0.088
 353          0.082
 354          0.112
 355          0.043
 356          0.036
 357          0.067
 358          0.067
 359          0.087
 360          0.087
 361          0.161
 362          0.180
 363          0.153
 364          0.128
 365          0.207
 366          0.204
 367          0.197
 368          0.122
 369          0.119
 370          0.111
 371          0.092
 372          0.110
 373          0.064
 374          0.050
 375          0.025
 376          0.029
 377          0.058
 378          0.061
 379          0.054
 380          0.044
 381          0.068
 382          0.075
 383          0.084
 384          0.157
 385          0.168
 386          0.192
 387          0.196
 388          0.152
 389          0.156
 390          0.127
 391          0.158
 392          0.145
 393          0.199
 394          0.275
 395          0.184
 396          0.159
 397          0.139
 398          0.119
 399          0.148
 400          0.134
 401          0.190
 402          0.113
 403          0.081
 404          0.115
 405          0.156
 406          0.179
 407          0.170
 408          0.111
 409          0.085
 410          0.084
 411          0.065
 412          0.072
 413          0.109
 414          0.052
 415          0.048
 416          0.066
 417          0.062
 418          0.070
 419          0.072
 420          0.092
 421          0.078
 422          0.021
 423          0.134
 424          0.100
 425          0.161
 426          0.121
 427          0.073
 428          0.051
 429          0.052
 430          0.121
 431          0.094
 432          0.102
 433          0.098
 434          0.074
 435          0.085
 436          0.115
 437          0.145
 438          0.190
 439          0.171
 440          0.159
 441          0.137
 442          0.098
 443          0.100
 444          0.099
 445          0.054
 446          0.053
 447          0.045
 448          0.066
 449          0.060
 450          0.086
 451          0.106
 452          0.119
 453          0.083
 454          0.081
 455          0.057
 456          0.035
 457          0.056
 458          0.026
 459          0.036
 460          0.086
 461          0.068
 462          0.062
 463          0.037
 464          0.039
 465          0.060
 466          0.081
 467          0.160
 468          0.129
 469          0.113
 470          0.148
 471          0.111
 472          0.077
 473          0.080
 474          0.036
 475          0.046
 476          0.056
 477          0.061
 478          0.075
 479          0.054
 480          0.047
 481          0.174
 482          0.190
 483          0.080
 484          0.074
 485          0.078
 486          0.049
 487          0.082

# Average distance: 0.099 nm
