# Atom index    Distance (nm)
   1          0.415
   2          0.149
   3          0.134
   4          0.128
   5          0.120
   6          0.114
   7          0.075
   8          0.047
   9          0.042
  10          0.032
  11          0.033
  12          0.067
  13          0.145
  14          0.143
  15          0.120
  16          0.053
  17          0.046
  18          0.040
  19          0.051
  20          0.131
  21          0.082
  22          0.206
  23          0.240
  24          0.246
  25          0.197
  26          0.140
  27          0.112
  28          0.116
  29          0.108
  30          0.096
  31          0.099
  32          0.220
  33          0.263
  34          0.191
  35          0.224
  36          0.193
  37          0.158
  38          0.100
  39          0.118
  40          0.087
  41          0.078
  42          0.162
  43          0.176
  44          0.122
  45          0.241
  46          0.471
  47          0.620
  48          0.873
  49          1.177
  50          0.726
  51          0.631
  52          0.395
  53          0.172
  54          0.049
  55          0.102
  56          0.092
  57          0.088
  58          0.120
  59          0.173
  60          0.184
  61          0.118
  62          0.114
  63          0.128
  64          0.145
  65          0.165
  66          0.189
  67          0.248
  68          0.308
  69          0.320
  70          0.207
  71          0.138
  72          0.113
  73          0.120
  74          0.133
  75          0.163
  76          0.113
  77          0.074
  78          0.202
  79          0.221
  80          0.195
  81          0.193
  82          0.213
  83          0.157
  84          0.150
  85          0.071
  86          0.045
  87          0.029
  88          0.059
  89          0.057
  90          0.088
  91          0.123
  92          0.189
  93          0.161
  94          0.055
  95          0.061
  96          0.027
  97          0.027
  98          0.089
  99          0.139
 100          0.207
 101          0.248
 102          0.175
 103          0.111
 104          0.096
 105          0.082
 106          0.042
 107          0.051
 108          0.117
 109          0.136
 110          0.146
 111          0.106
 112          0.040
 113          0.031
 114          0.029
 115          0.079
 116          0.126
 117          0.116
 118          0.116
 119          0.103
 120          0.097
 121          0.069
 122          0.069
 123          0.073
 124          0.098
 125          0.104
 126          0.055
 127          0.016
 128          0.110
 129          0.068
 130          0.095
 131          0.097
 132          0.074
 133          0.059
 134          0.074
 135          0.046
 136          0.060
 137          0.044
 138          0.068
 139          0.089
 140          0.114
 141          0.143
 142          0.200
 143          0.210
 144          0.181
 145          0.152
 146          0.106
 147          0.136
 148          0.128
 149          0.135
 150          0.246
 151          0.323
 152          0.338
 153          0.295
 154          0.114
 155          0.151
 156          0.124
 157          0.113
 158          0.117
 159          0.117
 160          0.141
 161          0.116
 162          0.093
 163          0.104
 164          0.060
 165          0.047
 166          0.041
 167          0.064
 168          0.066
 169          0.072
 170          0.040
 171          0.056
 172          0.046
 173          0.051
 174          0.052
 175          0.046
 176          0.089
 177          0.095
 178          0.092
 179          0.088
 180          0.066
 181          0.046
 182          0.069
 183          0.069
 184          0.090
 185          0.095
 186          0.097
 187          0.093
 188          0.063
 189          0.083
 190          0.041
 191          0.029
 192          0.011
 193          0.059
 194          0.048
 195          0.046
 196          0.045
 197          0.023
 198          0.074
 199          0.112
 200          0.068
 201          0.059
 202          0.032
 203          0.020
 204          0.040
 205          0.032
 206          0.049
 207          0.047
 208          0.028
 209          0.103
 210          0.114
 211          0.098
 212          0.134
 213          0.073
 214          0.075
 215          0.079
 216          0.100
 217          0.068
 218          0.016
 219          0.019
 220          0.086
 221          0.051
 222          0.083
 223          0.096
 224          0.070
 225          0.065
 226          0.097
 227          0.149
 228          0.242
 229          0.166
 230          0.083
 231          0.088
 232          0.102
 233          0.063
 234          0.090
 235          0.139
 236          0.095
 237          0.198
 238          0.159
 239          0.153
 240          0.294
 241          0.324
 242          0.258
 243          0.219
 244          0.138
 245          0.145
 246          0.125
 247          0.054
 248          0.086
 249          0.106
 250          0.062
 251          0.050
 252          0.048
 253          0.059
 254          0.055
 255          0.085
 256          0.042
 257          0.039
 258          0.035
 259          0.038
 260          0.057
 261          0.078
 262          0.116
 263          0.069
 264          0.102
 265          0.052
 266          0.050
 267          0.075
 268          0.112
 269          0.210
 270          0.241
 271          0.283
 272          0.281
 273          0.199
 274          0.135
 275          0.124
 276          0.108
 277          0.093
 278          0.067
 279          0.069
 280          0.092
 281          0.103
 282          0.093
 283          0.072
 284          0.106
 285          0.117
 286          0.093
 287          0.072
 288          0.084
 289          0.081
 290          0.112
 291          0.105
 292          0.125
 293          0.202
 294          0.201
 295          0.277
 296          0.271
 297          0.178
 298          0.212
 299          0.145
 300          0.147
 301          0.087
 302          0.149
 303          0.122
 304          0.103
 305          0.103
 306          0.126
 307          0.114
 308          0.084
 309          0.091
 310          0.105
 311          0.132
 312          0.146
 313          0.171
 314          0.171
 315          0.129
 316          0.138
 317          0.097
 318          0.094
 319          0.100
 320          0.061
 321          0.084
 322          0.100
 323          0.097
 324          0.066
 325          0.092
 326          0.122
 327          0.115
 328          0.091
 329          0.109
 330          0.135
 331          0.212
 332          0.207
 333          0.250
 334          0.144
 335          0.149
 336          0.129
 337          0.117
 338          0.100
 339          0.120
 340          0.175
 341          0.153
 342          0.178
 343          0.172
 344          0.196
 345          0.225
 346          0.221
 347          0.197
 348          0.170
 349          0.203
 350          0.189
 351          0.153
 352          0.164
 353          0.158
 354          0.111
 355          0.104
 356          0.106
 357          0.123
 358          0.179
 359          0.166
 360          0.178
 361          0.213
 362          0.202
 363          0.182
 364          0.165
 365          0.154
 366          0.209
 367          0.191
 368          0.134
 369          0.153
 370          0.120
 371          0.025
 372          0.021
 373          0.025
 374          0.025
 375          0.031
 376          0.031
 377          0.034
 378          0.045
 379          0.089
 380          0.064
 381          0.062
 382          0.042
 383          0.062
 384          0.099
 385          0.160
 386          0.145
 387          0.116
 388          0.086
 389          0.096
 390          0.094
 391          0.104
 392          0.064
 393          0.159
 394          0.083
 395          0.092
 396          0.125
 397          0.130
 398          0.108
 399          0.112
 400          0.162
 401          0.149
 402          0.183
 403          0.219
 404          0.085
 405          0.032
 406          0.040
 407          0.046
 408          0.112
 409          0.100
 410          0.061
 411          0.108
 412          0.161
 413          0.188
 414          0.138
 415          0.105
 416          0.105
 417          0.052
 418          0.067
 419          0.158
 420          0.169
 421          0.177
 422          0.264
 423          0.239
 424          0.130
 425          0.158
 426          0.073
 427          0.069
 428          0.103
 429          0.098
 430          0.264
 431          0.260
 432          0.188
 433          0.075
 434          0.083
 435          0.072
 436          0.067
 437          0.071
 438          0.075
 439          0.036
 440          0.069
 441          0.101
 442          0.048
 443          0.036
 444          0.054
 445          0.081
 446          0.021
 447          0.057
 448          0.111
 449          0.107
 450          0.080
 451          0.101
 452          0.089
 453          0.078
 454          0.097
 455          0.097
 456          0.112
 457          0.083
 458          0.091
 459          0.029
 460          0.046
 461          0.090
 462          0.053
 463          0.073
 464          0.095
 465          0.136
 466          0.104
 467          0.110
 468          0.084
 469          0.387
 470          0.220
 471          0.147
 472          0.100
 473          0.053
 474          0.041
 475          0.108
 476          0.128
 477          0.130
 478          0.134
 479          0.139
 480          0.163
 481          0.185
 482          0.149
 483          0.128
 484          0.098
 485          0.093
 486          0.056
 487          0.066

# Average distance: 0.124 nm
