# Atom index    Distance (nm)
   1          0.055
   2          0.073
   3          0.161
   4          0.061
   5          0.034
   6          0.047
   7          0.050
   8          0.042
   9          0.055
  10          0.118
  11          0.115
  12          0.156
  13          0.175
  14          0.186
  15          0.119
  16          0.080
  17          0.106
  18          0.085
  19          0.091
  20          0.124
  21          0.079
  22          0.131
  23          0.144
  24          0.070
  25          0.107
  26          0.118
  27          0.114
  28          0.101
  29          0.058
  30          0.149
  31          0.134
  32          0.294
  33          0.314
  34          0.258
  35          0.338
  36          0.360
  37          0.202
  38          0.159
  39          0.159
  40          0.113
  41          0.121
  42          0.144
  43          0.153
  44          0.141
  45          0.206
  46          0.396
  47          0.393
  48          0.551
  49          0.583
  50          0.536
  51          0.219
  52          0.226
  53          0.115
  54          0.113
  55          0.097
  56          0.090
  57          0.101
  58          0.119
  59          0.154
  60          0.138
  61          0.138
  62          0.090
  63          0.078
  64          0.040
  65          0.024
  66          0.064
  67          0.083
  68          0.110
  69          0.094
  70          0.140
  71          0.084
  72          0.060
  73          0.034
  74          0.062
  75          0.065
  76          0.058
  77          0.058
  78          0.050
  79          0.194
  80          0.181
  81          0.106
  82          0.110
  83          0.103
  84          0.084
  85          0.105
  86          0.154
  87          0.107
  88          0.094
  89          0.091
  90          0.070
  91          0.086
  92          0.086
  93          0.078
  94          0.070
  95          0.101
  96          0.090
  97          0.119
  98          0.129
  99          0.124
 100          0.128
 101          0.146
 102          0.148
 103          0.181
 104          0.149
 105          0.152
 106          0.084
 107          0.117
 108          0.081
 109          0.091
 110          0.146
 111          0.150
 112          0.111
 113          0.126
 114          0.121
 115          0.124
 116          0.142
 117          0.207
 118          0.256
 119          0.294
 120          0.142
 121          0.147
 122          0.136
 123          0.129
 124          0.123
 125          0.056
 126          0.046
 127          0.061
 128          0.075
 129          0.052
 130          0.031
 131          0.044
 132          0.068
 133          0.050
 134          0.085
 135          0.050
 136          0.023
 137          0.024
 138          0.024
 139          0.051
 140          0.047
 141          0.050
 142          0.098
 143          0.097
 144          0.056
 145          0.061
 146          0.010
 147          0.020
 148          0.027
 149          0.062
 150          0.140
 151          0.180
 152          0.207
 153          0.214
 154          0.174
 155          0.082
 156          0.092
 157          0.046
 158          0.015
 159          0.015
 160          0.040
 161          0.031
 162          0.003
 163          0.053
 164          0.023
 165          0.067
 166          0.120
 167          0.059
 168          0.070
 169          0.054
 170          0.043
 171          0.038
 172          0.031
 173          0.041
 174          0.019
 175          0.033
 176          0.050
 177          0.059
 178          0.067
 179          0.068
 180          0.020
 181          0.036
 182          0.034
 183          0.009
 184          0.076
 185          0.128
 186          0.088
 187          0.057
 188          0.045
 189          0.032
 190          0.071
 191          0.064
 192          0.090
 193          0.075
 194          0.100
 195          0.093
 196          0.071
 197          0.044
 198          0.136
 199          0.181
 200          0.104
 201          0.150
 202          0.177
 203          0.210
 204          0.135
 205          0.143
 206          0.113
 207          0.159
 208          0.188
 209          0.072
 210          0.076
 211          0.072
 212          0.071
 213          0.062
 214          0.024
 215          0.042
 216          0.110
 217          0.109
 218          0.074
 219          0.097
 220          0.097
 221          0.136
 222          0.133
 223          0.059
 224          0.047
 225          0.075
 226          0.076
 227          0.080
 228          0.070
 229          0.081
 230          0.095
 231          0.027
 232          0.036
 233          0.131
 234          0.071
 235          0.100
 236          0.088
 237          0.239
 238          0.328
 239          0.279
 240          0.162
 241          0.239
 242          0.163
 243          0.115
 244          0.067
 245          0.045
 246          0.045
 247          0.087
 248          0.039
 249          0.029
 250          0.030
 251          0.022
 252          0.062
 253          0.068
 254          0.109
 255          0.121
 256          0.134
 257          0.103
 258          0.082
 259          0.078
 260          0.079
 261          0.059
 262          0.024
 263          0.095
 264          0.094
 265          0.077
 266          0.072
 267          0.078
 268          0.095
 269          0.102
 270          0.119
 271          0.279
 272          0.460
 273          0.055
 274          0.100
 275          0.095
 276          0.087
 277          0.091
 278          0.114
 279          0.127
 280          0.147
 281          0.116
 282          0.095
 283          0.110
 284          0.093
 285          0.088
 286          0.093
 287          0.094
 288          0.064
 289          0.097
 290          0.099
 291          0.098
 292          0.097
 293          0.098
 294          0.101
 295          0.096
 296          0.064
 297          0.056
 298          0.084
 299          0.078
 300          0.139
 301          0.120
 302          0.078
 303          0.045
 304          0.065
 305          0.081
 306          0.071
 307          0.079
 308          0.165
 309          0.127
 310          0.067
 311          0.080
 312          0.119
 313          0.140
 314          0.160
 315          0.104
 316          0.068
 317          0.060
 318          0.044
 319          0.059
 320          0.089
 321          0.120
 322          0.201
 323          0.316
 324          0.190
 325          0.204
 326          0.257
 327          0.158
 328          0.119
 329          0.083
 330          0.078
 331          0.077
 332          0.036
 333          0.047
 334          0.112
 335          0.063
 336          0.062
 337          0.158
 338          0.049
 339          0.027
 340          0.042
 341          0.066
 342          0.067
 343          0.113
 344          0.153
 345          0.134
 346          0.087
 347          0.086
 348          0.080
 349          0.074
 350          0.073
 351          0.067
 352          0.056
 353          0.039
 354          0.114
 355          0.079
 356          0.090
 357          0.043
 358          0.066
 359          0.137
 360          0.123
 361          0.125
 362          0.169
 363          0.174
 364          0.175
 365          0.219
 366          0.188
 367          0.122
 368          0.115
 369          0.054
 370          0.044
 371          0.063
 372          0.081
 373          0.114
 374          0.129
 375          0.127
 376          0.089
 377          0.085
 378          0.090
 379          0.071
 380          0.032
 381          0.032
 382          0.017
 383          0.042
 384          0.095
 385          0.124
 386          0.156
 387          0.121
 388          0.098
 389          0.100
 390          0.123
 391          0.137
 392          0.197
 393          0.182
 394          0.218
 395          0.098
 396          0.143
 397          0.134
 398          0.102
 399          0.119
 400          0.124
 401          0.138
 402          0.132
 403          0.184
 404          0.129
 405          0.083
 406          0.076
 407          0.077
 408          0.082
 409          0.077
 410          0.055
 411          0.066
 412          0.068
 413          0.128
 414          0.101
 415          0.102
 416          0.061
 417          0.111
 418          0.068
 419          0.064
 420          0.138
 421          0.125
 422          0.153
 423          0.115
 424          0.139
 425          0.132
 426          0.081
 427          0.071
 428          0.085
 429          0.101
 430          0.328
 431          0.189
 432          0.153
 433          0.078
 434          0.107
 435          0.111
 436          0.145
 437          0.094
 438          0.125
 439          0.132
 440          0.156
 441          0.180
 442          0.076
 443          0.032
 444          0.076
 445          0.087
 446          0.069
 447          0.087
 448          0.102
 449          0.128
 450          0.098
 451          0.067
 452          0.063
 453          0.025
 454          0.038
 455          0.036
 456          0.089
 457          0.059
 458          0.090
 459          0.105
 460          0.199
 461          0.084
 462          0.111
 463          0.097
 464          0.056
 465          0.098
 466          0.152
 467          0.147
 468          0.137
 469          0.107
 470          0.104
 471          0.081
 472          0.080
 473          0.067
 474          0.069
 475          0.098
 476          0.123
 477          0.151
 478          0.093
 479          0.115
 480          0.082
 481          0.070
 482          0.107
 483          0.109
 484          0.064
 485          0.026
 486          0.024
 487          0.051

# Average distance: 0.107 nm
