# Atom index    Distance (nm)
   1          0.439
   2          0.280
   3          0.344
   4          0.150
   5          0.069
   6          0.086
   7          0.093
   8          0.077
   9          0.101
  10          0.053
  11          0.072
  12          0.087
  13          0.202
  14          0.199
  15          0.095
  16          0.056
  17          0.052
  18          0.082
  19          0.115
  20          0.147
  21          0.335
  22          0.516
  23          0.396
  24          0.203
  25          0.152
  26          0.204
  27          0.174
  28          0.120
  29          0.070
  30          0.093
  31          0.073
  32          0.052
  33          0.161
  34          0.144
  35          0.145
  36          0.193
  37          0.219
  38          0.114
  39          0.081
  40          0.072
  41          0.116
  42          0.124
  43          0.199
  44          0.232
  45          0.238
  46          0.294
  47          0.159
  48          0.224
  49          0.197
  50          0.192
  51          0.112
  52          0.138
  53          0.146
  54          0.141
  55          0.202
  56          0.185
  57          0.123
  58          0.108
  59          0.179
  60          0.088
  61          0.149
  62          0.163
  63          0.191
  64          0.165
  65          0.215
  66          0.203
  67          0.236
  68          0.224
  69          0.234
  70          0.278
  71          0.242
  72          0.201
  73          0.219
  74          0.182
  75          0.217
  76          0.255
  77          0.283
  78          0.228
  79          0.277
  80          0.264
  81          0.286
  82          0.237
  83          0.190
  84          0.154
  85          0.121
  86          0.162
  87          0.163
  88          0.122
  89          0.089
  90          0.095
  91          0.080
  92          0.091
  93          0.126
  94          0.083
  95          0.076
  96          0.078
  97          0.099
  98          0.118
  99          0.154
 100          0.196
 101          0.184
 102          0.171
 103          0.141
 104          0.134
 105          0.169
 106          0.160
 107          0.115
 108          0.247
 109          0.250
 110          0.218
 111          0.302
 112          0.253
 113          0.227
 114          0.215
 115          0.190
 116          0.204
 117          0.211
 118          0.193
 119          0.151
 120          0.117
 121          0.157
 122          0.124
 123          0.156
 124          0.098
 125          0.083
 126          0.075
 127          0.073
 128          0.029
 129          0.078
 130          0.076
 131          0.040
 132          0.028
 133          0.042
 134          0.079
 135          0.056
 136          0.064
 137          0.052
 138          0.089
 139          0.095
 140          0.130
 141          0.147
 142          0.167
 143          0.164
 144          0.119
 145          0.075
 146          0.064
 147          0.132
 148          0.093
 149          0.037
 150          0.015
 151          0.070
 152          0.110
 153          0.122
 154          0.109
 155          0.115
 156          0.088
 157          0.076
 158          0.050
 159          0.077
 160          0.090
 161          0.050
 162          0.095
 163          0.105
 164          0.099
 165          0.089
 166          0.094
 167          0.067
 168          0.074
 169          0.084
 170          0.048
 171          0.085
 172          0.049
 173          0.075
 174          0.087
 175          0.101
 176          0.114
 177          0.162
 178          0.117
 179          0.154
 180          0.135
 181          0.135
 182          0.144
 183          0.082
 184          0.050
 185          0.122
 186          0.143
 187          0.114
 188          0.105
 189          0.120
 190          0.115
 191          0.175
 192          0.177
 193          0.109
 194          0.068
 195          0.102
 196          0.101
 197          0.149
 198          0.173
 199          0.202
 200          0.194
 201          0.244
 202          0.268
 203          0.216
 204          0.164
 205          0.164
 206          0.172
 207          0.166
 208          0.077
 209          0.066
 210          0.087
 211          0.100
 212          0.155
 213          0.153
 214          0.081
 215          0.028
 216          0.066
 217          0.092
 218          0.157
 219          0.221
 220          0.328
 221          0.342
 222          0.359
 223          0.263
 224          0.147
 225          0.122
 226          0.126
 227          0.144
 228          0.151
 229          0.187
 230          0.182
 231          0.138
 232          0.118
 233          0.120
 234          0.089
 235          0.109
 236          0.147
 237          0.090
 238          0.096
 239          0.146
 240          0.176
 241          0.102
 242          0.089
 243          0.140
 244          0.140
 245          0.157
 246          0.116
 247          0.099
 248          0.049
 249          0.037
 250          0.042
 251          0.051
 252          0.056
 253          0.057
 254          0.117
 255          0.080
 256          0.076
 257          0.063
 258          0.089
 259          0.054
 260          0.083
 261          0.070
 262          0.142
 263          0.260
 264          0.211
 265          0.195
 266          0.151
 267          0.136
 268          0.191
 269          0.207
 270          0.121
 271          0.432
 272          0.151
 273          0.110
 274          0.139
 275          0.149
 276          0.146
 277          0.149
 278          0.161
 279          0.178
 280          0.122
 281          0.096
 282          0.090
 283          0.096
 284          0.103
 285          0.153
 286          0.143
 287          0.117
 288          0.131
 289          0.147
 290          0.131
 291          0.165
 292          0.149
 293          0.194
 294          0.178
 295          0.437
 296          0.330
 297          0.161
 298          0.107
 299          0.089
 300          0.107
 301          0.096
 302          0.127
 303          0.105
 304          0.192
 305          0.168
 306          0.173
 307          0.125
 308          0.180
 309          0.140
 310          0.156
 311          0.148
 312          0.144
 313          0.090
 314          0.147
 315          0.084
 316          0.107
 317          0.143
 318          0.149
 319          0.096
 320          0.138
 321          0.141
 322          0.177
 323          0.160
 324          0.138
 325          0.153
 326          0.196
 327          0.205
 328          0.172
 329          0.175
 330          0.175
 331          0.091
 332          0.066
 333          0.029
 334          0.052
 335          0.130
 336          0.107
 337          0.133
 338          0.098
 339          0.056
 340          0.034
 341          0.109
 342          0.078
 343          0.097
 344          0.138
 345          0.125
 346          0.123
 347          0.112
 348          0.113
 349          0.108
 350          0.100
 351          0.136
 352          0.131
 353          0.216
 354          0.211
 355          0.171
 356          0.137
 357          0.143
 358          0.092
 359          0.127
 360          0.124
 361          0.117
 362          0.064
 363          0.056
 364          0.069
 365          0.137
 366          0.276
 367          0.231
 368          0.115
 369          0.136
 370          0.078
 371          0.090
 372          0.068
 373          0.056
 374          0.041
 375          0.031
 376          0.057
 377          0.036
 378          0.023
 379          0.059
 380          0.020
 381          0.041
 382          0.058
 383          0.074
 384          0.073
 385          0.060
 386          0.113
 387          0.098
 388          0.106
 389          0.104
 390          0.132
 391          0.117
 392          0.093
 393          0.329
 394          0.425
 395          0.164
 396          0.138
 397          0.096
 398          0.097
 399          0.077
 400          0.104
 401          0.087
 402          0.081
 403          0.077
 404          0.050
 405          0.072
 406          0.079
 407          0.048
 408          0.017
 409          0.047
 410          0.071
 411          0.121
 412          0.138
 413          0.090
 414          0.095
 415          0.072
 416          0.064
 417          0.110
 418          0.104
 419          0.112
 420          0.096
 421          0.167
 422          0.272
 423          0.320
 424          0.200
 425          0.131
 426          0.112
 427          0.110
 428          0.099
 429          0.117
 430          0.239
 431          0.287
 432          0.297
 433          0.190
 434          0.171
 435          0.135
 436          0.113
 437          0.131
 438          0.088
 439          0.081
 440          0.040
 441          0.102
 442          0.115
 443          0.128
 444          0.083
 445          0.125
 446          0.147
 447          0.090
 448          0.089
 449          0.092
 450          0.089
 451          0.077
 452          0.149
 453          0.088
 454          0.054
 455          0.058
 456          0.093
 457          0.102
 458          0.112
 459          0.132
 460          0.155
 461          0.194
 462          0.140
 463          0.115
 464          0.133
 465          0.139
 466          0.200
 467          0.228
 468          0.145
 469          0.142
 470          0.161
 471          0.156
 472          0.130
 473          0.164
 474          0.193
 475          0.214
 476          0.189
 477          0.145
 478          0.156
 479          0.159
 480          0.220
 481          0.224
 482          0.210
 483          0.138
 484          0.101
 485          0.042
 486          0.026
 487          0.031

# Average distance: 0.136 nm
