# Atom index    Distance (nm)
   1          0.215
   2          0.119
   3          0.096
   4          0.050
   5          0.082
   6          0.077
   7          0.042
   8          0.052
   9          0.069
  10          0.083
  11          0.076
  12          0.091
  13          0.138
  14          0.147
  15          0.109
  16          0.083
  17          0.075
  18          0.050
  19          0.089
  20          0.064
  21          0.074
  22          0.138
  23          0.182
  24          0.141
  25          0.081
  26          0.064
  27          0.073
  28          0.070
  29          0.048
  30          0.094
  31          0.093
  32          0.114
  33          0.091
  34          0.097
  35          0.086
  36          0.109
  37          0.065
  38          0.072
  39          0.058
  40          0.034
  41          0.070
  42          0.127
  43          0.046
  44          0.077
  45          0.171
  46          0.171
  47          0.082
  48          0.168
  49          0.126
  50          0.107
  51          0.063
  52          0.060
  53          0.045
  54          0.060
  55          0.037
  56          0.033
  57          0.042
  58          0.058
  59          0.045
  60          0.046
  61          0.061
  62          0.030
  63          0.018
  64          0.038
  65          0.056
  66          0.068
  67          0.075
  68          0.156
  69          0.171
  70          0.134
  71          0.057
  72          0.044
  73          0.027
  74          0.022
  75          0.036
  76          0.058
  77          0.070
  78          0.045
  79          0.063
  80          0.103
  81          0.038
  82          0.031
  83          0.036
  84          0.027
  85          0.039
  86          0.059
  87          0.045
  88          0.102
  89          0.114
  90          0.130
  91          0.142
  92          0.148
  93          0.132
  94          0.099
  95          0.089
  96          0.068
  97          0.036
  98          0.053
  99          0.067
 100          0.076
 101          0.058
 102          0.069
 103          0.090
 104          0.062
 105          0.083
 106          0.092
 107          0.109
 108          0.087
 109          0.103
 110          0.114
 111          0.071
 112          0.089
 113          0.091
 114          0.088
 115          0.114
 116          0.087
 117          0.065
 118          0.022
 119          0.058
 120          0.056
 121          0.085
 122          0.069
 123          0.076
 124          0.086
 125          0.119
 126          0.074
 127          0.064
 128          0.022
 129          0.033
 130          0.084
 131          0.103
 132          0.118
 133          0.087
 134          0.094
 135          0.079
 136          0.069
 137          0.074
 138          0.069
 139          0.095
 140          0.091
 141          0.088
 142          0.088
 143          0.095
 144          0.113
 145          0.079
 146          0.053
 147          0.017
 148          0.041
 149          0.052
 150          0.099
 151          0.140
 152          0.189
 153          0.169
 154          0.110
 155          0.056
 156          0.050
 157          0.055
 158          0.073
 159          0.057
 160          0.028
 161          0.073
 162          0.063
 163          0.063
 164          0.079
 165          0.082
 166          0.055
 167          0.069
 168          0.055
 169          0.084
 170          0.069
 171          0.076
 172          0.055
 173          0.063
 174          0.040
 175          0.110
 176          0.097
 177          0.097
 178          0.069
 179          0.042
 180          0.016
 181          0.059
 182          0.062
 183          0.070
 184          0.032
 185          0.063
 186          0.019
 187          0.067
 188          0.061
 189          0.051
 190          0.051
 191          0.043
 192          0.049
 193          0.050
 194          0.036
 195          0.068
 196          0.065
 197          0.076
 198          0.087
 199          0.079
 200          0.045
 201          0.158
 202          0.138
 203          0.076
 204          0.022
 205          0.057
 206          0.046
 207          0.035
 208          0.041
 209          0.055
 210          0.081
 211          0.066
 212          0.060
 213          0.047
 214          0.045
 215          0.071
 216          0.074
 217          0.073
 218          0.077
 219          0.064
 220          0.092
 221          0.068
 222          0.043
 223          0.070
 224          0.027
 225          0.063
 226          0.076
 227          0.048
 228          0.060
 229          0.074
 230          0.104
 231          0.070
 232          0.062
 233          0.063
 234          0.063
 235          0.043
 236          0.035
 237          0.238
 238          0.285
 239          0.102
 240          0.120
 241          0.050
 242          0.057
 243          0.076
 244          0.179
 245          0.123
 246          0.074
 247          0.084
 248          0.074
 249          0.077
 250          0.099
 251          0.058
 252          0.083
 253          0.054
 254          0.101
 255          0.071
 256          0.041
 257          0.026
 258          0.031
 259          0.063
 260          0.045
 261          0.109
 262          0.148
 263          0.074
 264          0.067
 265          0.073
 266          0.049
 267          0.054
 268          0.043
 269          0.050
 270          0.047
 271          0.067
 272          0.068
 273          0.069
 274          0.043
 275          0.049
 276          0.047
 277          0.051
 278          0.106
 279          0.094
 280          0.062
 281          0.087
 282          0.107
 283          0.067
 284          0.049
 285          0.030
 286          0.044
 287          0.040
 288          0.017
 289          0.045
 290          0.021
 291          0.066
 292          0.088
 293          0.125
 294          0.137
 295          0.231
 296          0.296
 297          0.232
 298          0.157
 299          0.106
 300          0.032
 301          0.040
 302          0.039
 303          0.060
 304          0.058
 305          0.071
 306          0.064
 307          0.037
 308          0.048
 309          0.018
 310          0.029
 311          0.030
 312          0.027
 313          0.073
 314          0.119
 315          0.068
 316          0.039
 317          0.010
 318          0.027
 319          0.042
 320          0.038
 321          0.039
 322          0.105
 323          0.118
 324          0.088
 325          0.130
 326          0.132
 327          0.091
 328          0.044
 329          0.066
 330          0.065
 331          0.073
 332          0.092
 333          0.092
 334          0.081
 335          0.074
 336          0.103
 337          0.085
 338          0.057
 339          0.038
 340          0.073
 341          0.065
 342          0.071
 343          0.045
 344          0.038
 345          0.054
 346          0.065
 347          0.040
 348          0.028
 349          0.025
 350          0.041
 351          0.056
 352          0.055
 353          0.177
 354          0.155
 355          0.074
 356          0.048
 357          0.045
 358          0.035
 359          0.032
 360          0.068
 361          0.086
 362          0.130
 363          0.138
 364          0.132
 365          0.131
 366          0.148
 367          0.069
 368          0.044
 369          0.050
 370          0.057
 371          0.058
 372          0.050
 373          0.040
 374          0.045
 375          0.053
 376          0.049
 377          0.044
 378          0.043
 379          0.058
 380          0.062
 381          0.111
 382          0.070
 383          0.103
 384          0.072
 385          0.100
 386          0.147
 387          0.154
 388          0.071
 389          0.066
 390          0.076
 391          0.079
 392          0.130
 393          0.113
 394          0.202
 395          0.127
 396          0.114
 397          0.113
 398          0.078
 399          0.100
 400          0.105
 401          0.135
 402          0.166
 403          0.161
 404          0.237
 405          0.096
 406          0.077
 407          0.083
 408          0.058
 409          0.050
 410          0.071
 411          0.067
 412          0.024
 413          0.021
 414          0.066
 415          0.029
 416          0.065
 417          0.074
 418          0.089
 419          0.048
 420          0.056
 421          0.058
 422          0.016
 423          0.115
 424          0.062
 425          0.062
 426          0.055
 427          0.089
 428          0.085
 429          0.107
 430          0.056
 431          0.172
 432          0.149
 433          0.094
 434          0.062
 435          0.056
 436          0.083
 437          0.116
 438          0.155
 439          0.151
 440          0.068
 441          0.129
 442          0.074
 443          0.142
 444          0.128
 445          0.155
 446          0.123
 447          0.090
 448          0.096
 449          0.072
 450          0.088
 451          0.066
 452          0.059
 453          0.031
 454          0.061
 455          0.058
 456          0.045
 457          0.036
 458          0.104
 459          0.108
 460          0.158
 461          0.113
 462          0.064
 463          0.021
 464          0.021
 465          0.034
 466          0.070
 467          0.109
 468          0.103
 469          0.119
 470          0.162
 471          0.092
 472          0.024
 473          0.069
 474          0.050
 475          0.102
 476          0.109
 477          0.069
 478          0.062
 479          0.037
 480          0.048
 481          0.085
 482          0.067
 483          0.017
 484          0.046
 485          0.055
 486          0.033
 487          0.071

# Average distance: 0.078 nm
