# Atom index    Distance (nm)
   1          0.361
   2          0.388
   3          0.384
   4          0.215
   5          0.167
   6          0.111
   7          0.136
   8          0.078
   9          0.065
  10          0.048
  11          0.081
  12          0.080
  13          0.128
  14          0.143
  15          0.086
  16          0.058
  17          0.044
  18          0.075
  19          0.117
  20          0.126
  21          0.099
  22          0.118
  23          0.128
  24          0.147
  25          0.183
  26          0.176
  27          0.156
  28          0.146
  29          0.104
  30          0.111
  31          0.097
  32          0.077
  33          0.064
  34          0.075
  35          0.119
  36          0.161
  37          0.137
  38          0.092
  39          0.163
  40          0.157
  41          0.131
  42          0.115
  43          0.144
  44          0.102
  45          0.171
  46          0.171
  47          0.170
  48          0.269
  49          0.324
  50          0.229
  51          0.108
  52          0.120
  53          0.146
  54          0.171
  55          0.142
  56          0.179
  57          0.166
  58          0.178
  59          0.144
  60          0.129
  61          0.219
  62          0.224
  63          0.196
  64          0.182
  65          0.189
  66          0.198
  67          0.171
  68          0.202
  69          0.249
  70          0.195
  71          0.250
  72          0.230
  73          0.220
  74          0.217
  75          0.250
  76          0.218
  77          0.242
  78          0.248
  79          0.156
  80          0.147
  81          0.239
  82          0.196
  83          0.171
  84          0.179
  85          0.155
  86          0.143
  87          0.127
  88          0.125
  89          0.096
  90          0.045
  91          0.026
  92          0.033
  93          0.056
  94          0.060
  95          0.084
  96          0.118
  97          0.123
  98          0.152
  99          0.206
 100          0.193
 101          0.211
 102          0.210
 103          0.203
 104          0.194
 105          0.163
 106          0.164
 107          0.147
 108          0.153
 109          0.155
 110          0.132
 111          0.086
 112          0.118
 113          0.138
 114          0.154
 115          0.150
 116          0.186
 117          0.193
 118          0.277
 119          0.255
 120          0.233
 121          0.213
 122          0.163
 123          0.154
 124          0.137
 125          0.089
 126          0.090
 127          0.077
 128          0.070
 129          0.060
 130          0.100
 131          0.083
 132          0.070
 133          0.081
 134          0.098
 135          0.054
 136          0.065
 137          0.047
 138          0.048
 139          0.064
 140          0.079
 141          0.153
 142          0.189
 143          0.130
 144          0.130
 145          0.075
 146          0.088
 147          0.040
 148          0.067
 149          0.051
 150          0.078
 151          0.087
 152          0.163
 153          0.257
 154          0.168
 155          0.158
 156          0.100
 157          0.106
 158          0.116
 159          0.081
 160          0.056
 161          0.094
 162          0.035
 163          0.095
 164          0.087
 165          0.058
 166          0.046
 167          0.021
 168          0.050
 169          0.036
 170          0.054
 171          0.048
 172          0.050
 173          0.098
 174          0.083
 175          0.082
 176          0.120
 177          0.077
 178          0.036
 179          0.066
 180          0.078
 181          0.085
 182          0.044
 183          0.067
 184          0.154
 185          0.281
 186          0.279
 187          0.226
 188          0.204
 189          0.167
 190          0.140
 191          0.123
 192          0.102
 193          0.093
 194          0.141
 195          0.172
 196          0.193
 197          0.210
 198          0.226
 199          0.324
 200          0.180
 201          0.210
 202          0.145
 203          0.131
 204          0.132
 205          0.121
 206          0.049
 207          0.046
 208          0.068
 209          0.037
 210          0.109
 211          0.198
 212          0.224
 213          0.281
 214          0.106
 215          0.089
 216          0.073
 217          0.064
 218          0.065
 219          0.079
 220          0.142
 221          0.150
 222          0.134
 223          0.107
 224          0.095
 225          0.114
 226          0.159
 227          0.207
 228          0.196
 229          0.466
 230          0.484
 231          0.166
 232          0.116
 233          0.110
 234          0.146
 235          0.148
 236          0.148
 237          0.143
 238          0.091
 239          0.163
 240          0.033
 241          0.102
 242          0.089
 243          0.078
 244          0.077
 245          0.141
 246          0.133
 247          0.079
 248          0.043
 249          0.025
 250          0.057
 251          0.071
 252          0.083
 253          0.077
 254          0.045
 255          0.104
 256          0.077
 257          0.028
 258          0.038
 259          0.034
 260          0.089
 261          0.087
 262          0.159
 263          0.165
 264          0.144
 265          0.149
 266          0.087
 267          0.075
 268          0.132
 269          0.164
 270          0.381
 271          0.680
 272          0.295
 273          0.176
 274          0.176
 275          0.159
 276          0.149
 277          0.113
 278          0.133
 279          0.181
 280          0.214
 281          0.179
 282          0.136
 283          0.180
 284          0.130
 285          0.157
 286          0.075
 287          0.082
 288          0.059
 289          0.073
 290          0.089
 291          0.123
 292          0.111
 293          0.094
 294          0.125
 295          0.135
 296          0.124
 297          0.110
 298          0.110
 299          0.101
 300          0.106
 301          0.105
 302          0.084
 303          0.101
 304          0.138
 305          0.215
 306          0.213
 307          0.154
 308          0.128
 309          0.128
 310          0.175
 311          0.151
 312          0.193
 313          0.104
 314          0.107
 315          0.189
 316          0.189
 317          0.205
 318          0.165
 319          0.158
 320          0.195
 321          0.190
 322          0.199
 323          0.212
 324          0.173
 325          0.214
 326          0.162
 327          0.157
 328          0.203
 329          0.220
 330          0.175
 331          0.134
 332          0.112
 333          0.060
 334          0.059
 335          0.057
 336          0.079
 337          0.101
 338          0.071
 339          0.119
 340          0.112
 341          0.108
 342          0.112
 343          0.130
 344          0.149
 345          0.144
 346          0.130
 347          0.131
 348          0.144
 349          0.114
 350          0.135
 351          0.107
 352          0.150
 353          0.166
 354          0.224
 355          0.184
 356          0.167
 357          0.143
 358          0.131
 359          0.117
 360          0.200
 361          0.176
 362          0.167
 363          0.182
 364          0.136
 365          0.150
 366          0.217
 367          0.244
 368          0.159
 369          0.169
 370          0.088
 371          0.092
 372          0.059
 373          0.070
 374          0.015
 375          0.015
 376          0.028
 377          0.037
 378          0.037
 379          0.068
 380          0.047
 381          0.050
 382          0.068
 383          0.072
 384          0.044
 385          0.062
 386          0.061
 387          0.085
 388          0.062
 389          0.074
 390          0.048
 391          0.089
 392          0.130
 393          0.144
 394          0.147
 395          0.115
 396          0.084
 397          0.088
 398          0.100
 399          0.101
 400          0.080
 401          0.104
 402          0.100
 403          0.126
 404          0.087
 405          0.062
 406          0.069
 407          0.082
 408          0.067
 409          0.069
 410          0.048
 411          0.058
 412          0.059
 413          0.081
 414          0.069
 415          0.034
 416          0.107
 417          0.113
 418          0.102
 419          0.101
 420          0.080
 421          0.129
 422          0.104
 423          0.154
 424          0.101
 425          0.054
 426          0.055
 427          0.058
 428          0.104
 429          0.142
 430          0.236
 431          0.250
 432          0.238
 433          0.233
 434          0.165
 435          0.093
 436          0.133
 437          0.097
 438          0.087
 439          0.099
 440          0.092
 441          0.101
 442          0.086
 443          0.104
 444          0.151
 445          0.133
 446          0.070
 447          0.071
 448          0.048
 449          0.098
 450          0.094
 451          0.074
 452          0.122
 453          0.055
 454          0.043
 455          0.032
 456          0.079
 457          0.088
 458          0.087
 459          0.078
 460          0.127
 461          0.144
 462          0.127
 463          0.096
 464          0.121
 465          0.124
 466          0.146
 467          0.169
 468          0.159
 469          0.124
 470          0.107
 471          0.141
 472          0.127
 473          0.109
 474          0.139
 475          0.110
 476          0.152
 477          0.163
 478          0.236
 479          0.138
 480          0.159
 481          0.150
 482          0.119
 483          0.128
 484          0.116
 485          0.097
 486          0.086
 487          0.057

# Average distance: 0.130 nm
