# Atom index    Distance (nm)
   1          0.345
   2          0.199
   3          0.088
   4          0.070
   5          0.076
   6          0.087
   7          0.080
   8          0.080
   9          0.136
  10          0.140
  11          0.090
  12          0.078
  13          0.077
  14          0.079
  15          0.082
  16          0.051
  17          0.061
  18          0.069
  19          0.088
  20          0.074
  21          0.088
  22          0.155
  23          0.183
  24          0.112
  25          0.087
  26          0.117
  27          0.073
  28          0.082
  29          0.074
  30          0.024
  31          0.047
  32          0.054
  33          0.063
  34          0.090
  35          0.116
  36          0.193
  37          0.118
  38          0.098
  39          0.153
  40          0.086
  41          0.067
  42          0.057
  43          0.048
  44          0.034
  45          0.087
  46          0.100
  47          0.331
  48          0.411
  49          0.494
  50          0.577
  51          0.572
  52          0.424
  53          0.312
  54          0.218
  55          0.039
  56          0.039
  57          0.086
  58          0.069
  59          0.030
  60          0.043
  61          0.017
  62          0.039
  63          0.050
  64          0.040
  65          0.079
  66          0.147
  67          0.188
  68          0.212
  69          0.160
  70          0.177
  71          0.074
  72          0.084
  73          0.040
  74          0.064
  75          0.042
  76          0.042
  77          0.039
  78          0.033
  79          0.014
  80          0.108
  81          0.148
  82          0.073
  83          0.066
  84          0.070
  85          0.068
  86          0.056
  87          0.111
  88          0.104
  89          0.110
  90          0.074
  91          0.090
  92          0.081
  93          0.062
  94          0.030
  95          0.034
  96          0.068
  97          0.058
  98          0.036
  99          0.052
 100          0.067
 101          0.073
 102          0.045
 103          0.062
 104          0.043
 105          0.045
 106          0.087
 107          0.101
 108          0.177
 109          0.146
 110          0.096
 111          0.028
 112          0.267
 113          0.165
 114          0.148
 115          0.130
 116          0.131
 117          0.125
 118          0.119
 119          0.153
 120          0.098
 121          0.102
 122          0.109
 123          0.106
 124          0.084
 125          0.109
 126          0.129
 127          0.150
 128          0.133
 129          0.148
 130          0.148
 131          0.111
 132          0.132
 133          0.074
 134          0.042
 135          0.048
 136          0.029
 137          0.012
 138          0.019
 139          0.045
 140          0.083
 141          0.075
 142          0.048
 143          0.063
 144          0.078
 145          0.085
 146          0.050
 147          0.039
 148          0.057
 149          0.045
 150          0.048
 151          0.193
 152          0.259
 153          0.318
 154          0.077
 155          0.045
 156          0.064
 157          0.063
 158          0.039
 159          0.055
 160          0.049
 161          0.081
 162          0.049
 163          0.051
 164          0.044
 165          0.031
 166          0.063
 167          0.030
 168          0.048
 169          0.047
 170          0.051
 171          0.045
 172          0.039
 173          0.012
 174          0.053
 175          0.035
 176          0.110
 177          0.160
 178          0.160
 179          0.145
 180          0.112
 181          0.074
 182          0.160
 183          0.131
 184          0.128
 185          0.101
 186          0.105
 187          0.147
 188          0.123
 189          0.082
 190          0.073
 191          0.042
 192          0.058
 193          0.073
 194          0.065
 195          0.050
 196          0.069
 197          0.083
 198          0.126
 199          0.150
 200          0.181
 201          0.156
 202          0.200
 203          0.075
 204          0.048
 205          0.102
 206          0.099
 207          0.074
 208          0.087
 209          0.076
 210          0.062
 211          0.083
 212          0.096
 213          0.137
 214          0.075
 215          0.049
 216          0.084
 217          0.097
 218          0.074
 219          0.084
 220          0.137
 221          0.150
 222          0.188
 223          0.136
 224          0.107
 225          0.081
 226          0.049
 227          0.066
 228          0.086
 229          0.192
 230          0.164
 231          0.067
 232          0.105
 233          0.084
 234          0.053
 235          0.066
 236          0.122
 237          0.160
 238          0.180
 239          0.143
 240          0.125
 241          0.207
 242          0.142
 243          0.108
 244          0.039
 245          0.010
 246          0.041
 247          0.065
 248          0.044
 249          0.038
 250          0.040
 251          0.030
 252          0.042
 253          0.026
 254          0.043
 255          0.021
 256          0.032
 257          0.060
 258          0.047
 259          0.031
 260          0.053
 261          0.108
 262          0.128
 263          0.133
 264          0.094
 265          0.098
 266          0.079
 267          0.069
 268          0.054
 269          0.071
 270          0.066
 271          0.176
 272          0.265
 273          0.158
 274          0.112
 275          0.076
 276          0.087
 277          0.085
 278          0.122
 279          0.126
 280          0.135
 281          0.116
 282          0.108
 283          0.070
 284          0.043
 285          0.036
 286          0.051
 287          0.041
 288          0.029
 289          0.073
 290          0.083
 291          0.117
 292          0.084
 293          0.138
 294          0.209
 295          0.205
 296          0.230
 297          0.174
 298          0.106
 299          0.082
 300          0.099
 301          0.085
 302          0.068
 303          0.039
 304          0.049
 305          0.091
 306          0.116
 307          0.147
 308          0.089
 309          0.034
 310          0.072
 311          0.052
 312          0.101
 313          0.163
 314          0.110
 315          0.038
 316          0.044
 317          0.059
 318          0.099
 319          0.098
 320          0.160
 321          0.186
 322          0.219
 323          0.176
 324          0.177
 325          0.110
 326          0.117
 327          0.106
 328          0.099
 329          0.103
 330          0.077
 331          0.125
 332          0.105
 333          0.131
 334          0.079
 335          0.112
 336          0.098
 337          0.096
 338          0.136
 339          0.116
 340          0.109
 341          0.090
 342          0.113
 343          0.094
 344          0.090
 345          0.072
 346          0.074
 347          0.113
 348          0.102
 349          0.084
 350          0.092
 351          0.092
 352          0.103
 353          0.256
 354          0.214
 355          0.160
 356          0.122
 357          0.092
 358          0.062
 359          0.082
 360          0.093
 361          0.083
 362          0.126
 363          0.153
 364          0.189
 365          0.206
 366          0.253
 367          0.197
 368          0.103
 369          0.104
 370          0.093
 371          0.054
 372          0.034
 373          0.038
 374          0.039
 375          0.078
 376          0.075
 377          0.043
 378          0.052
 379          0.026
 380          0.034
 381          0.058
 382          0.035
 383          0.053
 384          0.057
 385          0.186
 386          0.133
 387          0.093
 388          0.090
 389          0.082
 390          0.083
 391          0.153
 392          0.189
 393          0.387
 394          0.251
 395          0.116
 396          0.200
 397          0.123
 398          0.131
 399          0.151
 400          0.118
 401          0.154
 402          0.104
 403          0.123
 404          0.158
 405          0.120
 406          0.109
 407          0.119
 408          0.055
 409          0.058
 410          0.046
 411          0.128
 412          0.111
 413          0.126
 414          0.127
 415          0.084
 416          0.077
 417          0.075
 418          0.073
 419          0.079
 420          0.094
 421          0.082
 422          0.122
 423          0.181
 424          0.170
 425          0.163
 426          0.134
 427          0.090
 428          0.051
 429          0.102
 430          0.114
 431          0.092
 432          0.099
 433          0.086
 434          0.077
 435          0.051
 436          0.100
 437          0.117
 438          0.185
 439          0.119
 440          0.191
 441          0.197
 442          0.168
 443          0.104
 444          0.048
 445          0.062
 446          0.005
 447          0.023
 448          0.016
 449          0.055
 450          0.065
 451          0.055
 452          0.070
 453          0.045
 454          0.039
 455          0.057
 456          0.020
 457          0.027
 458          0.058
 459          0.092
 460          0.178
 461          0.125
 462          0.084
 463          0.064
 464          0.076
 465          0.088
 466          0.106
 467          0.209
 468          0.327
 469          0.260
 470          0.224
 471          0.095
 472          0.108
 473          0.125
 474          0.107
 475          0.147
 476          0.136
 477          0.173
 478          0.192
 479          0.122
 480          0.225
 481          0.231
 482          0.178
 483          0.125
 484          0.122
 485          0.059
 486          0.071
 487          0.057

# Average distance: 0.104 nm
