# Atom index    Distance (nm)
   1          0.180
   2          0.045
   3          0.134
   4          0.162
   5          0.111
   6          0.115
   7          0.121
   8          0.098
   9          0.113
  10          0.088
  11          0.082
  12          0.120
  13          0.140
  14          0.159
  15          0.116
  16          0.137
  17          0.117
  18          0.094
  19          0.080
  20          0.040
  21          0.098
  22          0.064
  23          0.081
  24          0.079
  25          0.075
  26          0.069
  27          0.098
  28          0.087
  29          0.126
  30          0.277
  31          0.139
  32          0.153
  33          0.170
  34          0.149
  35          0.178
  36          0.174
  37          0.133
  38          0.115
  39          0.108
  40          0.085
  41          0.116
  42          0.101
  43          0.136
  44          0.141
  45          0.184
  46          0.209
  47          0.188
  48          0.101
  49          0.081
  50          0.246
  51          0.224
  52          0.177
  53          0.141
  54          0.134
  55          0.119
  56          0.073
  57          0.084
  58          0.116
  59          0.107
  60          0.081
  61          0.135
  62          0.110
  63          0.098
  64          0.061
  65          0.117
  66          0.109
  67          0.162
  68          0.202
  69          0.067
  70          0.104
  71          0.164
  72          0.092
  73          0.088
  74          0.081
  75          0.083
  76          0.141
  77          0.190
  78          0.206
  79          0.175
  80          0.220
  81          0.168
  82          0.200
  83          0.128
  84          0.190
  85          0.160
  86          0.159
  87          0.099
  88          0.143
  89          0.120
  90          0.156
  91          0.201
  92          0.176
  93          0.087
  94          0.084
  95          0.076
  96          0.101
  97          0.113
  98          0.142
  99          0.148
 100          0.185
 101          0.207
 102          0.207
 103          0.180
 104          0.175
 105          0.136
 106          0.098
 107          0.092
 108          0.159
 109          0.224
 110          0.190
 111          0.112
 112          0.254
 113          0.117
 114          0.075
 115          0.151
 116          0.276
 117          0.201
 118          0.184
 119          0.162
 120          0.153
 121          0.148
 122          0.091
 123          0.108
 124          0.080
 125          0.081
 126          0.032
 127          0.064
 128          0.049
 129          0.090
 130          0.087
 131          0.119
 132          0.090
 133          0.032
 134          0.041
 135          0.046
 136          0.042
 137          0.039
 138          0.019
 139          0.028
 140          0.036
 141          0.052
 142          0.062
 143          0.073
 144          0.076
 145          0.061
 146          0.057
 147          0.038
 148          0.094
 149          0.078
 150          0.071
 151          0.069
 152          0.097
 153          0.171
 154          0.185
 155          0.079
 156          0.047
 157          0.054
 158          0.061
 159          0.057
 160          0.071
 161          0.054
 162          0.073
 163          0.072
 164          0.053
 165          0.121
 166          0.163
 167          0.084
 168          0.061
 169          0.065
 170          0.079
 171          0.087
 172          0.110
 173          0.113
 174          0.092
 175          0.136
 176          0.154
 177          0.191
 178          0.130
 179          0.098
 180          0.110
 181          0.057
 182          0.045
 183          0.117
 184          0.123
 185          0.114
 186          0.229
 187          0.209
 188          0.122
 189          0.065
 190          0.028
 191          0.052
 192          0.079
 193          0.084
 194          0.063
 195          0.020
 196          0.070
 197          0.066
 198          0.129
 199          0.114
 200          0.189
 201          0.204
 202          0.257
 203          0.125
 204          0.068
 205          0.128
 206          0.059
 207          0.077
 208          0.107
 209          0.061
 210          0.065
 211          0.055
 212          0.080
 213          0.081
 214          0.047
 215          0.049
 216          0.057
 217          0.083
 218          0.038
 219          0.110
 220          0.119
 221          0.125
 222          0.102
 223          0.104
 224          0.052
 225          0.060
 226          0.071
 227          0.057
 228          0.091
 229          0.108
 230          0.100
 231          0.067
 232          0.022
 233          0.050
 234          0.029
 235          0.080
 236          0.089
 237          0.402
 238          0.099
 239          0.185
 240          0.107
 241          0.036
 242          0.101
 243          0.135
 244          0.056
 245          0.038
 246          0.055
 247          0.075
 248          0.043
 249          0.063
 250          0.062
 251          0.038
 252          0.039
 253          0.037
 254          0.033
 255          0.078
 256          0.081
 257          0.064
 258          0.056
 259          0.059
 260          0.062
 261          0.057
 262          0.017
 263          0.051
 264          0.056
 265          0.035
 266          0.052
 267          0.090
 268          0.077
 269          0.041
 270          0.222
 271          0.591
 272          0.181
 273          0.145
 274          0.135
 275          0.098
 276          0.063
 277          0.055
 278          0.052
 279          0.033
 280          0.046
 281          0.055
 282          0.053
 283          0.035
 284          0.035
 285          0.036
 286          0.041
 287          0.043
 288          0.018
 289          0.024
 290          0.108
 291          0.091
 292          0.069
 293          0.084
 294          0.080
 295          0.070
 296          0.142
 297          0.122
 298          0.131
 299          0.074
 300          0.091
 301          0.087
 302          0.062
 303          0.042
 304          0.066
 305          0.101
 306          0.114
 307          0.098
 308          0.102
 309          0.067
 310          0.066
 311          0.064
 312          0.123
 313          0.159
 314          0.323
 315          0.213
 316          0.136
 317          0.077
 318          0.072
 319          0.073
 320          0.086
 321          0.078
 322          0.062
 323          0.041
 324          0.096
 325          0.154
 326          0.160
 327          0.117
 328          0.088
 329          0.089
 330          0.092
 331          0.077
 332          0.067
 333          0.073
 334          0.069
 335          0.103
 336          0.108
 337          0.076
 338          0.075
 339          0.090
 340          0.097
 341          0.100
 342          0.073
 343          0.069
 344          0.081
 345          0.098
 346          0.098
 347          0.091
 348          0.047
 349          0.032
 350          0.131
 351          0.056
 352          0.052
 353          0.066
 354          0.132
 355          0.102
 356          0.057
 357          0.089
 358          0.088
 359          0.076
 360          0.177
 361          0.125
 362          0.109
 363          0.083
 364          0.138
 365          0.281
 366          0.379
 367          0.442
 368          0.273
 369          0.117
 370          0.059
 371          0.036
 372          0.061
 373          0.046
 374          0.079
 375          0.068
 376          0.085
 377          0.078
 378          0.075
 379          0.082
 380          0.043
 381          0.040
 382          0.057
 383          0.026
 384          0.041
 385          0.097
 386          0.107
 387          0.088
 388          0.072
 389          0.105
 390          0.116
 391          0.116
 392          0.235
 393          0.457
 394          0.508
 395          0.326
 396          0.266
 397          0.149
 398          0.144
 399          0.103
 400          0.083
 401          0.115
 402          0.124
 403          0.144
 404          0.100
 405          0.011
 406          0.066
 407          0.085
 408          0.068
 409          0.079
 410          0.064
 411          0.059
 412          0.068
 413          0.106
 414          0.122
 415          0.083
 416          0.048
 417          0.037
 418          0.092
 419          0.081
 420          0.121
 421          0.133
 422          0.158
 423          0.113
 424          0.225
 425          0.126
 426          0.081
 427          0.034
 428          0.073
 429          0.056
 430          0.214
 431          0.299
 432          0.226
 433          0.143
 434          0.143
 435          0.137
 436          0.152
 437          0.106
 438          0.076
 439          0.080
 440          0.132
 441          0.056
 442          0.038
 443          0.039
 444          0.087
 445          0.050
 446          0.042
 447          0.025
 448          0.021
 449          0.051
 450          0.068
 451          0.070
 452          0.031
 453          0.064
 454          0.040
 455          0.019
 456          0.030
 457          0.045
 458          0.057
 459          0.066
 460          0.171
 461          0.042
 462          0.056
 463          0.080
 464          0.055
 465          0.094
 466          0.196
 467          0.110
 468          0.241
 469          0.242
 470          0.173
 471          0.163
 472          0.134
 473          0.083
 474          0.029
 475          0.066
 476          0.061
 477          0.061
 478          0.111
 479          0.103
 480          0.104
 481          0.137
 482          0.131
 483          0.035
 484          0.058
 485          0.036
 486          0.044
 487          0.050

# Average distance: 0.105 nm
