# Atom index    Distance (nm)
   1          0.164
   2          0.190
   3          0.204
   4          0.186
   5          0.101
   6          0.047
   7          0.040
   8          0.033
   9          0.020
  10          0.043
  11          0.048
  12          0.058
  13          0.045
  14          0.036
  15          0.070
  16          0.060
  17          0.057
  18          0.059
  19          0.073
  20          0.082
  21          0.109
  22          0.087
  23          0.075
  24          0.025
  25          0.065
  26          0.097
  27          0.056
  28          0.063
  29          0.075
  30          0.045
  31          0.042
  32          0.077
  33          0.096
  34          0.100
  35          0.118
  36          0.085
  37          0.105
  38          0.082
  39          0.089
  40          0.023
  41          0.093
  42          0.075
  43          0.103
  44          0.162
  45          0.161
  46          0.165
  47          0.231
  48          0.281
  49          0.572
  50          0.796
  51          0.485
  52          0.311
  53          0.151
  54          0.159
  55          0.095
  56          0.080
  57          0.070
  58          0.052
  59          0.070
  60          0.087
  61          0.118
  62          0.022
  63          0.031
  64          0.046
  65          0.106
  66          0.086
  67          0.229
  68          0.224
  69          0.123
  70          0.129
  71          0.133
  72          0.053
  73          0.078
  74          0.055
  75          0.100
  76          0.125
  77          0.130
  78          0.101
  79          0.152
  80          0.149
  81          0.145
  82          0.077
  83          0.084
  84          0.111
  85          0.108
  86          0.120
  87          0.106
  88          0.075
  89          0.100
  90          0.078
  91          0.115
  92          0.178
  93          0.155
  94          0.100
  95          0.064
  96          0.060
  97          0.069
  98          0.073
  99          0.086
 100          0.166
 101          0.161
 102          0.189
 103          0.180
 104          0.095
 105          0.067
 106          0.038
 107          0.055
 108          0.027
 109          0.046
 110          0.110
 111          0.164
 112          0.095
 113          0.123
 114          0.100
 115          0.051
 116          0.112
 117          0.071
 118          0.106
 119          0.068
 120          0.032
 121          0.071
 122          0.072
 123          0.072
 124          0.060
 125          0.037
 126          0.053
 127          0.042
 128          0.110
 129          0.095
 130          0.108
 131          0.125
 132          0.069
 133          0.074
 134          0.059
 135          0.033
 136          0.031
 137          0.029
 138          0.056
 139          0.092
 140          0.089
 141          0.111
 142          0.128
 143          0.154
 144          0.159
 145          0.150
 146          0.077
 147          0.018
 148          0.042
 149          0.062
 150          0.057
 151          0.082
 152          0.109
 153          0.113
 154          0.241
 155          0.157
 156          0.133
 157          0.092
 158          0.109
 159          0.110
 160          0.109
 161          0.076
 162          0.112
 163          0.114
 164          0.089
 165          0.053
 166          0.088
 167          0.090
 168          0.075
 169          0.076
 170          0.063
 171          0.060
 172          0.060
 173          0.044
 174          0.135
 175          0.153
 176          0.216
 177          0.213
 178          0.132
 179          0.144
 180          0.159
 181          0.111
 182          0.049
 183          0.058
 184          0.028
 185          0.074
 186          0.103
 187          0.138
 188          0.158
 189          0.126
 190          0.120
 191          0.185
 192          0.177
 193          0.237
 194          0.192
 195          0.210
 196          0.188
 197          0.207
 198          0.196
 199          0.338
 200          0.271
 201          0.269
 202          0.237
 203          0.203
 204          0.146
 205          0.122
 206          0.141
 207          0.173
 208          0.097
 209          0.045
 210          0.087
 211          0.119
 212          0.130
 213          0.085
 214          0.102
 215          0.090
 216          0.088
 217          0.105
 218          0.108
 219          0.141
 220          0.182
 221          0.238
 222          0.091
 223          0.125
 224          0.126
 225          0.131
 226          0.194
 227          0.195
 228          0.212
 229          0.148
 230          0.114
 231          0.101
 232          0.154
 233          0.158
 234          0.120
 235          0.169
 236          0.183
 237          0.256
 238          0.222
 239          0.184
 240          0.105
 241          0.104
 242          0.098
 243          0.150
 244          0.096
 245          0.128
 246          0.148
 247          0.149
 248          0.109
 249          0.100
 250          0.117
 251          0.053
 252          0.071
 253          0.096
 254          0.067
 255          0.041
 256          0.067
 257          0.063
 258          0.094
 259          0.137
 260          0.105
 261          0.122
 262          0.155
 263          0.178
 264          0.158
 265          0.146
 266          0.103
 267          0.104
 268          0.132
 269          0.175
 270          0.277
 271          0.383
 272          0.282
 273          0.178
 274          0.218
 275          0.156
 276          0.108
 277          0.105
 278          0.196
 279          0.173
 280          0.171
 281          0.235
 282          0.189
 283          0.146
 284          0.158
 285          0.140
 286          0.133
 287          0.113
 288          0.056
 289          0.058
 290          0.101
 291          0.135
 292          0.076
 293          0.110
 294          0.100
 295          0.125
 296          0.104
 297          0.096
 298          0.147
 299          0.130
 300          0.105
 301          0.086
 302          0.085
 303          0.079
 304          0.080
 305          0.113
 306          0.135
 307          0.087
 308          0.073
 309          0.065
 310          0.167
 311          0.115
 312          0.169
 313          0.175
 314          0.143
 315          0.147
 316          0.147
 317          0.107
 318          0.137
 319          0.122
 320          0.112
 321          0.155
 322          0.202
 323          0.211
 324          0.212
 325          0.235
 326          0.241
 327          0.146
 328          0.119
 329          0.113
 330          0.094
 331          0.097
 332          0.101
 333          0.116
 334          0.152
 335          0.179
 336          0.165
 337          0.175
 338          0.075
 339          0.057
 340          0.093
 341          0.124
 342          0.100
 343          0.082
 344          0.161
 345          0.179
 346          0.154
 347          0.085
 348          0.098
 349          0.078
 350          0.158
 351          0.128
 352          0.093
 353          0.133
 354          0.116
 355          0.045
 356          0.063
 357          0.066
 358          0.086
 359          0.060
 360          0.089
 361          0.051
 362          0.086
 363          0.165
 364          0.284
 365          0.309
 366          0.494
 367          0.422
 368          0.197
 369          0.013
 370          0.020
 371          0.084
 372          0.092
 373          0.134
 374          0.051
 375          0.064
 376          0.057
 377          0.074
 378          0.079
 379          0.067
 380          0.019
 381          0.026
 382          0.029
 383          0.026
 384          0.082
 385          0.056
 386          0.128
 387          0.082
 388          0.060
 389          0.048
 390          0.095
 391          0.138
 392          0.236
 393          0.200
 394          0.324
 395          0.287
 396          0.213
 397          0.189
 398          0.136
 399          0.098
 400          0.073
 401          0.052
 402          0.039
 403          0.019
 404          0.043
 405          0.085
 406          0.099
 407          0.082
 408          0.051
 409          0.113
 410          0.082
 411          0.129
 412          0.163
 413          0.125
 414          0.171
 415          0.157
 416          0.145
 417          0.157
 418          0.162
 419          0.131
 420          0.156
 421          0.197
 422          0.256
 423          0.301
 424          0.168
 425          0.243
 426          0.149
 427          0.139
 428          0.156
 429          0.143
 430          0.185
 431          0.239
 432          0.111
 433          0.156
 434          0.166
 435          0.137
 436          0.182
 437          0.193
 438          0.212
 439          0.237
 440          0.320
 441          0.301
 442          0.198
 443          0.184
 444          0.120
 445          0.128
 446          0.144
 447          0.042
 448          0.073
 449          0.067
 450          0.058
 451          0.086
 452          0.174
 453          0.112
 454          0.093
 455          0.072
 456          0.036
 457          0.053
 458          0.065
 459          0.107
 460          0.163
 461          0.219
 462          0.111
 463          0.059
 464          0.057
 465          0.076
 466          0.103
 467          0.099
 468          0.082
 469          0.120
 470          0.069
 471          0.101
 472          0.101
 473          0.102
 474          0.220
 475          0.260
 476          0.169
 477          0.139
 478          0.132
 479          0.073
 480          0.037
 481          0.060
 482          0.066
 483          0.065
 484          0.093
 485          0.096
 486          0.070
 487          0.040

# Average distance: 0.123 nm
