# Atom index    Distance (nm)
   1          0.629
   2          0.221
   3          0.147
   4          0.248
   5          0.204
   6          0.211
   7          0.111
   8          0.106
   9          0.103
  10          0.066
  11          0.032
  12          0.105
  13          0.178
  14          0.143
  15          0.089
  16          0.033
  17          0.059
  18          0.037
  19          0.088
  20          0.086
  21          0.140
  22          0.181
  23          0.289
  24          0.166
  25          0.127
  26          0.078
  27          0.089
  28          0.089
  29          0.054
  30          0.099
  31          0.094
  32          0.122
  33          0.061
  34          0.046
  35          0.067
  36          0.083
  37          0.082
  38          0.072
  39          0.079
  40          0.077
  41          0.080
  42          0.094
  43          0.220
  44          0.224
  45          0.396
  46          0.492
  47          0.569
  48          0.537
  49          0.433
  50          0.475
  51          0.332
  52          0.134
  53          0.134
  54          0.183
  55          0.147
  56          0.085
  57          0.097
  58          0.079
  59          0.124
  60          0.144
  61          0.164
  62          0.118
  63          0.100
  64          0.087
  65          0.125
  66          0.125
  67          0.295
  68          0.425
  69          0.308
  70          0.121
  71          0.141
  72          0.097
  73          0.058
  74          0.106
  75          0.082
  76          0.149
  77          0.227
  78          0.238
  79          0.212
  80          0.229
  81          0.184
  82          0.175
  83          0.105
  84          0.131
  85          0.126
  86          0.125
  87          0.130
  88          0.147
  89          0.137
  90          0.156
  91          0.257
  92          0.222
  93          0.154
  94          0.122
  95          0.097
  96          0.146
  97          0.117
  98          0.131
  99          0.139
 100          0.185
 101          0.156
 102          0.160
 103          0.185
 104          0.169
 105          0.089
 106          0.043
 107          0.083
 108          0.095
 109          0.094
 110          0.109
 111          0.106
 112          0.031
 113          0.062
 114          0.043
 115          0.043
 116          0.120
 117          0.148
 118          0.189
 119          0.260
 120          0.183
 121          0.206
 122          0.195
 123          0.144
 124          0.091
 125          0.083
 126          0.043
 127          0.043
 128          0.083
 129          0.074
 130          0.044
 131          0.063
 132          0.092
 133          0.054
 134          0.102
 135          0.052
 136          0.090
 137          0.126
 138          0.144
 139          0.180
 140          0.157
 141          0.178
 142          0.181
 143          0.180
 144          0.165
 145          0.145
 146          0.155
 147          0.125
 148          0.135
 149          0.129
 150          0.230
 151          0.374
 152          0.439
 153          0.367
 154          0.231
 155          0.168
 156          0.144
 157          0.113
 158          0.137
 159          0.142
 160          0.193
 161          0.176
 162          0.248
 163          0.211
 164          0.195
 165          0.140
 166          0.121
 167          0.070
 168          0.094
 169          0.122
 170          0.069
 171          0.081
 172          0.014
 173          0.026
 174          0.041
 175          0.035
 176          0.093
 177          0.060
 178          0.049
 179          0.090
 180          0.062
 181          0.076
 182          0.055
 183          0.069
 184          0.083
 185          0.131
 186          0.147
 187          0.154
 188          0.129
 189          0.135
 190          0.096
 191          0.102
 192          0.095
 193          0.113
 194          0.105
 195          0.169
 196          0.130
 197          0.172
 198          0.211
 199          0.220
 200          0.206
 201          0.246
 202          0.213
 203          0.171
 204          0.128
 205          0.131
 206          0.093
 207          0.104
 208          0.087
 209          0.120
 210          0.151
 211          0.226
 212          0.282
 213          0.250
 214          0.173
 215          0.102
 216          0.031
 217          0.026
 218          0.026
 219          0.048
 220          0.030
 221          0.124
 222          0.090
 223          0.064
 224          0.045
 225          0.027
 226          0.077
 227          0.139
 228          0.209
 229          0.197
 230          0.179
 231          0.143
 232          0.147
 233          0.133
 234          0.098
 235          0.118
 236          0.083
 237          0.084
 238          0.077
 239          0.167
 240          0.163
 241          0.095
 242          0.131
 243          0.150
 244          0.145
 245          0.136
 246          0.081
 247          0.130
 248          0.103
 249          0.154
 250          0.151
 251          0.163
 252          0.115
 253          0.075
 254          0.095
 255          0.115
 256          0.116
 257          0.106
 258          0.074
 259          0.063
 260          0.116
 261          0.222
 262          0.396
 263          0.478
 264          0.379
 265          0.179
 266          0.127
 267          0.064
 268          0.065
 269          0.059
 270          0.127
 271          0.124
 272          0.101
 273          0.048
 274          0.064
 275          0.052
 276          0.092
 277          0.061
 278          0.103
 279          0.029
 280          0.082
 281          0.139
 282          0.134
 283          0.158
 284          0.124
 285          0.169
 286          0.119
 287          0.109
 288          0.090
 289          0.137
 290          0.130
 291          0.132
 292          0.144
 293          0.229
 294          0.452
 295          0.263
 296          0.247
 297          0.237
 298          0.203
 299          0.138
 300          0.120
 301          0.108
 302          0.103
 303          0.083
 304          0.147
 305          0.090
 306          0.099
 307          0.060
 308          0.081
 309          0.074
 310          0.071
 311          0.114
 312          0.137
 313          0.248
 314          0.255
 315          0.120
 316          0.070
 317          0.039
 318          0.041
 319          0.048
 320          0.042
 321          0.071
 322          0.018
 323          0.229
 324          0.253
 325          0.089
 326          0.103
 327          0.080
 328          0.095
 329          0.139
 330          0.132
 331          0.185
 332          0.113
 333          0.121
 334          0.042
 335          0.129
 336          0.085
 337          0.043
 338          0.082
 339          0.092
 340          0.112
 341          0.114
 342          0.185
 343          0.165
 344          0.184
 345          0.271
 346          0.325
 347          0.254
 348          0.194
 349          0.192
 350          0.197
 351          0.150
 352          0.125
 353          0.147
 354          0.114
 355          0.140
 356          0.075
 357          0.106
 358          0.176
 359          0.156
 360          0.323
 361          0.268
 362          0.283
 363          0.201
 364          0.186
 365          0.163
 366          0.162
 367          0.188
 368          0.171
 369          0.082
 370          0.102
 371          0.083
 372          0.019
 373          0.098
 374          0.082
 375          0.049
 376          0.060
 377          0.026
 378          0.028
 379          0.056
 380          0.029
 381          0.012
 382          0.053
 383          0.067
 384          0.040
 385          0.083
 386          0.149
 387          0.085
 388          0.084
 389          0.079
 390          0.089
 391          0.059
 392          0.070
 393          0.094
 394          0.080
 395          0.219
 396          0.189
 397          0.079
 398          0.040
 399          0.028
 400          0.075
 401          0.076
 402          0.103
 403          0.061
 404          0.098
 405          0.048
 406          0.017
 407          0.061
 408          0.071
 409          0.081
 410          0.098
 411          0.099
 412          0.081
 413          0.167
 414          0.071
 415          0.076
 416          0.064
 417          0.040
 418          0.043
 419          0.044
 420          0.067
 421          0.072
 422          0.189
 423          0.238
 424          0.220
 425          0.181
 426          0.093
 427          0.063
 428          0.019
 429          0.029
 430          0.197
 431          0.214
 432          0.150
 433          0.092
 434          0.057
 435          0.030
 436          0.082
 437          0.128
 438          0.125
 439          0.134
 440          0.148
 441          0.086
 442          0.076
 443          0.050
 444          0.037
 445          0.051
 446          0.025
 447          0.048
 448          0.032
 449          0.048
 450          0.114
 451          0.215
 452          0.427
 453          0.302
 454          0.151
 455          0.073
 456          0.073
 457          0.037
 458          0.028
 459          0.052
 460          0.053
 461          0.075
 462          0.074
 463          0.032
 464          0.056
 465          0.074
 466          0.126
 467          0.113
 468          0.040
 469          0.117
 470          0.077
 471          0.113
 472          0.088
 473          0.085
 474          0.108
 475          0.141
 476          0.142
 477          0.161
 478          0.156
 479          0.148
 480          0.071
 481          0.089
 482          0.075
 483          0.085
 484          0.062
 485          0.086
 486          0.097
 487          0.040

# Average distance: 0.130 nm
