# Atom index    Distance (nm)
   1          0.200
   2          0.387
   3          0.329
   4          0.293
   5          0.247
   6          0.195
   7          0.118
   8          0.102
   9          0.093
  10          0.118
  11          0.128
  12          0.142
  13          0.157
  14          0.166
  15          0.164
  16          0.209
  17          0.140
  18          0.127
  19          0.130
  20          0.130
  21          0.166
  22          0.196
  23          0.327
  24          0.269
  25          0.178
  26          0.167
  27          0.113
  28          0.126
  29          0.156
  30          0.177
  31          0.183
  32          0.259
  33          0.240
  34          0.189
  35          0.235
  36          0.222
  37          0.102
  38          0.093
  39          0.095
  40          0.066
  41          0.103
  42          0.161
  43          0.073
  44          0.114
  45          0.292
  46          0.476
  47          0.593
  48          0.778
  49          0.644
  50          0.533
  51          0.294
  52          0.318
  53          0.196
  54          0.150
  55          0.093
  56          0.151
  57          0.157
  58          0.115
  59          0.086
  60          0.151
  61          0.133
  62          0.157
  63          0.145
  64          0.170
  65          0.179
  66          0.204
  67          0.279
  68          0.361
  69          0.402
  70          0.312
  71          0.367
  72          0.198
  73          0.174
  74          0.152
  75          0.154
  76          0.183
  77          0.175
  78          0.196
  79          0.113
  80          0.249
  81          0.293
  82          0.244
  83          0.183
  84          0.205
  85          0.188
  86          0.193
  87          0.116
  88          0.133
  89          0.082
  90          0.114
  91          0.170
  92          0.184
  93          0.090
  94          0.091
  95          0.083
  96          0.132
  97          0.192
  98          0.169
  99          0.206
 100          0.206
 101          0.227
 102          0.209
 103          0.217
 104          0.216
 105          0.194
 106          0.196
 107          0.208
 108          0.265
 109          0.269
 110          0.242
 111          0.269
 112          0.284
 113          0.239
 114          0.253
 115          0.244
 116          0.271
 117          0.236
 118          0.231
 119          0.175
 120          0.139
 121          0.168
 122          0.193
 123          0.232
 124          0.169
 125          0.125
 126          0.130
 127          0.088
 128          0.061
 129          0.121
 130          0.129
 131          0.142
 132          0.146
 133          0.123
 134          0.135
 135          0.132
 136          0.124
 137          0.140
 138          0.132
 139          0.127
 140          0.148
 141          0.147
 142          0.167
 143          0.120
 144          0.130
 145          0.104
 146          0.091
 147          0.122
 148          0.112
 149          0.112
 150          0.080
 151          0.119
 152          0.118
 153          0.132
 154          0.124
 155          0.048
 156          0.103
 157          0.156
 158          0.145
 159          0.134
 160          0.133
 161          0.101
 162          0.108
 163          0.120
 164          0.118
 165          0.065
 166          0.042
 167          0.052
 168          0.050
 169          0.080
 170          0.110
 171          0.125
 172          0.116
 173          0.165
 174          0.193
 175          0.193
 176          0.242
 177          0.273
 178          0.154
 179          0.180
 180          0.193
 181          0.188
 182          0.157
 183          0.112
 184          0.109
 185          0.068
 186          0.069
 187          0.092
 188          0.112
 189          0.103
 190          0.086
 191          0.085
 192          0.073
 193          0.068
 194          0.125
 195          0.104
 196          0.110
 197          0.110
 198          0.144
 199          0.136
 200          0.122
 201          0.162
 202          0.133
 203          0.095
 204          0.101
 205          0.116
 206          0.117
 207          0.134
 208          0.055
 209          0.037
 210          0.041
 211          0.046
 212          0.053
 213          0.111
 214          0.069
 215          0.038
 216          0.047
 217          0.080
 218          0.110
 219          0.129
 220          0.202
 221          0.191
 222          0.197
 223          0.117
 224          0.083
 225          0.095
 226          0.094
 227          0.100
 228          0.125
 229          0.175
 230          0.093
 231          0.073
 232          0.105
 233          0.100
 234          0.090
 235          0.064
 236          0.086
 237          0.123
 238          0.224
 239          0.325
 240          0.288
 241          0.223
 242          0.183
 243          0.181
 244          0.069
 245          0.148
 246          0.084
 247          0.054
 248          0.108
 249          0.104
 250          0.098
 251          0.114
 252          0.127
 253          0.108
 254          0.113
 255          0.085
 256          0.037
 257          0.029
 258          0.089
 259          0.123
 260          0.125
 261          0.164
 262          0.187
 263          0.292
 264          0.211
 265          0.181
 266          0.152
 267          0.142
 268          0.143
 269          0.160
 270          0.163
 271          0.190
 272          0.205
 273          0.153
 274          0.167
 275          0.163
 276          0.184
 277          0.190
 278          0.261
 279          0.211
 280          0.235
 281          0.168
 282          0.120
 283          0.097
 284          0.093
 285          0.156
 286          0.145
 287          0.113
 288          0.098
 289          0.094
 290          0.077
 291          0.134
 292          0.143
 293          0.156
 294          0.138
 295          0.177
 296          0.134
 297          0.129
 298          0.132
 299          0.121
 300          0.114
 301          0.101
 302          0.129
 303          0.109
 304          0.086
 305          0.132
 306          0.166
 307          0.193
 308          0.158
 309          0.148
 310          0.170
 311          0.147
 312          0.139
 313          0.169
 314          0.177
 315          0.132
 316          0.145
 317          0.148
 318          0.198
 319          0.152
 320          0.189
 321          0.210
 322          0.237
 323          0.213
 324          0.196
 325          0.296
 326          0.277
 327          0.247
 328          0.188
 329          0.153
 330          0.130
 331          0.162
 332          0.145
 333          0.066
 334          0.062
 335          0.103
 336          0.193
 337          0.132
 338          0.088
 339          0.066
 340          0.063
 341          0.083
 342          0.153
 343          0.153
 344          0.182
 345          0.197
 346          0.224
 347          0.214
 348          0.109
 349          0.101
 350          0.120
 351          0.125
 352          0.181
 353          0.204
 354          0.247
 355          0.179
 356          0.166
 357          0.145
 358          0.148
 359          0.116
 360          0.094
 361          0.175
 362          0.189
 363          0.110
 364          0.103
 365          0.081
 366          0.093
 367          0.064
 368          0.090
 369          0.079
 370          0.079
 371          0.084
 372          0.083
 373          0.096
 374          0.064
 375          0.065
 376          0.047
 377          0.138
 378          0.132
 379          0.123
 380          0.114
 381          0.116
 382          0.121
 383          0.152
 384          0.249
 385          0.215
 386          0.217
 387          0.248
 388          0.197
 389          0.175
 390          0.178
 391          0.149
 392          0.172
 393          0.136
 394          0.155
 395          0.145
 396          0.167
 397          0.252
 398          0.202
 399          0.216
 400          0.161
 401          0.219
 402          0.207
 403          0.267
 404          0.390
 405          0.218
 406          0.207
 407          0.155
 408          0.170
 409          0.159
 410          0.161
 411          0.147
 412          0.154
 413          0.194
 414          0.095
 415          0.111
 416          0.155
 417          0.147
 418          0.160
 419          0.184
 420          0.169
 421          0.156
 422          0.104
 423          0.147
 424          0.193
 425          0.160
 426          0.172
 427          0.169
 428          0.236
 429          0.265
 430          0.178
 431          0.195
 432          0.199
 433          0.179
 434          0.222
 435          0.213
 436          0.148
 437          0.123
 438          0.094
 439          0.105
 440          0.114
 441          0.147
 442          0.060
 443          0.041
 444          0.100
 445          0.113
 446          0.138
 447          0.078
 448          0.075
 449          0.070
 450          0.136
 451          0.152
 452          0.136
 453          0.114
 454          0.123
 455          0.078
 456          0.083
 457          0.106
 458          0.147
 459          0.179
 460          0.268
 461          0.253
 462          0.228
 463          0.157
 464          0.139
 465          0.131
 466          0.139
 467          0.210
 468          0.207
 469          0.164
 470          0.209
 471          0.205
 472          0.131
 473          0.122
 474          0.131
 475          0.218
 476          0.244
 477          0.241
 478          0.052
 479          0.035
 480          0.075
 481          0.202
 482          0.249
 483          0.179
 484          0.165
 485          0.143
 486          0.107
 487          0.101

# Average distance: 0.158 nm
