# Atom index    Distance (nm)
   1          0.369
   2          0.236
   3          0.154
   4          0.126
   5          0.074
   6          0.072
   7          0.125
   8          0.105
   9          0.098
  10          0.053
  11          0.048
  12          0.093
  13          0.175
  14          0.267
  15          0.172
  16          0.066
  17          0.087
  18          0.085
  19          0.073
  20          0.079
  21          0.186
  22          0.291
  23          0.152
  24          0.170
  25          0.143
  26          0.182
  27          0.128
  28          0.101
  29          0.091
  30          0.144
  31          0.112
  32          0.112
  33          0.103
  34          0.108
  35          0.104
  36          0.089
  37          0.095
  38          0.082
  39          0.099
  40          0.111
  41          0.085
  42          0.117
  43          0.131
  44          0.131
  45          0.167
  46          0.130
  47          0.098
  48          0.053
  49          0.063
  50          0.154
  51          0.216
  52          0.206
  53          0.138
  54          0.091
  55          0.088
  56          0.106
  57          0.102
  58          0.106
  59          0.139
  60          0.129
  61          0.119
  62          0.138
  63          0.084
  64          0.118
  65          0.157
  66          0.156
  67          0.207
  68          0.209
  69          0.175
  70          0.153
  71          0.201
  72          0.163
  73          0.137
  74          0.136
  75          0.149
  76          0.165
  77          0.167
  78          0.161
  79          0.145
  80          0.164
  81          0.195
  82          0.170
  83          0.116
  84          0.113
  85          0.068
  86          0.037
  87          0.036
  88          0.016
  89          0.066
  90          0.116
  91          0.167
  92          0.219
  93          0.077
  94          0.062
  95          0.079
  96          0.037
  97          0.041
  98          0.027
  99          0.045
 100          0.109
 101          0.149
 102          0.108
 103          0.076
 104          0.036
 105          0.026
 106          0.049
 107          0.066
 108          0.098
 109          0.217
 110          0.153
 111          0.122
 112          0.243
 113          0.089
 114          0.110
 115          0.041
 116          0.058
 117          0.060
 118          0.016
 119          0.065
 120          0.056
 121          0.045
 122          0.091
 123          0.089
 124          0.057
 125          0.067
 126          0.056
 127          0.029
 128          0.086
 129          0.104
 130          0.069
 131          0.089
 132          0.043
 133          0.026
 134          0.018
 135          0.024
 136          0.030
 137          0.063
 138          0.075
 139          0.076
 140          0.060
 141          0.087
 142          0.055
 143          0.047
 144          0.026
 145          0.042
 146          0.050
 147          0.028
 148          0.048
 149          0.043
 150          0.051
 151          0.090
 152          0.140
 153          0.237
 154          0.050
 155          0.078
 156          0.073
 157          0.072
 158          0.071
 159          0.045
 160          0.046
 161          0.058
 162          0.071
 163          0.026
 164          0.021
 165          0.049
 166          0.029
 167          0.050
 168          0.030
 169          0.060
 170          0.079
 171          0.044
 172          0.023
 173          0.024
 174          0.099
 175          0.102
 176          0.150
 177          0.174
 178          0.055
 179          0.087
 180          0.032
 181          0.027
 182          0.060
 183          0.075
 184          0.033
 185          0.066
 186          0.051
 187          0.084
 188          0.067
 189          0.059
 190          0.051
 191          0.032
 192          0.052
 193          0.073
 194          0.064
 195          0.095
 196          0.077
 197          0.062
 198          0.085
 199          0.077
 200          0.101
 201          0.093
 202          0.091
 203          0.069
 204          0.026
 205          0.052
 206          0.036
 207          0.054
 208          0.034
 209          0.052
 210          0.039
 211          0.032
 212          0.045
 213          0.090
 214          0.032
 215          0.082
 216          0.067
 217          0.065
 218          0.079
 219          0.072
 220          0.135
 221          0.121
 222          0.095
 223          0.128
 224          0.072
 225          0.088
 226          0.120
 227          0.086
 228          0.083
 229          0.098
 230          0.121
 231          0.122
 232          0.136
 233          0.082
 234          0.061
 235          0.053
 236          0.080
 237          0.171
 238          0.311
 239          0.162
 240          0.172
 241          0.158
 242          0.183
 243          0.193
 244          0.099
 245          0.119
 246          0.088
 247          0.082
 248          0.084
 249          0.096
 250          0.060
 251          0.044
 252          0.070
 253          0.058
 254          0.012
 255          0.054
 256          0.063
 257          0.034
 258          0.023
 259          0.042
 260          0.029
 261          0.066
 262          0.123
 263          0.123
 264          0.062
 265          0.093
 266          0.069
 267          0.072
 268          0.093
 269          0.119
 270          0.107
 271          0.227
 272          0.157
 273          0.082
 274          0.111
 275          0.098
 276          0.078
 277          0.108
 278          0.120
 279          0.092
 280          0.107
 281          0.109
 282          0.091
 283          0.119
 284          0.091
 285          0.077
 286          0.097
 287          0.105
 288          0.090
 289          0.065
 290          0.047
 291          0.040
 292          0.096
 293          0.091
 294          0.082
 295          0.094
 296          0.134
 297          0.113
 298          0.120
 299          0.102
 300          0.074
 301          0.064
 302          0.062
 303          0.090
 304          0.125
 305          0.076
 306          0.035
 307          0.057
 308          0.057
 309          0.067
 310          0.072
 311          0.082
 312          0.092
 313          0.111
 314          0.109
 315          0.147
 316          0.107
 317          0.097
 318          0.068
 319          0.077
 320          0.031
 321          0.087
 322          0.124
 323          0.091
 324          0.111
 325          0.178
 326          0.183
 327          0.125
 328          0.042
 329          0.077
 330          0.104
 331          0.145
 332          0.084
 333          0.088
 334          0.041
 335          0.050
 336          0.067
 337          0.020
 338          0.022
 339          0.046
 340          0.076
 341          0.106
 342          0.121
 343          0.115
 344          0.115
 345          0.120
 346          0.146
 347          0.116
 348          0.127
 349          0.082
 350          0.123
 351          0.144
 352          0.120
 353          0.152
 354          0.217
 355          0.196
 356          0.130
 357          0.113
 358          0.063
 359          0.079
 360          0.069
 361          0.097
 362          0.088
 363          0.091
 364          0.109
 365          0.100
 366          0.165
 367          0.210
 368          0.162
 369          0.064
 370          0.036
 371          0.015
 372          0.009
 373          0.040
 374          0.037
 375          0.051
 376          0.068
 377          0.040
 378          0.065
 379          0.038
 380          0.008
 381          0.014
 382          0.060
 383          0.063
 384          0.125
 385          0.046
 386          0.089
 387          0.052
 388          0.081
 389          0.077
 390          0.036
 391          0.063
 392          0.252
 393          0.390
 394          0.560
 395          0.393
 396          0.292
 397          0.081
 398          0.081
 399          0.106
 400          0.098
 401          0.157
 402          0.178
 403          0.222
 404          0.173
 405          0.054
 406          0.077
 407          0.056
 408          0.050
 409          0.070
 410          0.021
 411          0.025
 412          0.128
 413          0.108
 414          0.091
 415          0.090
 416          0.099
 417          0.067
 418          0.049
 419          0.081
 420          0.072
 421          0.050
 422          0.021
 423          0.066
 424          0.079
 425          0.148
 426          0.099
 427          0.066
 428          0.084
 429          0.141
 430          0.145
 431          0.184
 432          0.191
 433          0.062
 434          0.122
 435          0.099
 436          0.134
 437          0.103
 438          0.123
 439          0.124
 440          0.112
 441          0.126
 442          0.137
 443          0.094
 444          0.111
 445          0.120
 446          0.120
 447          0.082
 448          0.035
 449          0.030
 450          0.060
 451          0.058
 452          0.057
 453          0.047
 454          0.037
 455          0.055
 456          0.147
 457          0.151
 458          0.141
 459          0.141
 460          0.133
 461          0.070
 462          0.098
 463          0.156
 464          0.193
 465          0.160
 466          0.160
 467          0.159
 468          0.174
 469          0.198
 470          0.175
 471          0.186
 472          0.123
 473          0.123
 474          0.151
 475          0.215
 476          0.204
 477          0.246
 478          0.272
 479          0.266
 480          0.253
 481          0.193
 482          0.169
 483          0.167
 484          0.078
 485          0.059
 486          0.046
 487          0.057

# Average distance: 0.101 nm
