# Atom index    Distance (nm)
   1          0.337
   2          0.417
   3          0.480
   4          0.311
   5          0.080
   6          0.104
   7          0.132
   8          0.127
   9          0.148
  10          0.171
  11          0.153
  12          0.126
  13          0.135
  14          0.132
  15          0.169
  16          0.183
  17          0.192
  18          0.204
  19          0.186
  20          0.167
  21          0.216
  22          0.211
  23          0.217
  24          0.176
  25          0.102
  26          0.119
  27          0.171
  28          0.285
  29          0.170
  30          0.123
  31          0.163
  32          0.232
  33          0.106
  34          0.133
  35          0.120
  36          0.190
  37          0.144
  38          0.165
  39          0.168
  40          0.100
  41          0.075
  42          0.056
  43          0.104
  44          0.044
  45          0.130
  46          0.268
  47          0.238
  48          0.193
  49          0.317
  50          0.184
  51          0.154
  52          0.260
  53          0.186
  54          0.154
  55          0.118
  56          0.139
  57          0.021
  58          0.049
  59          0.084
  60          0.090
  61          0.057
  62          0.066
  63          0.114
  64          0.118
  65          0.144
  66          0.161
  67          0.351
  68          0.557
  69          0.382
  70          0.331
  71          0.142
  72          0.111
  73          0.105
  74          0.075
  75          0.078
  76          0.090
  77          0.115
  78          0.150
  79          0.175
  80          0.128
  81          0.113
  82          0.140
  83          0.139
  84          0.073
  85          0.078
  86          0.065
  87          0.119
  88          0.137
  89          0.089
  90          0.111
  91          0.121
  92          0.124
  93          0.103
  94          0.115
  95          0.104
  96          0.117
  97          0.124
  98          0.104
  99          0.080
 100          0.125
 101          0.200
 102          0.083
 103          0.095
 104          0.171
 105          0.161
 106          0.168
 107          0.155
 108          0.266
 109          0.258
 110          0.310
 111          0.256
 112          0.198
 113          0.202
 114          0.220
 115          0.228
 116          0.252
 117          0.236
 118          0.221
 119          0.220
 120          0.183
 121          0.246
 122          0.232
 123          0.246
 124          0.142
 125          0.141
 126          0.140
 127          0.141
 128          0.122
 129          0.126
 130          0.112
 131          0.112
 132          0.115
 133          0.083
 134          0.042
 135          0.044
 136          0.062
 137          0.088
 138          0.090
 139          0.114
 140          0.147
 141          0.179
 142          0.201
 143          0.162
 144          0.170
 145          0.096
 146          0.105
 147          0.151
 148          0.117
 149          0.079
 150          0.068
 151          0.099
 152          0.123
 153          0.136
 154          0.141
 155          0.092
 156          0.072
 157          0.071
 158          0.148
 159          0.171
 160          0.154
 161          0.054
 162          0.077
 163          0.064
 164          0.079
 165          0.052
 166          0.053
 167          0.078
 168          0.063
 169          0.069
 170          0.062
 171          0.036
 172          0.033
 173          0.028
 174          0.031
 175          0.066
 176          0.074
 177          0.111
 178          0.147
 179          0.082
 180          0.117
 181          0.050
 182          0.032
 183          0.122
 184          0.125
 185          0.122
 186          0.045
 187          0.087
 188          0.023
 189          0.014
 190          0.057
 191          0.070
 192          0.097
 193          0.197
 194          0.173
 195          0.186
 196          0.116
 197          0.077
 198          0.117
 199          0.211
 200          0.299
 201          0.169
 202          0.241
 203          0.182
 204          0.074
 205          0.125
 206          0.044
 207          0.052
 208          0.026
 209          0.061
 210          0.038
 211          0.053
 212          0.036
 213          0.192
 214          0.192
 215          0.070
 216          0.060
 217          0.053
 218          0.061
 219          0.060
 220          0.189
 221          0.259
 222          0.143
 223          0.136
 224          0.094
 225          0.085
 226          0.100
 227          0.112
 228          0.168
 229          0.290
 230          0.332
 231          0.267
 232          0.165
 233          0.101
 234          0.134
 235          0.112
 236          0.091
 237          0.133
 238          0.383
 239          0.638
 240          0.938
 241          0.462
 242          0.180
 243          0.314
 244          0.352
 245          0.269
 246          0.132
 247          0.131
 248          0.101
 249          0.125
 250          0.117
 251          0.078
 252          0.101
 253          0.074
 254          0.075
 255          0.093
 256          0.061
 257          0.044
 258          0.041
 259          0.074
 260          0.095
 261          0.186
 262          0.325
 263          0.311
 264          0.211
 265          0.141
 266          0.093
 267          0.082
 268          0.111
 269          0.194
 270          0.159
 271          0.149
 272          0.186
 273          0.111
 274          0.067
 275          0.123
 276          0.159
 277          0.120
 278          0.158
 279          0.133
 280          0.110
 281          0.128
 282          0.086
 283          0.040
 284          0.085
 285          0.108
 286          0.063
 287          0.024
 288          0.049
 289          0.082
 290          0.106
 291          0.113
 292          0.154
 293          0.125
 294          0.160
 295          0.190
 296          0.185
 297          0.164
 298          0.151
 299          0.101
 300          0.052
 301          0.036
 302          0.038
 303          0.057
 304          0.071
 305          0.045
 306          0.040
 307          0.038
 308          0.029
 309          0.052
 310          0.083
 311          0.123
 312          0.084
 313          0.131
 314          0.199
 315          0.178
 316          0.135
 317          0.072
 318          0.094
 319          0.116
 320          0.121
 321          0.059
 322          0.036
 323          0.063
 324          0.034
 325          0.085
 326          0.164
 327          0.138
 328          0.046
 329          0.078
 330          0.107
 331          0.129
 332          0.106
 333          0.178
 334          0.063
 335          0.103
 336          0.086
 337          0.048
 338          0.108
 339          0.155
 340          0.128
 341          0.108
 342          0.168
 343          0.148
 344          0.124
 345          0.120
 346          0.199
 347          0.209
 348          0.170
 349          0.121
 350          0.150
 351          0.177
 352          0.382
 353          0.307
 354          0.252
 355          0.198
 356          0.187
 357          0.111
 358          0.165
 359          0.169
 360          0.242
 361          0.187
 362          0.192
 363          0.206
 364          0.265
 365          0.220
 366          0.224
 367          0.201
 368          0.191
 369          0.142
 370          0.155
 371          0.155
 372          0.101
 373          0.047
 374          0.069
 375          0.056
 376          0.088
 377          0.075
 378          0.109
 379          0.075
 380          0.049
 381          0.066
 382          0.060
 383          0.092
 384          0.068
 385          0.074
 386          0.120
 387          0.121
 388          0.116
 389          0.097
 390          0.111
 391          0.198
 392          0.305
 393          0.413
 394          0.746
 395          0.693
 396          0.448
 397          0.246
 398          0.146
 399          0.224
 400          0.223
 401          0.200
 402          0.182
 403          0.167
 404          0.151
 405          0.137
 406          0.143
 407          0.119
 408          0.072
 409          0.073
 410          0.064
 411          0.102
 412          0.049
 413          0.087
 414          0.076
 415          0.034
 416          0.078
 417          0.064
 418          0.114
 419          0.051
 420          0.058
 421          0.103
 422          0.182
 423          0.218
 424          0.216
 425          0.104
 426          0.120
 427          0.117
 428          0.145
 429          0.172
 430          0.194
 431          0.335
 432          0.243
 433          0.220
 434          0.123
 435          0.140
 436          0.137
 437          0.085
 438          0.124
 439          0.092
 440          0.120
 441          0.119
 442          0.069
 443          0.091
 444          0.087
 445          0.036
 446          0.028
 447          0.043
 448          0.048
 449          0.031
 450          0.085
 451          0.091
 452          0.098
 453          0.091
 454          0.098
 455          0.085
 456          0.103
 457          0.099
 458          0.090
 459          0.097
 460          0.102
 461          0.126
 462          0.118
 463          0.116
 464          0.136
 465          0.175
 466          0.224
 467          0.249
 468          0.310
 469          0.268
 470          0.123
 471          0.215
 472          0.135
 473          0.096
 474          0.067
 475          0.072
 476          0.285
 477          0.255
 478          0.186
 479          0.156
 480          0.179
 481          0.173
 482          0.208
 483          0.147
 484          0.068
 485          0.069
 486          0.066
 487          0.075

# Average distance: 0.142 nm
