# Atom index    Distance (nm)
   1          0.110
   2          0.084
   3          0.188
   4          0.096
   5          0.084
   6          0.145
   7          0.123
   8          0.072
   9          0.074
  10          0.052
  11          0.059
  12          0.117
  13          0.191
  14          0.158
  15          0.063
  16          0.049
  17          0.057
  18          0.067
  19          0.093
  20          0.104
  21          0.123
  22          0.089
  23          0.039
  24          0.162
  25          0.124
  26          0.111
  27          0.115
  28          0.117
  29          0.101
  30          0.049
  31          0.078
  32          0.099
  33          0.069
  34          0.074
  35          0.033
  36          0.109
  37          0.127
  38          0.088
  39          0.087
  40          0.076
  41          0.074
  42          0.060
  43          0.070
  44          0.096
  45          0.157
  46          0.331
  47          0.357
  48          0.280
  49          0.426
  50          0.509
  51          0.435
  52          0.164
  53          0.121
  54          0.075
  55          0.094
  56          0.087
  57          0.137
  58          0.143
  59          0.139
  60          0.103
  61          0.114
  62          0.120
  63          0.089
  64          0.096
  65          0.099
  66          0.099
  67          0.194
  68          0.251
  69          0.257
  70          0.139
  71          0.092
  72          0.101
  73          0.062
  74          0.086
  75          0.061
  76          0.068
  77          0.079
  78          0.091
  79          0.075
  80          0.156
  81          0.076
  82          0.112
  83          0.086
  84          0.102
  85          0.077
  86          0.076
  87          0.055
  88          0.073
  89          0.098
  90          0.051
  91          0.024
  92          0.036
  93          0.043
  94          0.044
  95          0.060
  96          0.035
  97          0.038
  98          0.071
  99          0.063
 100          0.054
 101          0.120
 102          0.073
 103          0.049
 104          0.069
 105          0.030
 106          0.037
 107          0.073
 108          0.087
 109          0.077
 110          0.068
 111          0.058
 112          0.025
 113          0.058
 114          0.049
 115          0.042
 116          0.144
 117          0.132
 118          0.078
 119          0.080
 120          0.076
 121          0.123
 122          0.140
 123          0.100
 124          0.053
 125          0.080
 126          0.028
 127          0.020
 128          0.069
 129          0.082
 130          0.088
 131          0.068
 132          0.043
 133          0.024
 134          0.063
 135          0.036
 136          0.032
 137          0.080
 138          0.060
 139          0.015
 140          0.038
 141          0.081
 142          0.084
 143          0.155
 144          0.145
 145          0.110
 146          0.050
 147          0.035
 148          0.057
 149          0.043
 150          0.069
 151          0.096
 152          0.107
 153          0.115
 154          0.092
 155          0.119
 156          0.082
 157          0.064
 158          0.060
 159          0.054
 160          0.103
 161          0.097
 162          0.119
 163          0.118
 164          0.056
 165          0.138
 166          0.124
 167          0.134
 168          0.054
 169          0.009
 170          0.020
 171          0.033
 172          0.068
 173          0.077
 174          0.048
 175          0.066
 176          0.030
 177          0.087
 178          0.046
 179          0.037
 180          0.051
 181          0.023
 182          0.022
 183          0.084
 184          0.062
 185          0.025
 186          0.088
 187          0.083
 188          0.054
 189          0.046
 190          0.077
 191          0.107
 192          0.135
 193          0.112
 194          0.064
 195          0.120
 196          0.027
 197          0.054
 198          0.094
 199          0.158
 200          0.165
 201          0.066
 202          0.089
 203          0.079
 204          0.043
 205          0.018
 206          0.040
 207          0.041
 208          0.041
 209          0.089
 210          0.071
 211          0.109
 212          0.077
 213          0.082
 214          0.073
 215          0.074
 216          0.071
 217          0.034
 218          0.063
 219          0.084
 220          0.159
 221          0.171
 222          0.069
 223          0.137
 224          0.124
 225          0.078
 226          0.055
 227          0.053
 228          0.086
 229          0.216
 230          0.182
 231          0.257
 232          0.038
 233          0.051
 234          0.097
 235          0.127
 236          0.100
 237          0.156
 238          0.209
 239          0.328
 240          0.220
 241          0.166
 242          0.185
 243          0.220
 244          0.140
 245          0.127
 246          0.099
 247          0.068
 248          0.026
 249          0.083
 250          0.078
 251          0.088
 252          0.086
 253          0.075
 254          0.097
 255          0.055
 256          0.080
 257          0.082
 258          0.088
 259          0.128
 260          0.143
 261          0.090
 262          0.085
 263          0.070
 264          0.104
 265          0.105
 266          0.116
 267          0.114
 268          0.120
 269          0.124
 270          0.093
 271          0.054
 272          0.197
 273          0.118
 274          0.195
 275          0.105
 276          0.091
 277          0.086
 278          0.149
 279          0.157
 280          0.176
 281          0.170
 282          0.151
 283          0.164
 284          0.155
 285          0.180
 286          0.130
 287          0.084
 288          0.051
 289          0.034
 290          0.023
 291          0.069
 292          0.055
 293          0.115
 294          0.133
 295          0.077
 296          0.063
 297          0.099
 298          0.111
 299          0.136
 300          0.159
 301          0.055
 302          0.097
 303          0.110
 304          0.141
 305          0.184
 306          0.167
 307          0.122
 308          0.099
 309          0.077
 310          0.107
 311          0.099
 312          0.149
 313          0.204
 314          0.134
 315          0.099
 316          0.074
 317          0.087
 318          0.111
 319          0.089
 320          0.126
 321          0.170
 322          0.156
 323          0.180
 324          0.163
 325          0.255
 326          0.272
 327          0.181
 328          0.146
 329          0.149
 330          0.141
 331          0.140
 332          0.104
 333          0.096
 334          0.059
 335          0.085
 336          0.074
 337          0.030
 338          0.031
 339          0.037
 340          0.046
 341          0.058
 342          0.066
 343          0.090
 344          0.069
 345          0.071
 346          0.060
 347          0.068
 348          0.060
 349          0.054
 350          0.057
 351          0.047
 352          0.069
 353          0.124
 354          0.192
 355          0.137
 356          0.113
 357          0.052
 358          0.083
 359          0.036
 360          0.049
 361          0.064
 362          0.085
 363          0.098
 364          0.095
 365          0.100
 366          0.112
 367          0.081
 368          0.055
 369          0.050
 370          0.046
 371          0.099
 372          0.085
 373          0.078
 374          0.046
 375          0.067
 376          0.059
 377          0.033
 378          0.021
 379          0.042
 380          0.049
 381          0.025
 382          0.057
 383          0.046
 384          0.057
 385          0.062
 386          0.025
 387          0.033
 388          0.072
 389          0.069
 390          0.053
 391          0.062
 392          0.059
 393          0.120
 394          0.243
 395          0.143
 396          0.094
 397          0.049
 398          0.049
 399          0.067
 400          0.032
 401          0.043
 402          0.046
 403          0.049
 404          0.058
 405          0.030
 406          0.066
 407          0.059
 408          0.028
 409          0.034
 410          0.021
 411          0.010
 412          0.081
 413          0.107
 414          0.227
 415          0.127
 416          0.052
 417          0.055
 418          0.018
 419          0.027
 420          0.063
 421          0.078
 422          0.177
 423          0.066
 424          0.111
 425          0.079
 426          0.076
 427          0.061
 428          0.063
 429          0.059
 430          0.069
 431          0.189
 432          0.163
 433          0.075
 434          0.041
 435          0.057
 436          0.083
 437          0.066
 438          0.072
 439          0.101
 440          0.145
 441          0.122
 442          0.122
 443          0.072
 444          0.052
 445          0.036
 446          0.037
 447          0.007
 448          0.044
 449          0.059
 450          0.082
 451          0.100
 452          0.090
 453          0.050
 454          0.050
 455          0.050
 456          0.054
 457          0.054
 458          0.047
 459          0.067
 460          0.068
 461          0.096
 462          0.081
 463          0.072
 464          0.043
 465          0.077
 466          0.089
 467          0.086
 468          0.044
 469          0.048
 470          0.060
 471          0.096
 472          0.073
 473          0.072
 474          0.040
 475          0.062
 476          0.064
 477          0.063
 478          0.068
 479          0.091
 480          0.078
 481          0.110
 482          0.077
 483          0.067
 484          0.036
 485          0.031
 486          0.030
 487          0.015

# Average distance: 0.092 nm
