# Atom index    Distance (nm)
   1          0.277
   2          0.084
   3          0.187
   4          0.179
   5          0.180
   6          0.112
   7          0.036
   8          0.028
   9          0.045
  10          0.057
  11          0.076
  12          0.065
  13          0.095
  14          0.095
  15          0.112
  16          0.089
  17          0.083
  18          0.088
  19          0.084
  20          0.137
  21          0.233
  22          0.318
  23          0.250
  24          0.242
  25          0.260
  26          0.161
  27          0.078
  28          0.091
  29          0.096
  30          0.111
  31          0.148
  32          0.161
  33          0.126
  34          0.094
  35          0.084
  36          0.086
  37          0.077
  38          0.092
  39          0.085
  40          0.051
  41          0.096
  42          0.127
  43          0.075
  44          0.085
  45          0.069
  46          0.085
  47          0.115
  48          0.060
  49          0.140
  50          0.083
  51          0.127
  52          0.055
  53          0.075
  54          0.053
  55          0.058
  56          0.043
  57          0.099
  58          0.087
  59          0.109
  60          0.109
  61          0.099
  62          0.125
  63          0.126
  64          0.105
  65          0.104
  66          0.098
  67          0.112
  68          0.131
  69          0.120
  70          0.092
  71          0.131
  72          0.150
  73          0.214
  74          0.157
  75          0.248
  76          0.242
  77          0.259
  78          0.301
  79          0.182
  80          0.075
  81          0.128
  82          0.116
  83          0.105
  84          0.095
  85          0.099
  86          0.092
  87          0.117
  88          0.085
  89          0.124
  90          0.118
  91          0.120
  92          0.120
  93          0.094
  94          0.105
  95          0.117
  96          0.121
  97          0.099
  98          0.115
  99          0.123
 100          0.119
 101          0.110
 102          0.099
 103          0.125
 104          0.119
 105          0.095
 106          0.146
 107          0.126
 108          0.132
 109          0.160
 110          0.110
 111          0.106
 112          0.109
 113          0.131
 114          0.137
 115          0.132
 116          0.137
 117          0.103
 118          0.120
 119          0.096
 120          0.102
 121          0.094
 122          0.096
 123          0.126
 124          0.119
 125          0.101
 126          0.137
 127          0.100
 128          0.033
 129          0.037
 130          0.027
 131          0.042
 132          0.109
 133          0.101
 134          0.107
 135          0.083
 136          0.081
 137          0.083
 138          0.112
 139          0.098
 140          0.102
 141          0.101
 142          0.103
 143          0.130
 144          0.094
 145          0.116
 146          0.129
 147          0.133
 148          0.127
 149          0.104
 150          0.069
 151          0.069
 152          0.109
 153          0.089
 154          0.116
 155          0.115
 156          0.097
 157          0.121
 158          0.146
 159          0.088
 160          0.142
 161          0.096
 162          0.110
 163          0.069
 164          0.073
 165          0.040
 166          0.045
 167          0.063
 168          0.039
 169          0.087
 170          0.035
 171          0.093
 172          0.079
 173          0.022
 174          0.047
 175          0.072
 176          0.062
 177          0.016
 178          0.041
 179          0.067
 180          0.040
 181          0.020
 182          0.040
 183          0.051
 184          0.047
 185          0.020
 186          0.076
 187          0.076
 188          0.057
 189          0.057
 190          0.062
 191          0.139
 192          0.177
 193          0.178
 194          0.089
 195          0.133
 196          0.074
 197          0.073
 198          0.102
 199          0.097
 200          0.083
 201          0.083
 202          0.071
 203          0.102
 204          0.109
 205          0.086
 206          0.070
 207          0.050
 208          0.064
 209          0.117
 210          0.085
 211          0.043
 212          0.055
 213          0.172
 214          0.050
 215          0.045
 216          0.043
 217          0.051
 218          0.121
 219          0.053
 220          0.086
 221          0.032
 222          0.076
 223          0.130
 224          0.072
 225          0.051
 226          0.039
 227          0.054
 228          0.062
 229          0.159
 230          0.187
 231          0.082
 232          0.093
 233          0.087
 234          0.058
 235          0.052
 236          0.104
 237          0.077
 238          0.148
 239          0.119
 240          0.155
 241          0.183
 242          0.093
 243          0.080
 244          0.060
 245          0.051
 246          0.059
 247          0.040
 248          0.023
 249          0.034
 250          0.084
 251          0.165
 252          0.103
 253          0.036
 254          0.094
 255          0.097
 256          0.095
 257          0.121
 258          0.123
 259          0.039
 260          0.075
 261          0.114
 262          0.182
 263          0.156
 264          0.119
 265          0.049
 266          0.071
 267          0.063
 268          0.108
 269          0.195
 270          0.197
 271          0.293
 272          0.212
 273          0.163
 274          0.142
 275          0.134
 276          0.188
 277          0.103
 278          0.079
 279          0.099
 280          0.140
 281          0.147
 282          0.123
 283          0.116
 284          0.067
 285          0.035
 286          0.074
 287          0.078
 288          0.081
 289          0.101
 290          0.106
 291          0.125
 292          0.127
 293          0.152
 294          0.225
 295          0.103
 296          0.185
 297          0.205
 298          0.107
 299          0.108
 300          0.092
 301          0.085
 302          0.098
 303          0.122
 304          0.125
 305          0.176
 306          0.193
 307          0.166
 308          0.095
 309          0.090
 310          0.096
 311          0.098
 312          0.122
 313          0.117
 314          0.070
 315          0.043
 316          0.142
 317          0.089
 318          0.100
 319          0.118
 320          0.180
 321          0.185
 322          0.156
 323          0.171
 324          0.123
 325          0.205
 326          0.099
 327          0.046
 328          0.071
 329          0.071
 330          0.045
 331          0.104
 332          0.074
 333          0.085
 334          0.024
 335          0.024
 336          0.063
 337          0.102
 338          0.077
 339          0.087
 340          0.096
 341          0.052
 342          0.056
 343          0.035
 344          0.068
 345          0.082
 346          0.093
 347          0.096
 348          0.090
 349          0.050
 350          0.123
 351          0.227
 352          0.345
 353          0.439
 354          0.317
 355          0.204
 356          0.228
 357          0.135
 358          0.105
 359          0.091
 360          0.125
 361          0.148
 362          0.162
 363          0.143
 364          0.097
 365          0.162
 366          0.066
 367          0.106
 368          0.137
 369          0.106
 370          0.100
 371          0.099
 372          0.104
 373          0.121
 374          0.067
 375          0.074
 376          0.058
 377          0.038
 378          0.094
 379          0.061
 380          0.072
 381          0.092
 382          0.089
 383          0.125
 384          0.118
 385          0.060
 386          0.075
 387          0.137
 388          0.130
 389          0.121
 390          0.156
 391          0.097
 392          0.045
 393          0.068
 394          0.054
 395          0.139
 396          0.156
 397          0.165
 398          0.131
 399          0.132
 400          0.168
 401          0.157
 402          0.072
 403          0.136
 404          0.169
 405          0.190
 406          0.198
 407          0.156
 408          0.141
 409          0.160
 410          0.152
 411          0.136
 412          0.160
 413          0.169
 414          0.142
 415          0.095
 416          0.152
 417          0.143
 418          0.111
 419          0.120
 420          0.161
 421          0.198
 422          0.247
 423          0.191
 424          0.192
 425          0.191
 426          0.079
 427          0.068
 428          0.080
 429          0.120
 430          0.156
 431          0.176
 432          0.181
 433          0.131
 434          0.156
 435          0.126
 436          0.113
 437          0.152
 438          0.185
 439          0.153
 440          0.124
 441          0.167
 442          0.177
 443          0.157
 444          0.091
 445          0.082
 446          0.056
 447          0.068
 448          0.083
 449          0.087
 450          0.101
 451          0.154
 452          0.196
 453          0.110
 454          0.112
 455          0.063
 456          0.085
 457          0.092
 458          0.098
 459          0.109
 460          0.178
 461          0.143
 462          0.163
 463          0.137
 464          0.096
 465          0.152
 466          0.261
 467          0.406
 468          0.444
 469          0.301
 470          0.130
 471          0.168
 472          0.141
 473          0.177
 474          0.166
 475          0.205
 476          0.191
 477          0.141
 478          0.135
 479          0.125
 480          0.096
 481          0.079
 482          0.045
 483          0.042
 484          0.056
 485          0.072
 486          0.078
 487          0.100

# Average distance: 0.114 nm
