# Atom index    Distance (nm)
   1          0.061
   2          0.178
   3          0.193
   4          0.123
   5          0.097
   6          0.060
   7          0.115
   8          0.124
   9          0.150
  10          0.131
  11          0.144
  12          0.162
  13          0.238
  14          0.291
  15          0.286
  16          0.228
  17          0.147
  18          0.109
  19          0.145
  20          0.156
  21          0.206
  22          0.254
  23          0.210
  24          0.095
  25          0.155
  26          0.172
  27          0.149
  28          0.153
  29          0.136
  30          0.114
  31          0.198
  32          0.251
  33          0.211
  34          0.174
  35          0.213
  36          0.219
  37          0.154
  38          0.163
  39          0.131
  40          0.117
  41          0.109
  42          0.052
  43          0.068
  44          0.078
  45          0.111
  46          0.200
  47          0.323
  48          0.469
  49          0.439
  50          0.364
  51          0.157
  52          0.151
  53          0.036
  54          0.067
  55          0.071
  56          0.072
  57          0.096
  58          0.172
  59          0.206
  60          0.248
  61          0.192
  62          0.136
  63          0.113
  64          0.099
  65          0.089
  66          0.118
  67          0.113
  68          0.169
  69          0.099
  70          0.118
  71          0.087
  72          0.116
  73          0.158
  74          0.112
  75          0.125
  76          0.124
  77          0.128
  78          0.078
  79          0.056
  80          0.049
  81          0.070
  82          0.114
  83          0.061
  84          0.045
  85          0.049
  86          0.023
  87          0.061
  88          0.049
  89          0.108
  90          0.197
  91          0.302
  92          0.293
  93          0.261
  94          0.140
  95          0.115
  96          0.115
  97          0.102
  98          0.077
  99          0.049
 100          0.050
 101          0.046
 102          0.045
 103          0.055
 104          0.061
 105          0.067
 106          0.068
 107          0.108
 108          0.157
 109          0.154
 110          0.140
 111          0.251
 112          0.126
 113          0.083
 114          0.100
 115          0.110
 116          0.159
 117          0.088
 118          0.160
 119          0.166
 120          0.126
 121          0.184
 122          0.199
 123          0.168
 124          0.099
 125          0.152
 126          0.151
 127          0.161
 128          0.150
 129          0.151
 130          0.131
 131          0.132
 132          0.111
 133          0.068
 134          0.033
 135          0.021
 136          0.047
 137          0.062
 138          0.078
 139          0.073
 140          0.102
 141          0.116
 142          0.064
 143          0.061
 144          0.089
 145          0.071
 146          0.075
 147          0.069
 148          0.083
 149          0.167
 150          0.290
 151          0.264
 152          0.178
 153          0.390
 154          0.230
 155          0.133
 156          0.132
 157          0.090
 158          0.081
 159          0.079
 160          0.046
 161          0.065
 162          0.079
 163          0.065
 164          0.055
 165          0.032
 166          0.029
 167          0.060
 168          0.071
 169          0.078
 170          0.076
 171          0.069
 172          0.070
 173          0.107
 174          0.117
 175          0.152
 176          0.256
 177          0.263
 178          0.136
 179          0.162
 180          0.125
 181          0.113
 182          0.088
 183          0.082
 184          0.105
 185          0.094
 186          0.105
 187          0.160
 188          0.122
 189          0.108
 190          0.083
 191          0.046
 192          0.014
 193          0.048
 194          0.050
 195          0.091
 196          0.123
 197          0.118
 198          0.114
 199          0.181
 200          0.126
 201          0.223
 202          0.192
 203          0.048
 204          0.109
 205          0.148
 206          0.154
 207          0.188
 208          0.078
 209          0.113
 210          0.034
 211          0.030
 212          0.062
 213          0.125
 214          0.033
 215          0.056
 216          0.048
 217          0.113
 218          0.151
 219          0.147
 220          0.181
 221          0.184
 222          0.104
 223          0.118
 224          0.096
 225          0.072
 226          0.044
 227          0.049
 228          0.150
 229          0.111
 230          0.135
 231          0.084
 232          0.015
 233          0.016
 234          0.023
 235          0.011
 236          0.060
 237          0.152
 238          0.197
 239          0.261
 240          0.139
 241          0.092
 242          0.128
 243          0.268
 244          0.154
 245          0.050
 246          0.059
 247          0.030
 248          0.063
 249          0.044
 250          0.049
 251          0.081
 252          0.048
 253          0.077
 254          0.126
 255          0.190
 256          0.091
 257          0.056
 258          0.021
 259          0.022
 260          0.049
 261          0.063
 262          0.050
 263          0.017
 264          0.050
 265          0.085
 266          0.085
 267          0.106
 268          0.103
 269          0.051
 270          0.068
 271          0.109
 272          0.134
 273          0.109
 274          0.124
 275          0.112
 276          0.114
 277          0.110
 278          0.095
 279          0.098
 280          0.090
 281          0.123
 282          0.068
 283          0.081
 284          0.097
 285          0.098
 286          0.056
 287          0.015
 288          0.082
 289          0.113
 290          0.128
 291          0.222
 292          0.160
 293          0.117
 294          0.093
 295          0.108
 296          0.122
 297          0.143
 298          0.125
 299          0.096
 300          0.142
 301          0.115
 302          0.140
 303          0.135
 304          0.041
 305          0.094
 306          0.130
 307          0.145
 308          0.085
 309          0.116
 310          0.150
 311          0.173
 312          0.185
 313          0.228
 314          0.225
 315          0.147
 316          0.130
 317          0.127
 318          0.129
 319          0.149
 320          0.130
 321          0.132
 322          0.117
 323          0.151
 324          0.132
 325          0.195
 326          0.203
 327          0.179
 328          0.150
 329          0.133
 330          0.128
 331          0.106
 332          0.106
 333          0.069
 334          0.070
 335          0.128
 336          0.088
 337          0.096
 338          0.069
 339          0.018
 340          0.015
 341          0.056
 342          0.108
 343          0.118
 344          0.167
 345          0.237
 346          0.168
 347          0.103
 348          0.067
 349          0.068
 350          0.067
 351          0.072
 352          0.105
 353          0.089
 354          0.067
 355          0.102
 356          0.095
 357          0.067
 358          0.101
 359          0.149
 360          0.109
 361          0.104
 362          0.085
 363          0.086
 364          0.090
 365          0.078
 366          0.065
 367          0.068
 368          0.045
 369          0.046
 370          0.083
 371          0.049
 372          0.044
 373          0.097
 374          0.116
 375          0.094
 376          0.100
 377          0.044
 378          0.054
 379          0.027
 380          0.051
 381          0.066
 382          0.082
 383          0.032
 384          0.030
 385          0.058
 386          0.037
 387          0.059
 388          0.100
 389          0.113
 390          0.139
 391          0.126
 392          0.097
 393          0.199
 394          0.126
 395          0.118
 396          0.108
 397          0.074
 398          0.121
 399          0.139
 400          0.092
 401          0.086
 402          0.136
 403          0.128
 404          0.185
 405          0.031
 406          0.058
 407          0.064
 408          0.055
 409          0.036
 410          0.047
 411          0.073
 412          0.076
 413          0.073
 414          0.083
 415          0.056
 416          0.113
 417          0.122
 418          0.110
 419          0.065
 420          0.063
 421          0.059
 422          0.035
 423          0.043
 424          0.040
 425          0.094
 426          0.088
 427          0.073
 428          0.063
 429          0.093
 430          0.069
 431          0.069
 432          0.096
 433          0.092
 434          0.101
 435          0.111
 436          0.100
 437          0.076
 438          0.064
 439          0.051
 440          0.070
 441          0.089
 442          0.108
 443          0.112
 444          0.102
 445          0.086
 446          0.091
 447          0.103
 448          0.059
 449          0.063
 450          0.077
 451          0.111
 452          0.131
 453          0.084
 454          0.081
 455          0.060
 456          0.112
 457          0.110
 458          0.123
 459          0.142
 460          0.151
 461          0.127
 462          0.157
 463          0.140
 464          0.152
 465          0.128
 466          0.067
 467          0.088
 468          0.030
 469          0.034
 470          0.087
 471          0.094
 472          0.115
 473          0.105
 474          0.240
 475          0.263
 476          0.228
 477          0.238
 478          0.197
 479          0.144
 480          0.160
 481          0.073
 482          0.108
 483          0.080
 484          0.065
 485          0.123
 486          0.104
 487          0.098

# Average distance: 0.113 nm
