# Atom index    Distance (nm)
   1          0.135
   2          0.159
   3          0.183
   4          0.153
   5          0.125
   6          0.055
   7          0.035
   8          0.067
   9          0.058
  10          0.077
  11          0.094
  12          0.155
  13          0.239
  14          0.235
  15          0.189
  16          0.103
  17          0.075
  18          0.089
  19          0.067
  20          0.078
  21          0.145
  22          0.205
  23          0.302
  24          0.197
  25          0.099
  26          0.144
  27          0.067
  28          0.053
  29          0.033
  30          0.076
  31          0.063
  32          0.119
  33          0.149
  34          0.105
  35          0.035
  36          0.087
  37          0.062
  38          0.071
  39          0.055
  40          0.057
  41          0.100
  42          0.122
  43          0.114
  44          0.109
  45          0.313
  46          0.605
  47          0.525
  48          0.365
  49          0.199
  50          0.300
  51          0.150
  52          0.058
  53          0.050
  54          0.090
  55          0.067
  56          0.065
  57          0.086
  58          0.120
  59          0.160
  60          0.268
  61          0.171
  62          0.128
  63          0.077
  64          0.074
  65          0.150
  66          0.149
  67          0.212
  68          0.310
  69          0.285
  70          0.248
  71          0.132
  72          0.169
  73          0.116
  74          0.104
  75          0.129
  76          0.138
  77          0.123
  78          0.154
  79          0.095
  80          0.155
  81          0.209
  82          0.164
  83          0.054
  84          0.080
  85          0.046
  86          0.136
  87          0.185
  88          0.188
  89          0.172
  90          0.128
  91          0.144
  92          0.175
  93          0.163
  94          0.146
  95          0.140
  96          0.134
  97          0.134
  98          0.124
  99          0.121
 100          0.169
 101          0.158
 102          0.172
 103          0.193
 104          0.184
 105          0.143
 106          0.130
 107          0.130
 108          0.144
 109          0.112
 110          0.149
 111          0.256
 112          0.113
 113          0.144
 114          0.155
 115          0.158
 116          0.230
 117          0.191
 118          0.143
 119          0.109
 120          0.137
 121          0.132
 122          0.125
 123          0.081
 124          0.100
 125          0.129
 126          0.171
 127          0.164
 128          0.111
 129          0.025
 130          0.063
 131          0.037
 132          0.066
 133          0.058
 134          0.042
 135          0.060
 136          0.102
 137          0.102
 138          0.063
 139          0.072
 140          0.107
 141          0.108
 142          0.091
 143          0.122
 144          0.101
 145          0.074
 146          0.077
 147          0.070
 148          0.059
 149          0.087
 150          0.178
 151          0.184
 152          0.155
 153          0.314
 154          0.155
 155          0.084
 156          0.083
 157          0.075
 158          0.077
 159          0.085
 160          0.074
 161          0.024
 162          0.044
 163          0.084
 164          0.055
 165          0.052
 166          0.025
 167          0.043
 168          0.034
 169          0.064
 170          0.075
 171          0.089
 172          0.084
 173          0.078
 174          0.130
 175          0.082
 176          0.128
 177          0.150
 178          0.154
 179          0.071
 180          0.090
 181          0.134
 182          0.120
 183          0.079
 184          0.052
 185          0.050
 186          0.055
 187          0.097
 188          0.054
 189          0.063
 190          0.075
 191          0.067
 192          0.135
 193          0.125
 194          0.134
 195          0.098
 196          0.105
 197          0.098
 198          0.120
 199          0.169
 200          0.115
 201          0.137
 202          0.063
 203          0.052
 204          0.038
 205          0.059
 206          0.065
 207          0.081
 208          0.050
 209          0.055
 210          0.068
 211          0.075
 212          0.134
 213          0.087
 214          0.081
 215          0.082
 216          0.077
 217          0.068
 218          0.103
 219          0.164
 220          0.157
 221          0.096
 222          0.116
 223          0.116
 224          0.078
 225          0.108
 226          0.116
 227          0.101
 228          0.089
 229          0.200
 230          0.269
 231          0.142
 232          0.139
 233          0.092
 234          0.093
 235          0.123
 236          0.181
 237          0.202
 238          0.403
 239          0.389
 240          0.297
 241          0.360
 242          0.218
 243          0.055
 244          0.088
 245          0.087
 246          0.069
 247          0.060
 248          0.047
 249          0.053
 250          0.111
 251          0.093
 252          0.124
 253          0.075
 254          0.116
 255          0.054
 256          0.044
 257          0.038
 258          0.028
 259          0.034
 260          0.026
 261          0.027
 262          0.109
 263          0.140
 264          0.112
 265          0.062
 266          0.060
 267          0.066
 268          0.107
 269          0.144
 270          0.120
 271          0.170
 272          0.051
 273          0.080
 274          0.149
 275          0.126
 276          0.138
 277          0.135
 278          0.113
 279          0.128
 280          0.147
 281          0.109
 282          0.101
 283          0.093
 284          0.085
 285          0.073
 286          0.092
 287          0.053
 288          0.070
 289          0.073
 290          0.077
 291          0.082
 292          0.074
 293          0.146
 294          0.190
 295          0.211
 296          0.181
 297          0.153
 298          0.098
 299          0.095
 300          0.124
 301          0.093
 302          0.114
 303          0.117
 304          0.125
 305          0.134
 306          0.141
 307          0.184
 308          0.150
 309          0.123
 310          0.127
 311          0.125
 312          0.184
 313          0.185
 314          0.179
 315          0.150
 316          0.151
 317          0.129
 318          0.127
 319          0.134
 320          0.135
 321          0.119
 322          0.179
 323          0.160
 324          0.174
 325          0.190
 326          0.112
 327          0.104
 328          0.127
 329          0.131
 330          0.052
 331          0.056
 332          0.029
 333          0.069
 334          0.066
 335          0.097
 336          0.061
 337          0.039
 338          0.072
 339          0.049
 340          0.053
 341          0.047
 342          0.044
 343          0.061
 344          0.043
 345          0.037
 346          0.062
 347          0.048
 348          0.027
 349          0.055
 350          0.071
 351          0.086
 352          0.083
 353          0.165
 354          0.201
 355          0.168
 356          0.151
 357          0.114
 358          0.071
 359          0.102
 360          0.128
 361          0.052
 362          0.106
 363          0.064
 364          0.078
 365          0.092
 366          0.106
 367          0.055
 368          0.054
 369          0.065
 370          0.029
 371          0.031
 372          0.033
 373          0.029
 374          0.032
 375          0.026
 376          0.026
 377          0.038
 378          0.056
 379          0.122
 380          0.065
 381          0.068
 382          0.087
 383          0.109
 384          0.138
 385          0.096
 386          0.099
 387          0.106
 388          0.048
 389          0.037
 390          0.042
 391          0.043
 392          0.047
 393          0.088
 394          0.100
 395          0.085
 396          0.074
 397          0.149
 398          0.077
 399          0.073
 400          0.076
 401          0.071
 402          0.068
 403          0.128
 404          0.106
 405          0.119
 406          0.078
 407          0.105
 408          0.089
 409          0.069
 410          0.093
 411          0.148
 412          0.079
 413          0.096
 414          0.111
 415          0.124
 416          0.088
 417          0.063
 418          0.105
 419          0.082
 420          0.134
 421          0.099
 422          0.143
 423          0.147
 424          0.192
 425          0.171
 426          0.156
 427          0.132
 428          0.168
 429          0.196
 430          0.155
 431          0.195
 432          0.197
 433          0.214
 434          0.181
 435          0.139
 436          0.129
 437          0.129
 438          0.100
 439          0.146
 440          0.121
 441          0.113
 442          0.061
 443          0.067
 444          0.131
 445          0.081
 446          0.057
 447          0.061
 448          0.029
 449          0.063
 450          0.067
 451          0.082
 452          0.076
 453          0.083
 454          0.072
 455          0.081
 456          0.079
 457          0.089
 458          0.093
 459          0.133
 460          0.124
 461          0.103
 462          0.205
 463          0.112
 464          0.126
 465          0.164
 466          0.154
 467          0.143
 468          0.174
 469          0.236
 470          0.172
 471          0.167
 472          0.149
 473          0.174
 474          0.255
 475          0.340
 476          0.291
 477          0.138
 478          0.098
 479          0.092
 480          0.104
 481          0.148
 482          0.167
 483          0.127
 484          0.137
 485          0.113
 486          0.108
 487          0.105

# Average distance: 0.116 nm
