# Atom index    Distance (nm)
   1          0.364
   2          0.317
   3          0.117
   4          0.055
   5          0.035
   6          0.074
   7          0.073
   8          0.024
   9          0.017
  10          0.031
  11          0.058
  12          0.056
  13          0.129
  14          0.133
  15          0.132
  16          0.123
  17          0.087
  18          0.094
  19          0.137
  20          0.133
  21          0.118
  22          0.147
  23          0.248
  24          0.190
  25          0.149
  26          0.141
  27          0.143
  28          0.137
  29          0.162
  30          0.077
  31          0.086
  32          0.099
  33          0.061
  34          0.047
  35          0.074
  36          0.091
  37          0.099
  38          0.063
  39          0.050
  40          0.057
  41          0.056
  42          0.071
  43          0.051
  44          0.062
  45          0.103
  46          0.041
  47          0.101
  48          0.072
  49          0.078
  50          0.075
  51          0.084
  52          0.118
  53          0.137
  54          0.141
  55          0.076
  56          0.080
  57          0.071
  58          0.082
  59          0.099
  60          0.147
  61          0.128
  62          0.109
  63          0.077
  64          0.088
  65          0.164
  66          0.129
  67          0.067
  68          0.108
  69          0.076
  70          0.102
  71          0.037
  72          0.028
  73          0.105
  74          0.080
  75          0.116
  76          0.136
  77          0.140
  78          0.152
  79          0.147
  80          0.098
  81          0.122
  82          0.170
  83          0.074
  84          0.108
  85          0.123
  86          0.129
  87          0.123
  88          0.125
  89          0.104
  90          0.149
  91          0.163
  92          0.155
  93          0.063
  94          0.097
  95          0.085
  96          0.090
  97          0.084
  98          0.129
  99          0.135
 100          0.169
 101          0.102
 102          0.146
 103          0.173
 104          0.118
 105          0.076
 106          0.054
 107          0.062
 108          0.097
 109          0.113
 110          0.191
 111          0.193
 112          0.129
 113          0.036
 114          0.080
 115          0.087
 116          0.124
 117          0.113
 118          0.157
 119          0.167
 120          0.106
 121          0.100
 122          0.103
 123          0.076
 124          0.077
 125          0.086
 126          0.056
 127          0.065
 128          0.064
 129          0.056
 130          0.077
 131          0.068
 132          0.046
 133          0.032
 134          0.056
 135          0.048
 136          0.071
 137          0.079
 138          0.065
 139          0.054
 140          0.064
 141          0.141
 142          0.164
 143          0.156
 144          0.118
 145          0.083
 146          0.035
 147          0.082
 148          0.062
 149          0.105
 150          0.082
 151          0.050
 152          0.122
 153          0.198
 154          0.052
 155          0.091
 156          0.006
 157          0.058
 158          0.044
 159          0.153
 160          0.151
 161          0.121
 162          0.125
 163          0.091
 164          0.047
 165          0.035
 166          0.053
 167          0.049
 168          0.031
 169          0.022
 170          0.024
 171          0.027
 172          0.021
 173          0.038
 174          0.123
 175          0.140
 176          0.145
 177          0.197
 178          0.166
 179          0.130
 180          0.092
 181          0.031
 182          0.040
 183          0.069
 184          0.063
 185          0.041
 186          0.050
 187          0.038
 188          0.052
 189          0.067
 190          0.050
 191          0.071
 192          0.083
 193          0.087
 194          0.095
 195          0.116
 196          0.110
 197          0.112
 198          0.109
 199          0.134
 200          0.079
 201          0.066
 202          0.100
 203          0.107
 204          0.067
 205          0.048
 206          0.086
 207          0.079
 208          0.093
 209          0.116
 210          0.075
 211          0.047
 212          0.036
 213          0.035
 214          0.039
 215          0.036
 216          0.074
 217          0.104
 218          0.078
 219          0.077
 220          0.063
 221          0.067
 222          0.120
 223          0.074
 224          0.066
 225          0.084
 226          0.122
 227          0.070
 228          0.028
 229          0.031
 230          0.154
 231          0.086
 232          0.063
 233          0.094
 234          0.083
 235          0.087
 236          0.115
 237          0.126
 238          0.168
 239          0.092
 240          0.087
 241          0.188
 242          0.223
 243          0.248
 244          0.109
 245          0.120
 246          0.111
 247          0.084
 248          0.075
 249          0.051
 250          0.026
 251          0.080
 252          0.033
 253          0.064
 254          0.066
 255          0.020
 256          0.025
 257          0.005
 258          0.033
 259          0.049
 260          0.040
 261          0.070
 262          0.117
 263          0.117
 264          0.056
 265          0.076
 266          0.055
 267          0.047
 268          0.052
 269          0.053
 270          0.057
 271          0.100
 272          0.074
 273          0.042
 274          0.041
 275          0.022
 276          0.041
 277          0.027
 278          0.077
 279          0.055
 280          0.079
 281          0.087
 282          0.057
 283          0.060
 284          0.046
 285          0.058
 286          0.053
 287          0.052
 288          0.028
 289          0.035
 290          0.016
 291          0.022
 292          0.078
 293          0.043
 294          0.050
 295          0.088
 296          0.060
 297          0.074
 298          0.054
 299          0.057
 300          0.047
 301          0.049
 302          0.034
 303          0.029
 304          0.015
 305          0.041
 306          0.040
 307          0.016
 308          0.049
 309          0.048
 310          0.042
 311          0.023
 312          0.022
 313          0.023
 314          0.031
 315          0.032
 316          0.034
 317          0.060
 318          0.027
 319          0.029
 320          0.074
 321          0.042
 322          0.071
 323          0.086
 324          0.089
 325          0.014
 326          0.041
 327          0.050
 328          0.029
 329          0.062
 330          0.053
 331          0.054
 332          0.049
 333          0.068
 334          0.061
 335          0.054
 336          0.057
 337          0.092
 338          0.092
 339          0.083
 340          0.081
 341          0.057
 342          0.048
 343          0.044
 344          0.092
 345          0.067
 346          0.054
 347          0.056
 348          0.065
 349          0.056
 350          0.047
 351          0.054
 352          0.059
 353          0.125
 354          0.169
 355          0.082
 356          0.065
 357          0.025
 358          0.021
 359          0.072
 360          0.059
 361          0.042
 362          0.073
 363          0.049
 364          0.037
 365          0.115
 366          0.162
 367          0.171
 368          0.080
 369          0.049
 370          0.090
 371          0.119
 372          0.064
 373          0.030
 374          0.024
 375          0.043
 376          0.054
 377          0.045
 378          0.066
 379          0.056
 380          0.048
 381          0.024
 382          0.013
 383          0.031
 384          0.045
 385          0.063
 386          0.055
 387          0.098
 388          0.023
 389          0.028
 390          0.044
 391          0.044
 392          0.041
 393          0.096
 394          0.119
 395          0.094
 396          0.021
 397          0.039
 398          0.057
 399          0.057
 400          0.042
 401          0.044
 402          0.066
 403          0.058
 404          0.065
 405          0.052
 406          0.041
 407          0.041
 408          0.044
 409          0.065
 410          0.083
 411          0.063
 412          0.083
 413          0.091
 414          0.099
 415          0.083
 416          0.109
 417          0.098
 418          0.105
 419          0.086
 420          0.122
 421          0.092
 422          0.256
 423          0.168
 424          0.173
 425          0.112
 426          0.105
 427          0.054
 428          0.061
 429          0.088
 430          0.365
 431          0.247
 432          0.094
 433          0.033
 434          0.051
 435          0.066
 436          0.088
 437          0.042
 438          0.099
 439          0.132
 440          0.156
 441          0.170
 442          0.119
 443          0.091
 444          0.085
 445          0.121
 446          0.075
 447          0.039
 448          0.048
 449          0.039
 450          0.030
 451          0.021
 452          0.055
 453          0.044
 454          0.022
 455          0.038
 456          0.083
 457          0.045
 458          0.041
 459          0.158
 460          0.233
 461          0.204
 462          0.107
 463          0.082
 464          0.095
 465          0.070
 466          0.053
 467          0.105
 468          0.072
 469          0.097
 470          0.038
 471          0.030
 472          0.052
 473          0.020
 474          0.028
 475          0.051
 476          0.064
 477          0.148
 478          0.152
 479          0.108
 480          0.091
 481          0.076
 482          0.094
 483          0.087
 484          0.074
 485          0.074
 486          0.038
 487          0.062

# Average distance: 0.082 nm
