# Atom index    Distance (nm)
   1          0.188
   2          0.124
   3          0.097
   4          0.075
   5          0.075
   6          0.063
   7          0.036
   8          0.016
   9          0.054
  10          0.058
  11          0.040
  12          0.053
  13          0.098
  14          0.088
  15          0.057
  16          0.044
  17          0.055
  18          0.066
  19          0.097
  20          0.066
  21          0.056
  22          0.050
  23          0.098
  24          0.101
  25          0.094
  26          0.114
  27          0.113
  28          0.047
  29          0.044
  30          0.025
  31          0.057
  32          0.092
  33          0.057
  34          0.055
  35          0.117
  36          0.162
  37          0.119
  38          0.075
  39          0.053
  40          0.055
  41          0.058
  42          0.060
  43          0.096
  44          0.067
  45          0.085
  46          0.103
  47          0.139
  48          0.135
  49          0.152
  50          0.152
  51          0.118
  52          0.110
  53          0.108
  54          0.091
  55          0.117
  56          0.085
  57          0.028
  58          0.055
  59          0.043
  60          0.049
  61          0.089
  62          0.093
  63          0.096
  64          0.117
  65          0.091
  66          0.094
  67          0.101
  68          0.148
  69          0.138
  70          0.174
  71          0.055
  72          0.071
  73          0.116
  74          0.101
  75          0.119
  76          0.151
  77          0.149
  78          0.133
  79          0.114
  80          0.131
  81          0.138
  82          0.143
  83          0.141
  84          0.088
  85          0.101
  86          0.044
  87          0.060
  88          0.087
  89          0.108
  90          0.069
  91          0.146
  92          0.115
  93          0.097
  94          0.052
  95          0.094
  96          0.109
  97          0.072
  98          0.087
  99          0.103
 100          0.081
 101          0.141
 102          0.137
 103          0.105
 104          0.156
 105          0.075
 106          0.091
 107          0.028
 108          0.023
 109          0.043
 110          0.038
 111          0.104
 112          0.048
 113          0.060
 114          0.069
 115          0.110
 116          0.115
 117          0.145
 118          0.150
 119          0.277
 120          0.171
 121          0.137
 122          0.058
 123          0.026
 124          0.068
 125          0.017
 126          0.069
 127          0.071
 128          0.043
 129          0.020
 130          0.018
 131          0.045
 132          0.089
 133          0.081
 134          0.055
 135          0.060
 136          0.051
 137          0.032
 138          0.020
 139          0.039
 140          0.043
 141          0.081
 142          0.082
 143          0.079
 144          0.095
 145          0.057
 146          0.034
 147          0.019
 148          0.014
 149          0.040
 150          0.031
 151          0.070
 152          0.060
 153          0.055
 154          0.052
 155          0.059
 156          0.044
 157          0.039
 158          0.089
 159          0.040
 160          0.075
 161          0.023
 162          0.037
 163          0.054
 164          0.048
 165          0.052
 166          0.092
 167          0.076
 168          0.064
 169          0.072
 170          0.062
 171          0.060
 172          0.080
 173          0.069
 174          0.041
 175          0.057
 176          0.080
 177          0.081
 178          0.067
 179          0.096
 180          0.078
 181          0.073
 182          0.072
 183          0.071
 184          0.064
 185          0.063
 186          0.059
 187          0.070
 188          0.068
 189          0.032
 190          0.082
 191          0.072
 192          0.129
 193          0.199
 194          0.162
 195          0.148
 196          0.125
 197          0.119
 198          0.112
 199          0.034
 200          0.049
 201          0.163
 202          0.148
 203          0.088
 204          0.074
 205          0.084
 206          0.088
 207          0.048
 208          0.078
 209          0.086
 210          0.082
 211          0.074
 212          0.051
 213          0.040
 214          0.074
 215          0.066
 216          0.043
 217          0.037
 218          0.031
 219          0.111
 220          0.159
 221          0.181
 222          0.124
 223          0.131
 224          0.120
 225          0.074
 226          0.054
 227          0.025
 228          0.117
 229          0.142
 230          0.140
 231          0.185
 232          0.088
 233          0.095
 234          0.084
 235          0.143
 236          0.145
 237          0.102
 238          0.050
 239          0.081
 240          0.160
 241          0.148
 242          0.120
 243          0.179
 244          0.165
 245          0.117
 246          0.089
 247          0.037
 248          0.017
 249          0.015
 250          0.099
 251          0.099
 252          0.033
 253          0.030
 254          0.044
 255          0.028
 256          0.030
 257          0.057
 258          0.058
 259          0.051
 260          0.064
 261          0.139
 262          0.373
 263          0.370
 264          0.220
 265          0.143
 266          0.085
 267          0.067
 268          0.072
 269          0.086
 270          0.158
 271          0.268
 272          0.142
 273          0.067
 274          0.086
 275          0.093
 276          0.093
 277          0.094
 278          0.261
 279          0.165
 280          0.100
 281          0.108
 282          0.083
 283          0.082
 284          0.094
 285          0.106
 286          0.089
 287          0.082
 288          0.058
 289          0.047
 290          0.059
 291          0.023
 292          0.089
 293          0.109
 294          0.070
 295          0.112
 296          0.097
 297          0.061
 298          0.100
 299          0.088
 300          0.042
 301          0.075
 302          0.088
 303          0.101
 304          0.087
 305          0.073
 306          0.079
 307          0.056
 308          0.036
 309          0.071
 310          0.077
 311          0.080
 312          0.104
 313          0.123
 314          0.121
 315          0.114
 316          0.045
 317          0.009
 318          0.025
 319          0.066
 320          0.067
 321          0.072
 322          0.041
 323          0.092
 324          0.047
 325          0.103
 326          0.087
 327          0.070
 328          0.054
 329          0.087
 330          0.107
 331          0.093
 332          0.089
 333          0.091
 334          0.071
 335          0.083
 336          0.086
 337          0.049
 338          0.026
 339          0.044
 340          0.054
 341          0.103
 342          0.135
 343          0.106
 344          0.100
 345          0.109
 346          0.112
 347          0.098
 348          0.099
 349          0.096
 350          0.101
 351          0.129
 352          0.106
 353          0.229
 354          0.162
 355          0.155
 356          0.103
 357          0.097
 358          0.069
 359          0.080
 360          0.143
 361          0.156
 362          0.108
 363          0.189
 364          0.174
 365          0.155
 366          0.127
 367          0.117
 368          0.102
 369          0.036
 370          0.037
 371          0.030
 372          0.026
 373          0.054
 374          0.040
 375          0.041
 376          0.012
 377          0.044
 378          0.052
 379          0.088
 380          0.062
 381          0.030
 382          0.018
 383          0.059
 384          0.070
 385          0.039
 386          0.005
 387          0.037
 388          0.061
 389          0.070
 390          0.086
 391          0.116
 392          0.186
 393          0.156
 394          0.383
 395          0.212
 396          0.094
 397          0.095
 398          0.058
 399          0.067
 400          0.097
 401          0.039
 402          0.067
 403          0.075
 404          0.078
 405          0.047
 406          0.067
 407          0.051
 408          0.054
 409          0.032
 410          0.047
 411          0.076
 412          0.036
 413          0.008
 414          0.057
 415          0.066
 416          0.101
 417          0.028
 418          0.061
 419          0.058
 420          0.049
 421          0.048
 422          0.014
 423          0.140
 424          0.111
 425          0.062
 426          0.052
 427          0.054
 428          0.073
 429          0.096
 430          0.072
 431          0.144
 432          0.224
 433          0.182
 434          0.070
 435          0.097
 436          0.085
 437          0.055
 438          0.053
 439          0.103
 440          0.099
 441          0.059
 442          0.048
 443          0.055
 444          0.074
 445          0.059
 446          0.058
 447          0.095
 448          0.094
 449          0.046
 450          0.055
 451          0.067
 452          0.091
 453          0.037
 454          0.074
 455          0.058
 456          0.086
 457          0.080
 458          0.061
 459          0.112
 460          0.093
 461          0.093
 462          0.034
 463          0.054
 464          0.057
 465          0.038
 466          0.046
 467          0.050
 468          0.063
 469          0.066
 470          0.062
 471          0.058
 472          0.046
 473          0.110
 474          0.092
 475          0.104
 476          0.104
 477          0.039
 478          0.104
 479          0.086
 480          0.085
 481          0.057
 482          0.049
 483          0.073
 484          0.073
 485          0.061
 486          0.064
 487          0.089

# Average distance: 0.085 nm
