# Atom index    Distance (nm)
   1          0.132
   2          0.108
   3          0.151
   4          0.113
   5          0.124
   6          0.098
   7          0.082
   8          0.043
   9          0.044
  10          0.023
  11          0.077
  12          0.046
  13          0.102
  14          0.033
  15          0.079
  16          0.073
  17          0.042
  18          0.078
  19          0.106
  20          0.081
  21          0.062
  22          0.119
  23          0.055
  24          0.075
  25          0.096
  26          0.106
  27          0.119
  28          0.100
  29          0.098
  30          0.122
  31          0.011
  32          0.118
  33          0.144
  34          0.112
  35          0.116
  36          0.137
  37          0.069
  38          0.044
  39          0.080
  40          0.030
  41          0.084
  42          0.087
  43          0.115
  44          0.106
  45          0.116
  46          0.181
  47          0.196
  48          0.078
  49          0.217
  50          0.267
  51          0.246
  52          0.196
  53          0.069
  54          0.114
  55          0.120
  56          0.098
  57          0.066
  58          0.074
  59          0.047
  60          0.040
  61          0.159
  62          0.151
  63          0.146
  64          0.136
  65          0.153
  66          0.176
  67          0.324
  68          0.545
  69          0.388
  70          0.247
  71          0.109
  72          0.160
  73          0.127
  74          0.124
  75          0.192
  76          0.160
  77          0.163
  78          0.237
  79          0.197
  80          0.262
  81          0.266
  82          0.246
  83          0.191
  84          0.150
  85          0.111
  86          0.122
  87          0.169
  88          0.157
  89          0.219
  90          0.217
  91          0.199
  92          0.196
  93          0.176
  94          0.163
  95          0.188
  96          0.174
  97          0.154
  98          0.124
  99          0.143
 100          0.158
 101          0.211
 102          0.169
 103          0.174
 104          0.168
 105          0.152
 106          0.154
 107          0.133
 108          0.134
 109          0.113
 110          0.096
 111          0.114
 112          0.186
 113          0.127
 114          0.127
 115          0.186
 116          0.172
 117          0.103
 118          0.116
 119          0.022
 120          0.096
 121          0.141
 122          0.207
 123          0.191
 124          0.173
 125          0.148
 126          0.160
 127          0.034
 128          0.047
 129          0.035
 130          0.053
 131          0.096
 132          0.181
 133          0.167
 134          0.113
 135          0.122
 136          0.114
 137          0.111
 138          0.072
 139          0.078
 140          0.083
 141          0.081
 142          0.091
 143          0.089
 144          0.109
 145          0.131
 146          0.115
 147          0.117
 148          0.067
 149          0.042
 150          0.091
 151          0.156
 152          0.169
 153          0.227
 154          0.165
 155          0.096
 156          0.126
 157          0.067
 158          0.039
 159          0.082
 160          0.103
 161          0.088
 162          0.101
 163          0.105
 164          0.090
 165          0.062
 166          0.084
 167          0.089
 168          0.060
 169          0.072
 170          0.087
 171          0.053
 172          0.114
 173          0.106
 174          0.095
 175          0.090
 176          0.115
 177          0.179
 178          0.160
 179          0.097
 180          0.100
 181          0.063
 182          0.059
 183          0.073
 184          0.074
 185          0.121
 186          0.137
 187          0.135
 188          0.104
 189          0.046
 190          0.050
 191          0.053
 192          0.075
 193          0.105
 194          0.088
 195          0.095
 196          0.088
 197          0.084
 198          0.122
 199          0.216
 200          0.204
 201          0.128
 202          0.081
 203          0.093
 204          0.070
 205          0.076
 206          0.076
 207          0.084
 208          0.093
 209          0.081
 210          0.085
 211          0.074
 212          0.070
 213          0.105
 214          0.111
 215          0.123
 216          0.101
 217          0.072
 218          0.053
 219          0.036
 220          0.112
 221          0.107
 222          0.080
 223          0.056
 224          0.075
 225          0.067
 226          0.093
 227          0.100
 228          0.124
 229          0.135
 230          0.100
 231          0.053
 232          0.038
 233          0.095
 234          0.047
 235          0.080
 236          0.063
 237          0.100
 238          0.056
 239          0.055
 240          0.069
 241          0.015
 242          0.056
 243          0.128
 244          0.079
 245          0.069
 246          0.107
 247          0.109
 248          0.129
 249          0.112
 250          0.130
 251          0.143
 252          0.134
 253          0.108
 254          0.136
 255          0.136
 256          0.070
 257          0.025
 258          0.033
 259          0.028
 260          0.105
 261          0.097
 262          0.140
 263          0.203
 264          0.196
 265          0.140
 266          0.063
 267          0.055
 268          0.089
 269          0.063
 270          0.163
 271          0.162
 272          0.199
 273          0.137
 274          0.130
 275          0.086
 276          0.088
 277          0.106
 278          0.087
 279          0.073
 280          0.090
 281          0.092
 282          0.060
 283          0.060
 284          0.060
 285          0.012
 286          0.032
 287          0.052
 288          0.054
 289          0.074
 290          0.083
 291          0.046
 292          0.106
 293          0.132
 294          0.134
 295          0.207
 296          0.199
 297          0.120
 298          0.097
 299          0.101
 300          0.073
 301          0.090
 302          0.103
 303          0.081
 304          0.064
 305          0.034
 306          0.081
 307          0.097
 308          0.117
 309          0.118
 310          0.112
 311          0.149
 312          0.150
 313          0.201
 314          0.213
 315          0.131
 316          0.108
 317          0.127
 318          0.140
 319          0.127
 320          0.148
 321          0.205
 322          0.224
 323          0.200
 324          0.166
 325          0.152
 326          0.126
 327          0.138
 328          0.137
 329          0.128
 330          0.119
 331          0.096
 332          0.114
 333          0.155
 334          0.069
 335          0.048
 336          0.053
 337          0.100
 338          0.076
 339          0.074
 340          0.114
 341          0.107
 342          0.158
 343          0.154
 344          0.215
 345          0.261
 346          0.184
 347          0.217
 348          0.166
 349          0.135
 350          0.151
 351          0.130
 352          0.179
 353          0.169
 354          0.191
 355          0.139
 356          0.130
 357          0.106
 358          0.089
 359          0.144
 360          0.174
 361          0.182
 362          0.243
 363          0.202
 364          0.167
 365          0.187
 366          0.143
 367          0.140
 368          0.112
 369          0.118
 370          0.115
 371          0.088
 372          0.038
 373          0.080
 374          0.120
 375          0.080
 376          0.078
 377          0.105
 378          0.130
 379          0.129
 380          0.181
 381          0.195
 382          0.173
 383          0.192
 384          0.189
 385          0.231
 386          0.181
 387          0.169
 388          0.153
 389          0.144
 390          0.188
 391          0.185
 392          0.138
 393          0.088
 394          0.203
 395          0.068
 396          0.168
 397          0.147
 398          0.115
 399          0.132
 400          0.125
 401          0.154
 402          0.214
 403          0.214
 404          0.215
 405          0.217
 406          0.223
 407          0.198
 408          0.182
 409          0.132
 410          0.090
 411          0.096
 412          0.139
 413          0.107
 414          0.089
 415          0.021
 416          0.031
 417          0.034
 418          0.072
 419          0.156
 420          0.212
 421          0.183
 422          0.185
 423          0.192
 424          0.234
 425          0.193
 426          0.117
 427          0.099
 428          0.098
 429          0.080
 430          0.063
 431          0.114
 432          0.076
 433          0.076
 434          0.054
 435          0.098
 436          0.099
 437          0.194
 438          0.261
 439          0.110
 440          0.147
 441          0.101
 442          0.119
 443          0.119
 444          0.106
 445          0.082
 446          0.070
 447          0.055
 448          0.018
 449          0.070
 450          0.077
 451          0.132
 452          0.146
 453          0.116
 454          0.110
 455          0.064
 456          0.060
 457          0.069
 458          0.086
 459          0.077
 460          0.158
 461          0.128
 462          0.123
 463          0.121
 464          0.115
 465          0.118
 466          0.081
 467          0.071
 468          0.077
 469          0.124
 470          0.099
 471          0.102
 472          0.078
 473          0.117
 474          0.119
 475          0.124
 476          0.125
 477          0.167
 478          0.090
 479          0.043
 480          0.104
 481          0.219
 482          0.272
 483          0.172
 484          0.118
 485          0.092
 486          0.135
 487          0.191

# Average distance: 0.121 nm
