# Atom index    Distance (nm)
   1          0.297
   2          0.308
   3          0.322
   4          0.257
   5          0.089
   6          0.053
   7          0.062
   8          0.052
   9          0.045
  10          0.066
  11          0.043
  12          0.072
  13          0.091
  14          0.084
  15          0.094
  16          0.077
  17          0.067
  18          0.078
  19          0.061
  20          0.061
  21          0.178
  22          0.155
  23          0.047
  24          0.030
  25          0.015
  26          0.118
  27          0.081
  28          0.029
  29          0.079
  30          0.069
  31          0.118
  32          0.107
  33          0.094
  34          0.078
  35          0.071
  36          0.076
  37          0.052
  38          0.038
  39          0.050
  40          0.079
  41          0.090
  42          0.055
  43          0.050
  44          0.041
  45          0.068
  46          0.124
  47          0.292
  48          0.394
  49          0.382
  50          0.230
  51          0.182
  52          0.128
  53          0.021
  54          0.047
  55          0.051
  56          0.036
  57          0.036
  58          0.044
  59          0.093
  60          0.096
  61          0.082
  62          0.078
  63          0.026
  64          0.049
  65          0.068
  66          0.094
  67          0.087
  68          0.196
  69          0.165
  70          0.161
  71          0.106
  72          0.118
  73          0.084
  74          0.068
  75          0.044
  76          0.046
  77          0.050
  78          0.117
  79          0.053
  80          0.022
  81          0.080
  82          0.078
  83          0.062
  84          0.028
  85          0.051
  86          0.054
  87          0.082
  88          0.066
  89          0.016
  90          0.033
  91          0.022
  92          0.027
  93          0.060
  94          0.083
  95          0.034
  96          0.044
  97          0.053
  98          0.071
  99          0.071
 100          0.065
 101          0.075
 102          0.104
 103          0.089
 104          0.103
 105          0.056
 106          0.042
 107          0.070
 108          0.110
 109          0.106
 110          0.130
 111          0.127
 112          0.198
 113          0.073
 114          0.106
 115          0.079
 116          0.081
 117          0.101
 118          0.152
 119          0.124
 120          0.107
 121          0.099
 122          0.115
 123          0.107
 124          0.052
 125          0.045
 126          0.047
 127          0.042
 128          0.050
 129          0.048
 130          0.078
 131          0.054
 132          0.034
 133          0.051
 134          0.069
 135          0.047
 136          0.063
 137          0.096
 138          0.078
 139          0.096
 140          0.065
 141          0.099
 142          0.091
 143          0.079
 144          0.124
 145          0.063
 146          0.077
 147          0.066
 148          0.060
 149          0.128
 150          0.121
 151          0.129
 152          0.085
 153          0.056
 154          0.086
 155          0.074
 156          0.098
 157          0.080
 158          0.095
 159          0.052
 160          0.055
 161          0.056
 162          0.045
 163          0.068
 164          0.077
 165          0.049
 166          0.052
 167          0.071
 168          0.052
 169          0.058
 170          0.051
 171          0.046
 172          0.059
 173          0.044
 174          0.033
 175          0.077
 176          0.119
 177          0.143
 178          0.032
 179          0.087
 180          0.028
 181          0.038
 182          0.046
 183          0.051
 184          0.058
 185          0.068
 186          0.087
 187          0.064
 188          0.040
 189          0.047
 190          0.032
 191          0.078
 192          0.070
 193          0.174
 194          0.122
 195          0.114
 196          0.078
 197          0.078
 198          0.091
 199          0.124
 200          0.097
 201          0.144
 202          0.154
 203          0.081
 204          0.073
 205          0.048
 206          0.061
 207          0.046
 208          0.034
 209          0.074
 210          0.077
 211          0.073
 212          0.065
 213          0.093
 214          0.090
 215          0.091
 216          0.080
 217          0.071
 218          0.057
 219          0.061
 220          0.148
 221          0.049
 222          0.063
 223          0.074
 224          0.132
 225          0.143
 226          0.108
 227          0.108
 228          0.120
 229          0.109
 230          0.093
 231          0.056
 232          0.062
 233          0.064
 234          0.060
 235          0.087
 236          0.113
 237          0.137
 238          0.131
 239          0.085
 240          0.117
 241          0.087
 242          0.145
 243          0.049
 244          0.053
 245          0.050
 246          0.037
 247          0.045
 248          0.035
 249          0.094
 250          0.094
 251          0.168
 252          0.063
 253          0.074
 254          0.117
 255          0.079
 256          0.068
 257          0.051
 258          0.039
 259          0.058
 260          0.025
 261          0.051
 262          0.090
 263          0.093
 264          0.080
 265          0.035
 266          0.026
 267          0.035
 268          0.053
 269          0.059
 270          0.061
 271          0.064
 272          0.079
 273          0.095
 274          0.103
 275          0.046
 276          0.015
 277          0.029
 278          0.030
 279          0.033
 280          0.057
 281          0.098
 282          0.068
 283          0.084
 284          0.082
 285          0.090
 286          0.057
 287          0.044
 288          0.018
 289          0.034
 290          0.028
 291          0.071
 292          0.064
 293          0.048
 294          0.046
 295          0.034
 296          0.048
 297          0.108
 298          0.081
 299          0.074
 300          0.040
 301          0.052
 302          0.061
 303          0.054
 304          0.099
 305          0.072
 306          0.056
 307          0.074
 308          0.052
 309          0.052
 310          0.054
 311          0.058
 312          0.096
 313          0.166
 314          0.153
 315          0.122
 316          0.093
 317          0.074
 318          0.091
 319          0.072
 320          0.109
 321          0.126
 322          0.150
 323          0.145
 324          0.109
 325          0.168
 326          0.111
 327          0.051
 328          0.062
 329          0.060
 330          0.059
 331          0.053
 332          0.036
 333          0.032
 334          0.086
 335          0.049
 336          0.123
 337          0.124
 338          0.103
 339          0.054
 340          0.035
 341          0.039
 342          0.062
 343          0.069
 344          0.034
 345          0.044
 346          0.063
 347          0.057
 348          0.041
 349          0.065
 350          0.061
 351          0.052
 352          0.052
 353          0.045
 354          0.056
 355          0.023
 356          0.042
 357          0.074
 358          0.098
 359          0.097
 360          0.157
 361          0.158
 362          0.220
 363          0.147
 364          0.103
 365          0.152
 366          0.136
 367          0.052
 368          0.043
 369          0.074
 370          0.095
 371          0.083
 372          0.021
 373          0.062
 374          0.060
 375          0.058
 376          0.102
 377          0.084
 378          0.090
 379          0.077
 380          0.057
 381          0.049
 382          0.034
 383          0.017
 384          0.049
 385          0.062
 386          0.075
 387          0.102
 388          0.066
 389          0.048
 390          0.031
 391          0.093
 392          0.127
 393          0.081
 394          0.155
 395          0.205
 396          0.161
 397          0.096
 398          0.114
 399          0.116
 400          0.081
 401          0.101
 402          0.121
 403          0.113
 404          0.094
 405          0.090
 406          0.067
 407          0.071
 408          0.080
 409          0.059
 410          0.092
 411          0.145
 412          0.089
 413          0.039
 414          0.173
 415          0.179
 416          0.052
 417          0.089
 418          0.084
 419          0.079
 420          0.034
 421          0.108
 422          0.158
 423          0.179
 424          0.182
 425          0.103
 426          0.052
 427          0.084
 428          0.096
 429          0.107
 430          0.148
 431          0.152
 432          0.137
 433          0.095
 434          0.086
 435          0.109
 436          0.089
 437          0.075
 438          0.088
 439          0.101
 440          0.132
 441          0.161
 442          0.148
 443          0.138
 444          0.121
 445          0.125
 446          0.095
 447          0.042
 448          0.059
 449          0.077
 450          0.087
 451          0.069
 452          0.069
 453          0.077
 454          0.061
 455          0.047
 456          0.042
 457          0.039
 458          0.060
 459          0.056
 460          0.173
 461          0.116
 462          0.093
 463          0.028
 464          0.057
 465          0.067
 466          0.072
 467          0.076
 468          0.080
 469          0.069
 470          0.109
 471          0.114
 472          0.078
 473          0.076
 474          0.066
 475          0.048
 476          0.039
 477          0.055
 478          0.076
 479          0.066
 480          0.063
 481          0.082
 482          0.044
 483          0.036
 484          0.017
 485          0.063
 486          0.042
 487          0.088

# Average distance: 0.083 nm
