# Atom index    Distance (nm)
   1          0.051
   2          0.072
   3          0.095
   4          0.071
   5          0.086
   6          0.053
   7          0.083
   8          0.074
   9          0.106
  10          0.090
  11          0.100
  12          0.123
  13          0.165
  14          0.199
  15          0.153
  16          0.143
  17          0.085
  18          0.073
  19          0.090
  20          0.155
  21          0.207
  22          0.167
  23          0.210
  24          0.217
  25          0.209
  26          0.178
  27          0.105
  28          0.087
  29          0.111
  30          0.169
  31          0.077
  32          0.055
  33          0.045
  34          0.088
  35          0.111
  36          0.181
  37          0.152
  38          0.099
  39          0.105
  40          0.055
  41          0.070
  42          0.081
  43          0.063
  44          0.039
  45          0.022
  46          0.058
  47          0.034
  48          0.045
  49          0.049
  50          0.040
  51          0.023
  52          0.119
  53          0.147
  54          0.075
  55          0.086
  56          0.084
  57          0.081
  58          0.102
  59          0.131
  60          0.169
  61          0.148
  62          0.161
  63          0.107
  64          0.118
  65          0.123
  66          0.133
  67          0.161
  68          0.160
  69          0.149
  70          0.137
  71          0.153
  72          0.167
  73          0.164
  74          0.150
  75          0.177
  76          0.202
  77          0.167
  78          0.141
  79          0.137
  80          0.095
  81          0.204
  82          0.191
  83          0.103
  84          0.093
  85          0.086
  86          0.092
  87          0.092
  88          0.125
  89          0.117
  90          0.121
  91          0.150
  92          0.110
  93          0.163
  94          0.121
  95          0.094
  96          0.038
  97          0.051
  98          0.078
  99          0.107
 100          0.153
 101          0.132
 102          0.136
 103          0.098
 104          0.077
 105          0.056
 106          0.052
 107          0.072
 108          0.055
 109          0.043
 110          0.095
 111          0.142
 112          0.109
 113          0.050
 114          0.063
 115          0.105
 116          0.106
 117          0.086
 118          0.169
 119          0.171
 120          0.130
 121          0.107
 122          0.107
 123          0.089
 124          0.089
 125          0.062
 126          0.080
 127          0.099
 128          0.085
 129          0.088
 130          0.074
 131          0.079
 132          0.116
 133          0.106
 134          0.126
 135          0.081
 136          0.062
 137          0.079
 138          0.061
 139          0.049
 140          0.050
 141          0.063
 142          0.050
 143          0.044
 144          0.056
 145          0.070
 146          0.064
 147          0.070
 148          0.092
 149          0.081
 150          0.116
 151          0.088
 152          0.138
 153          0.172
 154          0.112
 155          0.056
 156          0.062
 157          0.070
 158          0.065
 159          0.078
 160          0.068
 161          0.102
 162          0.118
 163          0.184
 164          0.179
 165          0.152
 166          0.160
 167          0.153
 168          0.119
 169          0.136
 170          0.099
 171          0.057
 172          0.051
 173          0.060
 174          0.076
 175          0.071
 176          0.145
 177          0.132
 178          0.099
 179          0.094
 180          0.066
 181          0.040
 182          0.036
 183          0.064
 184          0.057
 185          0.092
 186          0.069
 187          0.030
 188          0.052
 189          0.058
 190          0.049
 191          0.045
 192          0.025
 193          0.031
 194          0.018
 195          0.057
 196          0.116
 197          0.096
 198          0.140
 199          0.116
 200          0.144
 201          0.230
 202          0.232
 203          0.120
 204          0.068
 205          0.073
 206          0.080
 207          0.077
 208          0.069
 209          0.069
 210          0.049
 211          0.070
 212          0.079
 213          0.082
 214          0.072
 215          0.073
 216          0.082
 217          0.094
 218          0.099
 219          0.121
 220          0.143
 221          0.156
 222          0.148
 223          0.139
 224          0.093
 225          0.093
 226          0.108
 227          0.075
 228          0.164
 229          0.026
 230          0.123
 231          0.064
 232          0.082
 233          0.063
 234          0.080
 235          0.034
 236          0.078
 237          0.129
 238          0.188
 239          0.231
 240          0.133
 241          0.111
 242          0.151
 243          0.168
 244          0.141
 245          0.128
 246          0.129
 247          0.059
 248          0.037
 249          0.035
 250          0.048
 251          0.099
 252          0.114
 253          0.115
 254          0.076
 255          0.064
 256          0.061
 257          0.080
 258          0.046
 259          0.057
 260          0.059
 261          0.039
 262          0.022
 263          0.038
 264          0.056
 265          0.044
 266          0.048
 267          0.040
 268          0.041
 269          0.074
 270          0.058
 271          0.142
 272          0.120
 273          0.105
 274          0.107
 275          0.064
 276          0.046
 277          0.062
 278          0.060
 279          0.045
 280          0.045
 281          0.084
 282          0.077
 283          0.116
 284          0.086
 285          0.026
 286          0.054
 287          0.075
 288          0.061
 289          0.054
 290          0.049
 291          0.032
 292          0.068
 293          0.148
 294          0.163
 295          0.164
 296          0.155
 297          0.146
 298          0.102
 299          0.043
 300          0.023
 301          0.041
 302          0.104
 303          0.090
 304          0.088
 305          0.132
 306          0.147
 307          0.141
 308          0.117
 309          0.113
 310          0.110
 311          0.118
 312          0.174
 313          0.197
 314          0.210
 315          0.159
 316          0.098
 317          0.097
 318          0.101
 319          0.100
 320          0.126
 321          0.160
 322          0.148
 323          0.164
 324          0.104
 325          0.130
 326          0.121
 327          0.060
 328          0.031
 329          0.064
 330          0.051
 331          0.038
 332          0.066
 333          0.066
 334          0.107
 335          0.145
 336          0.133
 337          0.111
 338          0.076
 339          0.080
 340          0.089
 341          0.055
 342          0.062
 343          0.094
 344          0.103
 345          0.092
 346          0.133
 347          0.084
 348          0.108
 349          0.059
 350          0.037
 351          0.037
 352          0.094
 353          0.112
 354          0.122
 355          0.080
 356          0.086
 357          0.079
 358          0.095
 359          0.073
 360          0.080
 361          0.167
 362          0.370
 363          0.341
 364          0.201
 365          0.188
 366          0.102
 367          0.104
 368          0.110
 369          0.118
 370          0.069
 371          0.047
 372          0.041
 373          0.044
 374          0.063
 375          0.090
 376          0.098
 377          0.111
 378          0.100
 379          0.048
 380          0.053
 381          0.047
 382          0.029
 383          0.035
 384          0.034
 385          0.066
 386          0.080
 387          0.071
 388          0.063
 389          0.047
 390          0.027
 391          0.029
 392          0.054
 393          0.124
 394          0.112
 395          0.095
 396          0.061
 397          0.069
 398          0.024
 399          0.020
 400          0.043
 401          0.046
 402          0.049
 403          0.076
 404          0.184
 405          0.113
 406          0.054
 407          0.066
 408          0.038
 409          0.051
 410          0.082
 411          0.097
 412          0.180
 413          0.158
 414          0.218
 415          0.114
 416          0.106
 417          0.100
 418          0.100
 419          0.024
 420          0.069
 421          0.046
 422          0.146
 423          0.212
 424          0.164
 425          0.095
 426          0.074
 427          0.079
 428          0.061
 429          0.073
 430          0.055
 431          0.068
 432          0.042
 433          0.054
 434          0.042
 435          0.055
 436          0.067
 437          0.086
 438          0.074
 439          0.048
 440          0.141
 441          0.230
 442          0.229
 443          0.196
 444          0.179
 445          0.097
 446          0.080
 447          0.044
 448          0.042
 449          0.028
 450          0.024
 451          0.052
 452          0.051
 453          0.031
 454          0.028
 455          0.030
 456          0.049
 457          0.078
 458          0.116
 459          0.102
 460          0.132
 461          0.195
 462          0.115
 463          0.075
 464          0.053
 465          0.081
 466          0.081
 467          0.102
 468          0.208
 469          0.224
 470          0.138
 471          0.070
 472          0.020
 473          0.051
 474          0.095
 475          0.167
 476          0.174
 477          0.189
 478          0.169
 479          0.133
 480          0.163
 481          0.197
 482          0.207
 483          0.124
 484          0.049
 485          0.034
 486          0.055
 487          0.117

# Average distance: 0.098 nm
