# Atom index    Distance (nm)
   1          0.037
   2          0.279
   3          0.197
   4          0.183
   5          0.125
   6          0.128
   7          0.077
   8          0.086
   9          0.115
  10          0.162
  11          0.123
  12          0.173
  13          0.173
  14          0.117
  15          0.141
  16          0.119
  17          0.157
  18          0.136
  19          0.143
  20          0.154
  21          0.246
  22          0.316
  23          0.268
  24          0.285
  25          0.202
  26          0.191
  27          0.161
  28          0.175
  29          0.179
  30          0.103
  31          0.175
  32          0.202
  33          0.159
  34          0.162
  35          0.149
  36          0.133
  37          0.154
  38          0.150
  39          0.139
  40          0.095
  41          0.043
  42          0.046
  43          0.102
  44          0.101
  45          0.165
  46          0.180
  47          0.175
  48          0.138
  49          0.281
  50          0.261
  51          0.168
  52          0.088
  53          0.081
  54          0.082
  55          0.151
  56          0.163
  57          0.072
  58          0.027
  59          0.065
  60          0.123
  61          0.146
  62          0.124
  63          0.101
  64          0.144
  65          0.175
  66          0.187
  67          0.267
  68          0.239
  69          0.249
  70          0.220
  71          0.283
  72          0.228
  73          0.168
  74          0.121
  75          0.171
  76          0.171
  77          0.174
  78          0.141
  79          0.126
  80          0.147
  81          0.179
  82          0.170
  83          0.156
  84          0.127
  85          0.115
  86          0.081
  87          0.027
  88          0.101
  89          0.286
  90          0.341
  91          0.502
  92          0.184
  93          0.145
  94          0.109
  95          0.163
  96          0.109
  97          0.093
  98          0.055
  99          0.111
 100          0.133
 101          0.127
 102          0.169
 103          0.088
 104          0.125
 105          0.142
 106          0.161
 107          0.183
 108          0.184
 109          0.173
 110          0.204
 111          0.205
 112          0.194
 113          0.178
 114          0.183
 115          0.161
 116          0.172
 117          0.173
 118          0.062
 119          0.265
 120          0.226
 121          0.326
 122          0.212
 123          0.215
 124          0.182
 125          0.156
 126          0.085
 127          0.111
 128          0.082
 129          0.096
 130          0.055
 131          0.057
 132          0.137
 133          0.105
 134          0.062
 135          0.040
 136          0.045
 137          0.047
 138          0.078
 139          0.080
 140          0.054
 141          0.062
 142          0.128
 143          0.066
 144          0.049
 145          0.043
 146          0.060
 147          0.078
 148          0.083
 149          0.069
 150          0.092
 151          0.116
 152          0.126
 153          0.131
 154          0.104
 155          0.101
 156          0.072
 157          0.070
 158          0.041
 159          0.036
 160          0.071
 161          0.069
 162          0.068
 163          0.063
 164          0.055
 165          0.043
 166          0.045
 167          0.035
 168          0.021
 169          0.075
 170          0.076
 171          0.053
 172          0.102
 173          0.135
 174          0.104
 175          0.122
 176          0.078
 177          0.102
 178          0.068
 179          0.016
 180          0.120
 181          0.099
 182          0.131
 183          0.102
 184          0.074
 185          0.059
 186          0.088
 187          0.135
 188          0.137
 189          0.131
 190          0.125
 191          0.136
 192          0.114
 193          0.156
 194          0.109
 195          0.133
 196          0.140
 197          0.162
 198          0.184
 199          0.215
 200          0.269
 201          0.153
 202          0.164
 203          0.155
 204          0.126
 205          0.110
 206          0.060
 207          0.108
 208          0.103
 209          0.093
 210          0.092
 211          0.128
 212          0.123
 213          0.056
 214          0.091
 215          0.097
 216          0.078
 217          0.081
 218          0.118
 219          0.096
 220          0.097
 221          0.068
 222          0.119
 223          0.113
 224          0.106
 225          0.078
 226          0.089
 227          0.085
 228          0.033
 229          0.014
 230          0.062
 231          0.074
 232          0.067
 233          0.069
 234          0.050
 235          0.078
 236          0.079
 237          0.112
 238          0.086
 239          0.051
 240          0.055
 241          0.065
 242          0.065
 243          0.086
 244          0.060
 245          0.108
 246          0.096
 247          0.078
 248          0.056
 249          0.073
 250          0.088
 251          0.065
 252          0.060
 253          0.079
 254          0.086
 255          0.044
 256          0.030
 257          0.045
 258          0.054
 259          0.039
 260          0.092
 261          0.091
 262          0.143
 263          0.169
 264          0.123
 265          0.126
 266          0.107
 267          0.105
 268          0.110
 269          0.173
 270          0.173
 271          0.256
 272          0.038
 273          0.116
 274          0.135
 275          0.130
 276          0.146
 277          0.128
 278          0.181
 279          0.125
 280          0.139
 281          0.147
 282          0.072
 283          0.073
 284          0.065
 285          0.097
 286          0.087
 287          0.059
 288          0.071
 289          0.066
 290          0.033
 291          0.068
 292          0.073
 293          0.076
 294          0.151
 295          0.156
 296          0.066
 297          0.051
 298          0.054
 299          0.023
 300          0.022
 301          0.057
 302          0.111
 303          0.103
 304          0.058
 305          0.079
 306          0.096
 307          0.112
 308          0.035
 309          0.037
 310          0.038
 311          0.043
 312          0.048
 313          0.126
 314          0.166
 315          0.076
 316          0.035
 317          0.083
 318          0.081
 319          0.072
 320          0.061
 321          0.074
 322          0.034
 323          0.072
 324          0.060
 325          0.065
 326          0.060
 327          0.060
 328          0.018
 329          0.023
 330          0.048
 331          0.060
 332          0.038
 333          0.051
 334          0.114
 335          0.103
 336          0.069
 337          0.053
 338          0.030
 339          0.040
 340          0.090
 341          0.126
 342          0.075
 343          0.062
 344          0.077
 345          0.132
 346          0.107
 347          0.065
 348          0.081
 349          0.106
 350          0.121
 351          0.115
 352          0.151
 353          0.182
 354          0.125
 355          0.103
 356          0.088
 357          0.103
 358          0.100
 359          0.082
 360          0.238
 361          0.096
 362          0.097
 363          0.131
 364          0.057
 365          0.054
 366          0.045
 367          0.095
 368          0.077
 369          0.013
 370          0.047
 371          0.067
 372          0.072
 373          0.041
 374          0.026
 375          0.030
 376          0.021
 377          0.039
 378          0.046
 379          0.054
 380          0.065
 381          0.053
 382          0.095
 383          0.109
 384          0.173
 385          0.293
 386          0.194
 387          0.173
 388          0.167
 389          0.173
 390          0.179
 391          0.174
 392          0.150
 393          0.140
 394          0.270
 395          0.232
 396          0.183
 397          0.202
 398          0.185
 399          0.208
 400          0.194
 401          0.207
 402          0.154
 403          0.093
 404          0.091
 405          0.126
 406          0.127
 407          0.028
 408          0.019
 409          0.038
 410          0.083
 411          0.128
 412          0.094
 413          0.110
 414          0.111
 415          0.031
 416          0.068
 417          0.094
 418          0.148
 419          0.105
 420          0.041
 421          0.045
 422          0.041
 423          0.136
 424          0.215
 425          0.179
 426          0.185
 427          0.166
 428          0.198
 429          0.178
 430          0.239
 431          0.210
 432          0.188
 433          0.197
 434          0.256
 435          0.201
 436          0.175
 437          0.164
 438          0.223
 439          0.237
 440          0.217
 441          0.180
 442          0.177
 443          0.174
 444          0.114
 445          0.099
 446          0.091
 447          0.102
 448          0.091
 449          0.098
 450          0.145
 451          0.167
 452          0.151
 453          0.076
 454          0.102
 455          0.110
 456          0.123
 457          0.124
 458          0.150
 459          0.165
 460          0.206
 461          0.248
 462          0.183
 463          0.177
 464          0.179
 465          0.195
 466          0.202
 467          0.252
 468          0.264
 469          0.278
 470          0.259
 471          0.206
 472          0.198
 473          0.213
 474          0.244
 475          0.230
 476          0.228
 477          0.216
 478          0.194
 479          0.146
 480          0.099
 481          0.105
 482          0.146
 483          0.182
 484          0.188
 485          0.185
 486          0.155
 487          0.025

# Average distance: 0.122 nm
