# Atom index    Distance (nm)
   1          0.914
   2          0.597
   3          0.117
   4          0.115
   5          0.132
   6          0.092
   7          0.094
   8          0.070
   9          0.064
  10          0.056
  11          0.028
  12          0.078
  13          0.232
  14          0.131
  15          0.157
  16          0.079
  17          0.057
  18          0.068
  19          0.112
  20          0.105
  21          0.354
  22          0.411
  23          0.346
  24          0.354
  25          0.289
  26          0.314
  27          0.159
  28          0.100
  29          0.061
  30          0.095
  31          0.110
  32          0.114
  33          0.163
  34          0.140
  35          0.197
  36          0.180
  37          0.132
  38          0.066
  39          0.085
  40          0.071
  41          0.071
  42          0.050
  43          0.050
  44          0.167
  45          0.228
  46          0.320
  47          0.417
  48          0.494
  49          0.372
  50          0.386
  51          0.233
  52          0.232
  53          0.130
  54          0.112
  55          0.051
  56          0.035
  57          0.078
  58          0.080
  59          0.114
  60          0.132
  61          0.104
  62          0.082
  63          0.027
  64          0.042
  65          0.075
  66          0.192
  67          0.212
  68          0.310
  69          0.259
  70          0.303
  71          0.231
  72          0.170
  73          0.126
  74          0.119
  75          0.084
  76          0.115
  77          0.155
  78          0.207
  79          0.109
  80          0.211
  81          0.194
  82          0.168
  83          0.090
  84          0.084
  85          0.112
  86          0.177
  87          0.148
  88          0.136
  89          0.117
  90          0.095
  91          0.062
  92          0.063
  93          0.068
  94          0.085
  95          0.092
  96          0.092
  97          0.123
  98          0.154
  99          0.170
 100          0.182
 101          0.195
 102          0.236
 103          0.228
 104          0.144
 105          0.104
 106          0.097
 107          0.093
 108          0.122
 109          0.120
 110          0.177
 111          0.211
 112          0.215
 113          0.124
 114          0.177
 115          0.170
 116          0.179
 117          0.149
 118          0.168
 119          0.181
 120          0.143
 121          0.102
 122          0.077
 123          0.057
 124          0.049
 125          0.048
 126          0.048
 127          0.059
 128          0.149
 129          0.124
 130          0.112
 131          0.134
 132          0.151
 133          0.082
 134          0.065
 135          0.042
 136          0.061
 137          0.069
 138          0.061
 139          0.060
 140          0.069
 141          0.094
 142          0.116
 143          0.116
 144          0.089
 145          0.083
 146          0.056
 147          0.032
 148          0.051
 149          0.032
 150          0.057
 151          0.126
 152          0.140
 153          0.169
 154          0.156
 155          0.106
 156          0.047
 157          0.036
 158          0.024
 159          0.014
 160          0.062
 161          0.114
 162          0.071
 163          0.104
 164          0.038
 165          0.056
 166          0.097
 167          0.058
 168          0.063
 169          0.065
 170          0.087
 171          0.044
 172          0.048
 173          0.070
 174          0.125
 175          0.076
 176          0.074
 177          0.080
 178          0.075
 179          0.073
 180          0.117
 181          0.116
 182          0.041
 183          0.043
 184          0.051
 185          0.081
 186          0.034
 187          0.080
 188          0.062
 189          0.071
 190          0.066
 191          0.064
 192          0.083
 193          0.040
 194          0.025
 195          0.088
 196          0.072
 197          0.063
 198          0.077
 199          0.125
 200          0.122
 201          0.116
 202          0.119
 203          0.089
 204          0.093
 205          0.063
 206          0.115
 207          0.133
 208          0.136
 209          0.081
 210          0.181
 211          0.187
 212          0.289
 213          0.197
 214          0.102
 215          0.062
 216          0.049
 217          0.075
 218          0.127
 219          0.149
 220          0.244
 221          0.230
 222          0.148
 223          0.164
 224          0.082
 225          0.078
 226          0.097
 227          0.065
 228          0.066
 229          0.079
 230          0.110
 231          0.066
 232          0.029
 233          0.005
 234          0.020
 235          0.077
 236          0.127
 237          0.155
 238          0.315
 239          0.239
 240          0.237
 241          0.224
 242          0.134
 243          0.174
 244          0.157
 245          0.090
 246          0.090
 247          0.046
 248          0.035
 249          0.057
 250          0.100
 251          0.103
 252          0.091
 253          0.100
 254          0.116
 255          0.076
 256          0.031
 257          0.033
 258          0.044
 259          0.072
 260          0.076
 261          0.037
 262          0.025
 263          0.046
 264          0.057
 265          0.049
 266          0.058
 267          0.074
 268          0.087
 269          0.062
 270          0.082
 271          0.089
 272          0.147
 273          0.106
 274          0.114
 275          0.043
 276          0.047
 277          0.039
 278          0.065
 279          0.078
 280          0.180
 281          0.194
 282          0.124
 283          0.124
 284          0.115
 285          0.085
 286          0.066
 287          0.061
 288          0.089
 289          0.081
 290          0.051
 291          0.093
 292          0.129
 293          0.083
 294          0.129
 295          0.113
 296          0.148
 297          0.157
 298          0.119
 299          0.102
 300          0.052
 301          0.013
 302          0.093
 303          0.129
 304          0.188
 305          0.246
 306          0.205
 307          0.111
 308          0.028
 309          0.051
 310          0.109
 311          0.161
 312          0.171
 313          0.289
 314          0.322
 315          0.240
 316          0.128
 317          0.117
 318          0.086
 319          0.046
 320          0.097
 321          0.092
 322          0.156
 323          0.171
 324          0.124
 325          0.127
 326          0.137
 327          0.108
 328          0.065
 329          0.096
 330          0.117
 331          0.109
 332          0.073
 333          0.090
 334          0.080
 335          0.112
 336          0.207
 337          0.156
 338          0.133
 339          0.116
 340          0.104
 341          0.089
 342          0.120
 343          0.117
 344          0.198
 345          0.155
 346          0.144
 347          0.106
 348          0.090
 349          0.071
 350          0.073
 351          0.092
 352          0.112
 353          0.080
 354          0.091
 355          0.095
 356          0.082
 357          0.065
 358          0.088
 359          0.084
 360          0.172
 361          0.159
 362          0.211
 363          0.226
 364          0.154
 365          0.085
 366          0.077
 367          0.068
 368          0.053
 369          0.057
 370          0.126
 371          0.134
 372          0.092
 373          0.052
 374          0.027
 375          0.060
 376          0.062
 377          0.051
 378          0.070
 379          0.066
 380          0.071
 381          0.069
 382          0.078
 383          0.092
 384          0.081
 385          0.108
 386          0.060
 387          0.076
 388          0.082
 389          0.102
 390          0.154
 391          0.077
 392          0.126
 393          0.174
 394          0.204
 395          0.085
 396          0.082
 397          0.104
 398          0.067
 399          0.057
 400          0.018
 401          0.009
 402          0.092
 403          0.120
 404          0.105
 405          0.108
 406          0.083
 407          0.062
 408          0.075
 409          0.079
 410          0.083
 411          0.064
 412          0.128
 413          0.130
 414          0.186
 415          0.100
 416          0.040
 417          0.037
 418          0.038
 419          0.047
 420          0.087
 421          0.076
 422          0.244
 423          0.264
 424          0.209
 425          0.083
 426          0.025
 427          0.045
 428          0.067
 429          0.079
 430          0.110
 431          0.178
 432          0.233
 433          0.124
 434          0.102
 435          0.081
 436          0.080
 437          0.036
 438          0.067
 439          0.075
 440          0.020
 441          0.064
 442          0.141
 443          0.101
 444          0.043
 445          0.044
 446          0.050
 447          0.035
 448          0.049
 449          0.029
 450          0.065
 451          0.094
 452          0.130
 453          0.134
 454          0.127
 455          0.092
 456          0.068
 457          0.067
 458          0.087
 459          0.105
 460          0.170
 461          0.085
 462          0.145
 463          0.120
 464          0.108
 465          0.121
 466          0.129
 467          0.045
 468          0.057
 469          0.079
 470          0.021
 471          0.050
 472          0.050
 473          0.063
 474          0.109
 475          0.169
 476          0.174
 477          0.190
 478          0.193
 479          0.144
 480          0.114
 481          0.130
 482          0.119
 483          0.138
 484          0.159
 485          0.054
 486          0.054
 487          0.047

# Average distance: 0.114 nm
