# Atom index    Distance (nm)
   1          0.419
   2          0.199
   3          0.145
   4          0.068
   5          0.055
   6          0.060
   7          0.080
   8          0.052
   9          0.098
  10          0.106
  11          0.218
  12          0.271
  13          0.383
  14          0.379
  15          0.381
  16          0.305
  17          0.159
  18          0.118
  19          0.176
  20          0.212
  21          0.483
  22          0.612
  23          0.471
  24          0.398
  25          0.298
  26          0.288
  27          0.254
  28          0.273
  29          0.232
  30          0.322
  31          0.280
  32          0.271
  33          0.118
  34          0.165
  35          0.142
  36          0.168
  37          0.201
  38          0.145
  39          0.119
  40          0.080
  41          0.119
  42          0.145
  43          0.152
  44          0.189
  45          0.366
  46          0.373
  47          0.403
  48          0.368
  49          0.321
  50          0.160
  51          0.324
  52          0.261
  53          0.201
  54          0.175
  55          0.163
  56          0.102
  57          0.099
  58          0.101
  59          0.175
  60          0.212
  61          0.142
  62          0.223
  63          0.150
  64          0.107
  65          0.088
  66          0.076
  67          0.156
  68          0.231
  69          0.310
  70          0.204
  71          0.160
  72          0.162
  73          0.172
  74          0.215
  75          0.233
  76          0.217
  77          0.287
  78          0.278
  79          0.274
  80          0.347
  81          0.262
  82          0.148
  83          0.122
  84          0.139
  85          0.106
  86          0.151
  87          0.199
  88          0.231
  89          0.278
  90          0.260
  91          0.321
  92          0.343
  93          0.351
  94          0.288
  95          0.237
  96          0.212
  97          0.130
  98          0.108
  99          0.100
 100          0.107
 101          0.151
 102          0.138
 103          0.099
 104          0.096
 105          0.123
 106          0.108
 107          0.176
 108          0.252
 109          0.277
 110          0.329
 111          0.327
 112          0.227
 113          0.213
 114          0.186
 115          0.112
 116          0.176
 117          0.204
 118          0.180
 119          0.277
 120          0.283
 121          0.301
 122          0.310
 123          0.251
 124          0.201
 125          0.228
 126          0.272
 127          0.294
 128          0.174
 129          0.159
 130          0.142
 131          0.059
 132          0.055
 133          0.044
 134          0.042
 135          0.033
 136          0.044
 137          0.095
 138          0.070
 139          0.038
 140          0.025
 141          0.090
 142          0.053
 143          0.063
 144          0.026
 145          0.043
 146          0.031
 147          0.006
 148          0.027
 149          0.080
 150          0.072
 151          0.035
 152          0.087
 153          0.093
 154          0.066
 155          0.042
 156          0.069
 157          0.065
 158          0.107
 159          0.042
 160          0.021
 161          0.030
 162          0.044
 163          0.041
 164          0.063
 165          0.085
 166          0.081
 167          0.082
 168          0.080
 169          0.098
 170          0.104
 171          0.068
 172          0.038
 173          0.046
 174          0.111
 175          0.122
 176          0.092
 177          0.134
 178          0.256
 179          0.173
 180          0.132
 181          0.140
 182          0.056
 183          0.049
 184          0.059
 185          0.087
 186          0.036
 187          0.089
 188          0.085
 189          0.071
 190          0.084
 191          0.080
 192          0.118
 193          0.063
 194          0.061
 195          0.107
 196          0.064
 197          0.084
 198          0.090
 199          0.212
 200          0.107
 201          0.038
 202          0.112
 203          0.058
 204          0.052
 205          0.074
 206          0.063
 207          0.156
 208          0.108
 209          0.164
 210          0.199
 211          0.187
 212          0.090
 213          0.058
 214          0.070
 215          0.083
 216          0.104
 217          0.111
 218          0.123
 219          0.079
 220          0.084
 221          0.138
 222          0.145
 223          0.135
 224          0.138
 225          0.102
 226          0.138
 227          0.132
 228          0.169
 229          0.176
 230          0.239
 231          0.168
 232          0.154
 233          0.078
 234          0.101
 235          0.100
 236          0.125
 237          0.192
 238          0.144
 239          0.183
 240          0.863
 241          0.674
 242          0.465
 243          0.217
 244          0.128
 245          0.121
 246          0.112
 247          0.134
 248          0.052
 249          0.025
 250          0.027
 251          0.049
 252          0.057
 253          0.074
 254          0.133
 255          0.068
 256          0.064
 257          0.095
 258          0.125
 259          0.114
 260          0.133
 261          0.120
 262          0.072
 263          0.094
 264          0.097
 265          0.102
 266          0.081
 267          0.080
 268          0.092
 269          0.095
 270          0.134
 271          0.273
 272          0.310
 273          0.221
 274          0.113
 275          0.084
 276          0.093
 277          0.085
 278          0.166
 279          0.063
 280          0.102
 281          0.152
 282          0.078
 283          0.067
 284          0.045
 285          0.061
 286          0.085
 287          0.118
 288          0.099
 289          0.096
 290          0.027
 291          0.087
 292          0.115
 293          0.182
 294          0.255
 295          0.214
 296          0.222
 297          0.180
 298          0.136
 299          0.041
 300          0.085
 301          0.062
 302          0.145
 303          0.153
 304          0.103
 305          0.130
 306          0.107
 307          0.100
 308          0.083
 309          0.064
 310          0.080
 311          0.077
 312          0.103
 313          0.131
 314          0.064
 315          0.041
 316          0.056
 317          0.067
 318          0.079
 319          0.159
 320          0.148
 321          0.149
 322          0.130
 323          0.220
 324          0.188
 325          0.198
 326          0.096
 327          0.104
 328          0.083
 329          0.061
 330          0.045
 331          0.164
 332          0.169
 333          0.133
 334          0.129
 335          0.186
 336          0.229
 337          0.208
 338          0.149
 339          0.111
 340          0.106
 341          0.139
 342          0.143
 343          0.110
 344          0.191
 345          0.199
 346          0.152
 347          0.118
 348          0.094
 349          0.089
 350          0.077
 351          0.074
 352          0.139
 353          0.132
 354          0.096
 355          0.118
 356          0.110
 357          0.061
 358          0.080
 359          0.064
 360          0.065
 361          0.106
 362          0.084
 363          0.086
 364          0.111
 365          0.107
 366          0.126
 367          0.110
 368          0.087
 369          0.103
 370          0.043
 371          0.132
 372          0.141
 373          0.092
 374          0.062
 375          0.118
 376          0.093
 377          0.052
 378          0.117
 379          0.064
 380          0.049
 381          0.055
 382          0.044
 383          0.079
 384          0.117
 385          0.135
 386          0.144
 387          0.185
 388          0.109
 389          0.110
 390          0.148
 391          0.079
 392          0.219
 393          0.423
 394          0.666
 395          0.529
 396          0.338
 397          0.129
 398          0.086
 399          0.092
 400          0.057
 401          0.122
 402          0.125
 403          0.111
 404          0.187
 405          0.100
 406          0.094
 407          0.062
 408          0.096
 409          0.117
 410          0.105
 411          0.111
 412          0.086
 413          0.198
 414          0.211
 415          0.206
 416          0.191
 417          0.073
 418          0.100
 419          0.099
 420          0.120
 421          0.166
 422          0.280
 423          0.372
 424          0.270
 425          0.219
 426          0.121
 427          0.099
 428          0.113
 429          0.123
 430          0.331
 431          0.369
 432          0.304
 433          0.187
 434          0.165
 435          0.150
 436          0.153
 437          0.152
 438          0.215
 439          0.146
 440          0.134
 441          0.211
 442          0.297
 443          0.177
 444          0.100
 445          0.107
 446          0.102
 447          0.079
 448          0.076
 449          0.051
 450          0.072
 451          0.109
 452          0.052
 453          0.093
 454          0.084
 455          0.063
 456          0.103
 457          0.088
 458          0.134
 459          0.185
 460          0.404
 461          0.335
 462          0.218
 463          0.164
 464          0.144
 465          0.154
 466          0.196
 467          0.377
 468          0.346
 469          0.356
 470          0.359
 471          0.292
 472          0.148
 473          0.149
 474          0.141
 475          0.160
 476          0.124
 477          0.208
 478          0.187
 479          0.132
 480          0.115
 481          0.095
 482          0.113
 483          0.090
 484          0.086
 485          0.076
 486          0.060
 487          0.062

# Average distance: 0.151 nm
