# Atom index    Distance (nm)
   1          1.011
   2          0.627
   3          0.381
   4          0.187
   5          0.150
   6          0.149
   7          0.190
   8          0.182
   9          0.170
  10          0.123
  11          0.185
  12          0.218
  13          0.239
  14          0.252
  15          0.204
  16          0.220
  17          0.190
  18          0.148
  19          0.214
  20          0.222
  21          0.190
  22          0.334
  23          0.371
  24          0.376
  25          0.260
  26          0.253
  27          0.194
  28          0.199
  29          0.286
  30          0.264
  31          0.225
  32          0.199
  33          0.174
  34          0.192
  35          0.204
  36          0.195
  37          0.231
  38          0.175
  39          0.185
  40          0.158
  41          0.121
  42          0.056
  43          0.132
  44          0.234
  45          0.398
  46          0.604
  47          0.765
  48          1.016
  49          0.777
  50          0.721
  51          0.471
  52          0.501
  53          0.369
  54          0.234
  55          0.174
  56          0.047
  57          0.090
  58          0.122
  59          0.245
  60          0.276
  61          0.239
  62          0.227
  63          0.158
  64          0.141
  65          0.190
  66          0.207
  67          0.148
  68          0.142
  69          0.106
  70          0.144
  71          0.113
  72          0.152
  73          0.163
  74          0.224
  75          0.283
  76          0.250
  77          0.211
  78          0.147
  79          0.146
  80          0.254
  81          0.232
  82          0.221
  83          0.212
  84          0.241
  85          0.220
  86          0.251
  87          0.228
  88          0.234
  89          0.265
  90          0.292
  91          0.406
  92          0.381
  93          0.277
  94          0.245
  95          0.188
  96          0.205
  97          0.179
  98          0.242
  99          0.237
 100          0.247
 101          0.246
 102          0.259
 103          0.284
 104          0.220
 105          0.172
 106          0.123
 107          0.129
 108          0.166
 109          0.223
 110          0.270
 111          0.265
 112          0.197
 113          0.109
 114          0.079
 115          0.110
 116          0.134
 117          0.205
 118          0.294
 119          0.300
 120          0.274
 121          0.281
 122          0.240
 123          0.220
 124          0.196
 125          0.253
 126          0.200
 127          0.154
 128          0.127
 129          0.196
 130          0.154
 131          0.182
 132          0.167
 133          0.130
 134          0.101
 135          0.112
 136          0.113
 137          0.113
 138          0.142
 139          0.105
 140          0.047
 141          0.075
 142          0.050
 143          0.093
 144          0.099
 145          0.110
 146          0.088
 147          0.079
 148          0.077
 149          0.086
 150          0.071
 151          0.071
 152          0.086
 153          0.106
 154          0.074
 155          0.062
 156          0.034
 157          0.047
 158          0.042
 159          0.069
 160          0.059
 161          0.036
 162          0.031
 163          0.056
 164          0.077
 165          0.085
 166          0.064
 167          0.068
 168          0.090
 169          0.095
 170          0.105
 171          0.109
 172          0.118
 173          0.110
 174          0.141
 175          0.144
 176          0.189
 177          0.189
 178          0.208
 179          0.149
 180          0.120
 181          0.139
 182          0.126
 183          0.080
 184          0.136
 185          0.099
 186          0.093
 187          0.149
 188          0.120
 189          0.086
 190          0.101
 191          0.115
 192          0.046
 193          0.046
 194          0.059
 195          0.131
 196          0.105
 197          0.099
 198          0.168
 199          0.086
 200          0.031
 201          0.082
 202          0.081
 203          0.111
 204          0.088
 205          0.098
 206          0.102
 207          0.091
 208          0.064
 209          0.123
 210          0.090
 211          0.076
 212          0.077
 213          0.057
 214          0.072
 215          0.074
 216          0.057
 217          0.083
 218          0.078
 219          0.063
 220          0.139
 221          0.254
 222          0.265
 223          0.168
 224          0.111
 225          0.096
 226          0.070
 227          0.082
 228          0.065
 229          0.054
 230          0.060
 231          0.033
 232          0.009
 233          0.036
 234          0.066
 235          0.059
 236          0.130
 237          0.273
 238          0.158
 239          0.348
 240          0.289
 241          0.131
 242          0.107
 243          0.085
 244          0.056
 245          0.071
 246          0.024
 247          0.022
 248          0.044
 249          0.052
 250          0.086
 251          0.144
 252          0.097
 253          0.115
 254          0.109
 255          0.064
 256          0.079
 257          0.044
 258          0.052
 259          0.042
 260          0.051
 261          0.067
 262          0.076
 263          0.074
 264          0.121
 265          0.061
 266          0.039
 267          0.044
 268          0.038
 269          0.057
 270          0.070
 271          0.082
 272          0.074
 273          0.095
 274          0.086
 275          0.083
 276          0.046
 277          0.061
 278          0.055
 279          0.043
 280          0.066
 281          0.088
 282          0.074
 283          0.084
 284          0.110
 285          0.102
 286          0.060
 287          0.076
 288          0.117
 289          0.069
 290          0.090
 291          0.116
 292          0.122
 293          0.162
 294          0.128
 295          0.091
 296          0.094
 297          0.076
 298          0.113
 299          0.107
 300          0.092
 301          0.090
 302          0.082
 303          0.088
 304          0.115
 305          0.131
 306          0.126
 307          0.087
 308          0.129
 309          0.142
 310          0.168
 311          0.173
 312          0.216
 313          0.296
 314          0.302
 315          0.200
 316          0.084
 317          0.061
 318          0.087
 319          0.094
 320          0.118
 321          0.172
 322          0.260
 323          0.245
 324          0.219
 325          0.226
 326          0.216
 327          0.189
 328          0.170
 329          0.119
 330          0.106
 331          0.143
 332          0.131
 333          0.127
 334          0.145
 335          0.073
 336          0.081
 337          0.106
 338          0.111
 339          0.110
 340          0.125
 341          0.150
 342          0.155
 343          0.169
 344          0.185
 345          0.215
 346          0.174
 347          0.171
 348          0.158
 349          0.168
 350          0.153
 351          0.092
 352          0.118
 353          0.135
 354          0.080
 355          0.055
 356          0.072
 357          0.087
 358          0.147
 359          0.174
 360          0.273
 361          0.249
 362          0.256
 363          0.238
 364          0.179
 365          0.211
 366          0.213
 367          0.253
 368          0.229
 369          0.191
 370          0.066
 371          0.048
 372          0.044
 373          0.025
 374          0.041
 375          0.053
 376          0.066
 377          0.080
 378          0.093
 379          0.121
 380          0.093
 381          0.071
 382          0.047
 383          0.072
 384          0.041
 385          0.078
 386          0.024
 387          0.086
 388          0.073
 389          0.048
 390          0.090
 391          0.125
 392          0.191
 393          0.185
 394          0.252
 395          0.165
 396          0.135
 397          0.161
 398          0.102
 399          0.078
 400          0.093
 401          0.066
 402          0.083
 403          0.120
 404          0.147
 405          0.095
 406          0.105
 407          0.098
 408          0.094
 409          0.095
 410          0.070
 411          0.078
 412          0.079
 413          0.140
 414          0.154
 415          0.095
 416          0.082
 417          0.089
 418          0.097
 419          0.108
 420          0.149
 421          0.160
 422          0.268
 423          0.198
 424          0.219
 425          0.180
 426          0.130
 427          0.102
 428          0.128
 429          0.141
 430          0.177
 431          0.153
 432          0.116
 433          0.138
 434          0.143
 435          0.118
 436          0.133
 437          0.113
 438          0.144
 439          0.229
 440          0.317
 441          0.233
 442          0.157
 443          0.174
 444          0.147
 445          0.125
 446          0.125
 447          0.105
 448          0.117
 449          0.097
 450          0.098
 451          0.100
 452          0.093
 453          0.097
 454          0.123
 455          0.076
 456          0.042
 457          0.051
 458          0.079
 459          0.062
 460          0.147
 461          0.123
 462          0.090
 463          0.074
 464          0.043
 465          0.063
 466          0.047
 467          0.059
 468          0.096
 469          0.147
 470          0.120
 471          0.131
 472          0.064
 473          0.079
 474          0.103
 475          0.146
 476          0.087
 477          0.043
 478          0.042
 479          0.102
 480          0.092
 481          0.054
 482          0.069
 483          0.037
 484          0.032
 485          0.027
 486          0.060
 487          0.031

# Average distance: 0.146 nm
