# Atom index    Distance (nm)
   1          0.338
   2          0.370
   3          0.391
   4          0.247
   5          0.191
   6          0.112
   7          0.123
   8          0.096
   9          0.081
  10          0.072
  11          0.069
  12          0.029
  13          0.062
  14          0.024
  15          0.079
  16          0.106
  17          0.083
  18          0.052
  19          0.080
  20          0.084
  21          0.153
  22          0.312
  23          0.206
  24          0.169
  25          0.038
  26          0.096
  27          0.087
  28          0.074
  29          0.079
  30          0.163
  31          0.109
  32          0.093
  33          0.101
  34          0.190
  35          0.206
  36          0.097
  37          0.094
  38          0.105
  39          0.107
  40          0.099
  41          0.155
  42          0.122
  43          0.067
  44          0.184
  45          0.265
  46          0.517
  47          0.628
  48          0.738
  49          0.429
  50          0.372
  51          0.173
  52          0.231
  53          0.136
  54          0.133
  55          0.103
  56          0.063
  57          0.051
  58          0.077
  59          0.203
  60          0.178
  61          0.057
  62          0.101
  63          0.058
  64          0.044
  65          0.042
  66          0.053
  67          0.133
  68          0.156
  69          0.174
  70          0.167
  71          0.125
  72          0.052
  73          0.043
  74          0.053
  75          0.088
  76          0.095
  77          0.104
  78          0.089
  79          0.130
  80          0.258
  81          0.179
  82          0.056
  83          0.042
  84          0.122
  85          0.116
  86          0.154
  87          0.164
  88          0.152
  89          0.109
  90          0.072
  91          0.054
  92          0.083
  93          0.127
  94          0.089
  95          0.133
  96          0.138
  97          0.088
  98          0.142
  99          0.115
 100          0.070
 101          0.093
 102          0.209
 103          0.192
 104          0.165
 105          0.111
 106          0.104
 107          0.061
 108          0.080
 109          0.075
 110          0.087
 111          0.117
 112          0.168
 113          0.094
 114          0.125
 115          0.132
 116          0.188
 117          0.160
 118          0.165
 119          0.162
 120          0.061
 121          0.127
 122          0.084
 123          0.034
 124          0.047
 125          0.056
 126          0.062
 127          0.106
 128          0.126
 129          0.129
 130          0.076
 131          0.087
 132          0.139
 133          0.117
 134          0.116
 135          0.111
 136          0.113
 137          0.105
 138          0.100
 139          0.157
 140          0.140
 141          0.176
 142          0.197
 143          0.202
 144          0.219
 145          0.189
 146          0.129
 147          0.102
 148          0.078
 149          0.076
 150          0.073
 151          0.090
 152          0.083
 153          0.059
 154          0.024
 155          0.053
 156          0.038
 157          0.039
 158          0.104
 159          0.103
 160          0.164
 161          0.186
 162          0.194
 163          0.110
 164          0.038
 165          0.087
 166          0.120
 167          0.082
 168          0.073
 169          0.062
 170          0.065
 171          0.092
 172          0.070
 173          0.085
 174          0.082
 175          0.101
 176          0.057
 177          0.099
 178          0.096
 179          0.116
 180          0.084
 181          0.087
 182          0.047
 183          0.076
 184          0.085
 185          0.061
 186          0.116
 187          0.030
 188          0.043
 189          0.067
 190          0.077
 191          0.071
 192          0.039
 193          0.058
 194          0.069
 195          0.053
 196          0.055
 197          0.071
 198          0.040
 199          0.043
 200          0.061
 201          0.168
 202          0.174
 203          0.091
 204          0.059
 205          0.105
 206          0.093
 207          0.098
 208          0.094
 209          0.113
 210          0.135
 211          0.167
 212          0.151
 213          0.265
 214          0.179
 215          0.165
 216          0.132
 217          0.139
 218          0.083
 219          0.111
 220          0.123
 221          0.059
 222          0.031
 223          0.053
 224          0.097
 225          0.125
 226          0.115
 227          0.114
 228          0.129
 229          0.268
 230          0.406
 231          0.276
 232          0.161
 233          0.103
 234          0.036
 235          0.102
 236          0.030
 237          0.192
 238          0.372
 239          0.061
 240          0.059
 241          0.080
 242          0.110
 243          0.107
 244          0.119
 245          0.113
 246          0.102
 247          0.130
 248          0.146
 249          0.133
 250          0.114
 251          0.138
 252          0.111
 253          0.026
 254          0.067
 255          0.046
 256          0.030
 257          0.044
 258          0.061
 259          0.053
 260          0.056
 261          0.057
 262          0.035
 263          0.039
 264          0.083
 265          0.052
 266          0.039
 267          0.029
 268          0.076
 269          0.146
 270          0.154
 271          0.168
 272          0.133
 273          0.118
 274          0.104
 275          0.135
 276          0.115
 277          0.066
 278          0.090
 279          0.105
 280          0.117
 281          0.145
 282          0.094
 283          0.159
 284          0.079
 285          0.069
 286          0.068
 287          0.042
 288          0.034
 289          0.018
 290          0.061
 291          0.115
 292          0.078
 293          0.046
 294          0.052
 295          0.068
 296          0.142
 297          0.073
 298          0.046
 299          0.045
 300          0.077
 301          0.067
 302          0.064
 303          0.073
 304          0.071
 305          0.065
 306          0.052
 307          0.043
 308          0.061
 309          0.051
 310          0.043
 311          0.089
 312          0.081
 313          0.052
 314          0.042
 315          0.113
 316          0.113
 317          0.155
 318          0.156
 319          0.147
 320          0.084
 321          0.057
 322          0.147
 323          0.191
 324          0.190
 325          0.066
 326          0.046
 327          0.032
 328          0.039
 329          0.071
 330          0.065
 331          0.053
 332          0.076
 333          0.073
 334          0.062
 335          0.059
 336          0.069
 337          0.073
 338          0.044
 339          0.079
 340          0.099
 341          0.060
 342          0.043
 343          0.071
 344          0.074
 345          0.075
 346          0.095
 347          0.099
 348          0.108
 349          0.033
 350          0.090
 351          0.132
 352          0.172
 353          0.187
 354          0.165
 355          0.127
 356          0.142
 357          0.098
 358          0.117
 359          0.076
 360          0.113
 361          0.171
 362          0.212
 363          0.236
 364          0.137
 365          0.124
 366          0.149
 367          0.222
 368          0.161
 369          0.069
 370          0.026
 371          0.068
 372          0.116
 373          0.093
 374          0.060
 375          0.068
 376          0.074
 377          0.092
 378          0.046
 379          0.049
 380          0.055
 381          0.025
 382          0.027
 383          0.024
 384          0.098
 385          0.045
 386          0.068
 387          0.052
 388          0.019
 389          0.039
 390          0.012
 391          0.010
 392          0.054
 393          0.086
 394          0.172
 395          0.044
 396          0.063
 397          0.080
 398          0.065
 399          0.049
 400          0.061
 401          0.063
 402          0.037
 403          0.061
 404          0.053
 405          0.037
 406          0.009
 407          0.008
 408          0.033
 409          0.042
 410          0.073
 411          0.072
 412          0.079
 413          0.033
 414          0.099
 415          0.095
 416          0.069
 417          0.111
 418          0.085
 419          0.092
 420          0.091
 421          0.085
 422          0.080
 423          0.056
 424          0.053
 425          0.069
 426          0.091
 427          0.089
 428          0.110
 429          0.096
 430          0.053
 431          0.061
 432          0.040
 433          0.065
 434          0.076
 435          0.043
 436          0.064
 437          0.069
 438          0.042
 439          0.046
 440          0.070
 441          0.097
 442          0.104
 443          0.107
 444          0.078
 445          0.109
 446          0.099
 447          0.049
 448          0.058
 449          0.090
 450          0.087
 451          0.123
 452          0.115
 453          0.065
 454          0.013
 455          0.060
 456          0.057
 457          0.045
 458          0.076
 459          0.195
 460          0.236
 461          0.225
 462          0.121
 463          0.050
 464          0.036
 465          0.057
 466          0.076
 467          0.084
 468          0.081
 469          0.096
 470          0.068
 471          0.128
 472          0.042
 473          0.067
 474          0.044
 475          0.045
 476          0.032
 477          0.111
 478          0.056
 479          0.102
 480          0.067
 481          0.048
 482          0.075
 483          0.095
 484          0.055
 485          0.052
 486          0.023
 487          0.057

# Average distance: 0.102 nm
