# Atom index    Distance (nm)
   1          0.090
   2          0.058
   3          0.053
   4          0.046
   5          0.085
   6          0.076
   7          0.068
   8          0.098
   9          0.123
  10          0.097
  11          0.068
  12          0.094
  13          0.157
  14          0.143
  15          0.054
  16          0.026
  17          0.060
  18          0.070
  19          0.102
  20          0.111
  21          0.050
  22          0.067
  23          0.052
  24          0.186
  25          0.179
  26          0.168
  27          0.099
  28          0.106
  29          0.075
  30          0.064
  31          0.042
  32          0.136
  33          0.121
  34          0.145
  35          0.093
  36          0.121
  37          0.111
  38          0.060
  39          0.058
  40          0.019
  41          0.042
  42          0.078
  43          0.152
  44          0.215
  45          0.271
  46          0.250
  47          0.242
  48          0.279
  49          0.209
  50          0.386
  51          0.350
  52          0.286
  53          0.199
  54          0.141
  55          0.141
  56          0.103
  57          0.037
  58          0.042
  59          0.032
  60          0.027
  61          0.049
  62          0.100
  63          0.101
  64          0.122
  65          0.163
  66          0.181
  67          0.145
  68          0.139
  69          0.225
  70          0.195
  71          0.129
  72          0.170
  73          0.166
  74          0.152
  75          0.158
  76          0.156
  77          0.208
  78          0.235
  79          0.228
  80          0.241
  81          0.204
  82          0.181
  83          0.170
  84          0.143
  85          0.105
  86          0.108
  87          0.140
  88          0.167
  89          0.248
  90          0.301
  91          0.407
  92          0.243
  93          0.206
  94          0.199
  95          0.149
  96          0.087
  97          0.030
  98          0.059
  99          0.087
 100          0.101
 101          0.133
 102          0.072
 103          0.067
 104          0.093
 105          0.086
 106          0.100
 107          0.123
 108          0.116
 109          0.111
 110          0.077
 111          0.077
 112          0.064
 113          0.100
 114          0.153
 115          0.116
 116          0.131
 117          0.102
 118          0.135
 119          0.109
 120          0.119
 121          0.138
 122          0.172
 123          0.156
 124          0.141
 125          0.130
 126          0.095
 127          0.096
 128          0.100
 129          0.068
 130          0.086
 131          0.075
 132          0.044
 133          0.062
 134          0.042
 135          0.065
 136          0.055
 137          0.062
 138          0.090
 139          0.085
 140          0.054
 141          0.090
 142          0.115
 143          0.161
 144          0.204
 145          0.098
 146          0.070
 147          0.041
 148          0.021
 149          0.091
 150          0.097
 151          0.128
 152          0.019
 153          0.155
 154          0.049
 155          0.067
 156          0.052
 157          0.028
 158          0.049
 159          0.066
 160          0.121
 161          0.057
 162          0.080
 163          0.082
 164          0.095
 165          0.060
 166          0.067
 167          0.070
 168          0.058
 169          0.049
 170          0.050
 171          0.060
 172          0.034
 173          0.038
 174          0.057
 175          0.068
 176          0.128
 177          0.167
 178          0.157
 179          0.083
 180          0.090
 181          0.065
 182          0.019
 183          0.015
 184          0.032
 185          0.066
 186          0.057
 187          0.068
 188          0.065
 189          0.071
 190          0.065
 191          0.064
 192          0.065
 193          0.053
 194          0.020
 195          0.050
 196          0.067
 197          0.102
 198          0.109
 199          0.159
 200          0.151
 201          0.146
 202          0.098
 203          0.098
 204          0.074
 205          0.038
 206          0.054
 207          0.064
 208          0.083
 209          0.094
 210          0.049
 211          0.067
 212          0.065
 213          0.053
 214          0.065
 215          0.072
 216          0.084
 217          0.065
 218          0.086
 219          0.083
 220          0.106
 221          0.133
 222          0.074
 223          0.091
 224          0.079
 225          0.073
 226          0.093
 227          0.071
 228          0.074
 229          0.166
 230          0.245
 231          0.203
 232          0.125
 233          0.085
 234          0.048
 235          0.065
 236          0.079
 237          0.259
 238          0.125
 239          0.284
 240          0.026
 241          0.150
 242          0.130
 243          0.089
 244          0.045
 245          0.054
 246          0.054
 247          0.043
 248          0.040
 249          0.093
 250          0.084
 251          0.108
 252          0.088
 253          0.050
 254          0.082
 255          0.039
 256          0.040
 257          0.045
 258          0.084
 259          0.074
 260          0.064
 261          0.035
 262          0.045
 263          0.147
 264          0.114
 265          0.058
 266          0.030
 267          0.064
 268          0.068
 269          0.141
 270          0.157
 271          0.162
 272          0.151
 273          0.204
 274          0.096
 275          0.079
 276          0.042
 277          0.071
 278          0.108
 279          0.054
 280          0.024
 281          0.082
 282          0.079
 283          0.091
 284          0.092
 285          0.116
 286          0.096
 287          0.080
 288          0.071
 289          0.080
 290          0.061
 291          0.104
 292          0.102
 293          0.109
 294          0.120
 295          0.135
 296          0.116
 297          0.080
 298          0.079
 299          0.072
 300          0.084
 301          0.037
 302          0.037
 303          0.060
 304          0.111
 305          0.143
 306          0.138
 307          0.084
 308          0.093
 309          0.053
 310          0.069
 311          0.031
 312          0.144
 313          0.181
 314          0.362
 315          0.280
 316          0.177
 317          0.064
 318          0.076
 319          0.101
 320          0.114
 321          0.123
 322          0.131
 323          0.127
 324          0.117
 325          0.147
 326          0.148
 327          0.088
 328          0.069
 329          0.075
 330          0.062
 331          0.032
 332          0.022
 333          0.063
 334          0.068
 335          0.060
 336          0.058
 337          0.110
 338          0.041
 339          0.088
 340          0.097
 341          0.054
 342          0.055
 343          0.076
 344          0.106
 345          0.091
 346          0.109
 347          0.081
 348          0.083
 349          0.124
 350          0.121
 351          0.103
 352          0.142
 353          0.110
 354          0.023
 355          0.025
 356          0.031
 357          0.078
 358          0.116
 359          0.087
 360          0.173
 361          0.103
 362          0.116
 363          0.127
 364          0.106
 365          0.135
 366          0.137
 367          0.140
 368          0.120
 369          0.067
 370          0.069
 371          0.089
 372          0.079
 373          0.098
 374          0.053
 375          0.052
 376          0.044
 377          0.044
 378          0.076
 379          0.018
 380          0.034
 381          0.043
 382          0.014
 383          0.068
 384          0.037
 385          0.132
 386          0.134
 387          0.047
 388          0.042
 389          0.018
 390          0.038
 391          0.052
 392          0.102
 393          0.175
 394          0.143
 395          0.160
 396          0.159
 397          0.146
 398          0.119
 399          0.059
 400          0.063
 401          0.059
 402          0.031
 403          0.072
 404          0.118
 405          0.060
 406          0.072
 407          0.052
 408          0.043
 409          0.044
 410          0.067
 411          0.129
 412          0.081
 413          0.081
 414          0.050
 415          0.061
 416          0.060
 417          0.085
 418          0.078
 419          0.080
 420          0.058
 421          0.055
 422          0.205
 423          0.307
 424          0.128
 425          0.091
 426          0.077
 427          0.083
 428          0.122
 429          0.158
 430          0.204
 431          0.285
 432          0.186
 433          0.147
 434          0.125
 435          0.108
 436          0.104
 437          0.106
 438          0.089
 439          0.058
 440          0.079
 441          0.085
 442          0.045
 443          0.077
 444          0.079
 445          0.068
 446          0.067
 447          0.046
 448          0.076
 449          0.108
 450          0.101
 451          0.112
 452          0.049
 453          0.107
 454          0.118
 455          0.077
 456          0.100
 457          0.054
 458          0.072
 459          0.090
 460          0.297
 461          0.133
 462          0.125
 463          0.121
 464          0.138
 465          0.119
 466          0.067
 467          0.099
 468          0.099
 469          0.093
 470          0.083
 471          0.057
 472          0.093
 473          0.104
 474          0.127
 475          0.155
 476          0.174
 477          0.168
 478          0.135
 479          0.134
 480          0.121
 481          0.122
 482          0.151
 483          0.101
 484          0.088
 485          0.065
 486          0.097
 487          0.085

# Average distance: 0.102 nm
