# Atom index    Distance (nm)
   1          0.175
   2          0.180
   3          0.173
   4          0.242
   5          0.139
   6          0.095
   7          0.073
   8          0.067
   9          0.069
  10          0.061
  11          0.066
  12          0.089
  13          0.157
  14          0.177
  15          0.114
  16          0.094
  17          0.077
  18          0.055
  19          0.065
  20          0.078
  21          0.146
  22          0.265
  23          0.213
  24          0.185
  25          0.152
  26          0.144
  27          0.112
  28          0.096
  29          0.107
  30          0.117
  31          0.120
  32          0.145
  33          0.166
  34          0.081
  35          0.116
  36          0.115
  37          0.040
  38          0.053
  39          0.058
  40          0.060
  41          0.071
  42          0.068
  43          0.079
  44          0.130
  45          0.264
  46          0.442
  47          0.351
  48          0.242
  49          0.253
  50          0.314
  51          0.266
  52          0.110
  53          0.089
  54          0.162
  55          0.111
  56          0.064
  57          0.060
  58          0.068
  59          0.060
  60          0.051
  61          0.062
  62          0.069
  63          0.090
  64          0.112
  65          0.111
  66          0.101
  67          0.127
  68          0.190
  69          0.153
  70          0.054
  71          0.127
  72          0.107
  73          0.075
  74          0.103
  75          0.068
  76          0.079
  77          0.066
  78          0.126
  79          0.158
  80          0.141
  81          0.078
  82          0.079
  83          0.074
  84          0.078
  85          0.045
  86          0.074
  87          0.098
  88          0.081
  89          0.045
  90          0.066
  91          0.073
  92          0.141
  93          0.273
  94          0.155
  95          0.093
  96          0.083
  97          0.108
  98          0.086
  99          0.075
 100          0.091
 101          0.081
 102          0.025
 103          0.051
 104          0.041
 105          0.052
 106          0.056
 107          0.045
 108          0.088
 109          0.152
 110          0.320
 111          0.257
 112          0.252
 113          0.081
 114          0.075
 115          0.079
 116          0.056
 117          0.051
 118          0.087
 119          0.132
 120          0.070
 121          0.067
 122          0.113
 123          0.082
 124          0.062
 125          0.141
 126          0.074
 127          0.056
 128          0.053
 129          0.060
 130          0.077
 131          0.078
 132          0.071
 133          0.110
 134          0.053
 135          0.040
 136          0.058
 137          0.069
 138          0.084
 139          0.085
 140          0.118
 141          0.222
 142          0.171
 143          0.059
 144          0.090
 145          0.084
 146          0.054
 147          0.033
 148          0.030
 149          0.054
 150          0.114
 151          0.093
 152          0.138
 153          0.116
 154          0.118
 155          0.098
 156          0.111
 157          0.089
 158          0.044
 159          0.023
 160          0.080
 161          0.102
 162          0.122
 163          0.114
 164          0.127
 165          0.143
 166          0.100
 167          0.075
 168          0.054
 169          0.034
 170          0.021
 171          0.039
 172          0.054
 173          0.030
 174          0.048
 175          0.078
 176          0.077
 177          0.074
 178          0.159
 179          0.113
 180          0.051
 181          0.088
 182          0.102
 183          0.103
 184          0.072
 185          0.077
 186          0.091
 187          0.073
 188          0.086
 189          0.103
 190          0.107
 191          0.161
 192          0.162
 193          0.118
 194          0.080
 195          0.097
 196          0.104
 197          0.089
 198          0.090
 199          0.069
 200          0.083
 201          0.104
 202          0.106
 203          0.101
 204          0.083
 205          0.042
 206          0.122
 207          0.174
 208          0.144
 209          0.038
 210          0.030
 211          0.102
 212          0.134
 213          0.102
 214          0.169
 215          0.133
 216          0.056
 217          0.075
 218          0.151
 219          0.205
 220          0.330
 221          0.284
 222          0.235
 223          0.169
 224          0.089
 225          0.067
 226          0.074
 227          0.057
 228          0.081
 229          0.040
 230          0.013
 231          0.007
 232          0.018
 233          0.057
 234          0.061
 235          0.100
 236          0.138
 237          0.175
 238          0.195
 239          0.186
 240          0.104
 241          0.093
 242          0.147
 243          0.363
 244          0.316
 245          0.178
 246          0.111
 247          0.138
 248          0.106
 249          0.059
 250          0.090
 251          0.047
 252          0.071
 253          0.071
 254          0.133
 255          0.107
 256          0.069
 257          0.073
 258          0.117
 259          0.106
 260          0.092
 261          0.126
 262          0.167
 263          0.172
 264          0.185
 265          0.151
 266          0.072
 267          0.072
 268          0.082
 269          0.051
 270          0.064
 271          0.179
 272          0.259
 273          0.148
 274          0.086
 275          0.045
 276          0.044
 277          0.106
 278          0.169
 279          0.149
 280          0.164
 281          0.136
 282          0.112
 283          0.083
 284          0.103
 285          0.083
 286          0.065
 287          0.095
 288          0.055
 289          0.034
 290          0.062
 291          0.180
 292          0.216
 293          0.249
 294          0.287
 295          0.280
 296          0.221
 297          0.238
 298          0.160
 299          0.157
 300          0.149
 301          0.083
 302          0.086
 303          0.064
 304          0.078
 305          0.092
 306          0.068
 307          0.108
 308          0.094
 309          0.048
 310          0.101
 311          0.065
 312          0.032
 313          0.115
 314          0.160
 315          0.093
 316          0.067
 317          0.050
 318          0.043
 319          0.056
 320          0.127
 321          0.145
 322          0.184
 323          0.210
 324          0.201
 325          0.274
 326          0.210
 327          0.128
 328          0.111
 329          0.137
 330          0.136
 331          0.152
 332          0.119
 333          0.141
 334          0.164
 335          0.165
 336          0.091
 337          0.098
 338          0.124
 339          0.127
 340          0.119
 341          0.085
 342          0.130
 343          0.099
 344          0.135
 345          0.142
 346          0.134
 347          0.112
 348          0.105
 349          0.089
 350          0.122
 351          0.117
 352          0.139
 353          0.181
 354          0.169
 355          0.129
 356          0.053
 357          0.080
 358          0.047
 359          0.049
 360          0.148
 361          0.157
 362          0.184
 363          0.225
 364          0.206
 365          0.266
 366          0.252
 367          0.208
 368          0.174
 369          0.158
 370          0.120
 371          0.088
 372          0.113
 373          0.088
 374          0.067
 375          0.106
 376          0.053
 377          0.022
 378          0.023
 379          0.018
 380          0.030
 381          0.024
 382          0.040
 383          0.107
 384          0.100
 385          0.150
 386          0.105
 387          0.115
 388          0.110
 389          0.089
 390          0.089
 391          0.078
 392          0.112
 393          0.172
 394          0.109
 395          0.107
 396          0.059
 397          0.028
 398          0.063
 399          0.081
 400          0.096
 401          0.127
 402          0.134
 403          0.220
 404          0.121
 405          0.125
 406          0.108
 407          0.046
 408          0.014
 409          0.045
 410          0.026
 411          0.055
 412          0.049
 413          0.063
 414          0.083
 415          0.108
 416          0.074
 417          0.054
 418          0.055
 419          0.046
 420          0.068
 421          0.116
 422          0.132
 423          0.152
 424          0.174
 425          0.087
 426          0.075
 427          0.036
 428          0.068
 429          0.079
 430          0.076
 431          0.129
 432          0.112
 433          0.118
 434          0.142
 435          0.074
 436          0.055
 437          0.098
 438          0.165
 439          0.144
 440          0.147
 441          0.134
 442          0.162
 443          0.108
 444          0.065
 445          0.043
 446          0.049
 447          0.066
 448          0.106
 449          0.125
 450          0.065
 451          0.167
 452          0.350
 453          0.244
 454          0.165
 455          0.083
 456          0.033
 457          0.031
 458          0.041
 459          0.040
 460          0.158
 461          0.197
 462          0.078
 463          0.063
 464          0.072
 465          0.033
 466          0.096
 467          0.097
 468          0.159
 469          0.218
 470          0.131
 471          0.141
 472          0.095
 473          0.087
 474          0.095
 475          0.152
 476          0.076
 477          0.103
 478          0.106
 479          0.119
 480          0.117
 481          0.111
 482          0.113
 483          0.071
 484          0.070
 485          0.080
 486          0.083
 487          0.044

# Average distance: 0.110 nm
