# Atom index    Distance (nm)
   1          0.591
   2          0.400
   3          0.195
   4          0.128
   5          0.074
   6          0.048
   7          0.053
   8          0.069
   9          0.067
  10          0.048
  11          0.064
  12          0.032
  13          0.047
  14          0.053
  15          0.043
  16          0.056
  17          0.054
  18          0.054
  19          0.064
  20          0.124
  21          0.134
  22          0.341
  23          0.183
  24          0.132
  25          0.085
  26          0.066
  27          0.060
  28          0.073
  29          0.106
  30          0.088
  31          0.066
  32          0.054
  33          0.051
  34          0.061
  35          0.086
  36          0.069
  37          0.070
  38          0.082
  39          0.076
  40          0.077
  41          0.062
  42          0.078
  43          0.090
  44          0.097
  45          0.135
  46          0.195
  47          0.259
  48          0.281
  49          0.095
  50          0.167
  51          0.092
  52          0.070
  53          0.082
  54          0.057
  55          0.059
  56          0.065
  57          0.054
  58          0.040
  59          0.048
  60          0.044
  61          0.042
  62          0.073
  63          0.078
  64          0.063
  65          0.059
  66          0.065
  67          0.123
  68          0.165
  69          0.038
  70          0.101
  71          0.068
  72          0.084
  73          0.107
  74          0.112
  75          0.100
  76          0.074
  77          0.092
  78          0.100
  79          0.067
  80          0.063
  81          0.060
  82          0.076
  83          0.035
  84          0.070
  85          0.053
  86          0.055
  87          0.090
  88          0.056
  89          0.035
  90          0.045
  91          0.137
  92          0.079
  93          0.067
  94          0.076
  95          0.094
  96          0.077
  97          0.091
  98          0.060
  99          0.041
 100          0.011
 101          0.062
 102          0.025
 103          0.011
 104          0.016
 105          0.040
 106          0.035
 107          0.055
 108          0.049
 109          0.069
 110          0.074
 111          0.045
 112          0.069
 113          0.031
 114          0.039
 115          0.070
 116          0.072
 117          0.041
 118          0.104
 119          0.212
 120          0.131
 121          0.088
 122          0.118
 123          0.093
 124          0.049
 125          0.081
 126          0.050
 127          0.021
 128          0.016
 129          0.085
 130          0.065
 131          0.050
 132          0.045
 133          0.051
 134          0.028
 135          0.038
 136          0.064
 137          0.064
 138          0.068
 139          0.042
 140          0.027
 141          0.100
 142          0.114
 143          0.098
 144          0.094
 145          0.079
 146          0.069
 147          0.084
 148          0.022
 149          0.044
 150          0.101
 151          0.173
 152          0.154
 153          0.072
 154          0.112
 155          0.068
 156          0.058
 157          0.043
 158          0.049
 159          0.068
 160          0.119
 161          0.101
 162          0.106
 163          0.083
 164          0.049
 165          0.049
 166          0.057
 167          0.054
 168          0.050
 169          0.043
 170          0.052
 171          0.083
 172          0.057
 173          0.033
 174          0.046
 175          0.067
 176          0.048
 177          0.069
 178          0.072
 179          0.017
 180          0.042
 181          0.033
 182          0.035
 183          0.037
 184          0.034
 185          0.047
 186          0.024
 187          0.048
 188          0.043
 189          0.033
 190          0.022
 191          0.018
 192          0.034
 193          0.047
 194          0.073
 195          0.060
 196          0.052
 197          0.043
 198          0.053
 199          0.157
 200          0.077
 201          0.137
 202          0.075
 203          0.079
 204          0.047
 205          0.090
 206          0.019
 207          0.051
 208          0.036
 209          0.048
 210          0.034
 211          0.064
 212          0.080
 213          0.166
 214          0.072
 215          0.061
 216          0.066
 217          0.036
 218          0.052
 219          0.041
 220          0.130
 221          0.174
 222          0.167
 223          0.093
 224          0.090
 225          0.063
 226          0.110
 227          0.064
 228          0.120
 229          0.129
 230          0.225
 231          0.172
 232          0.142
 233          0.118
 234          0.080
 235          0.061
 236          0.039
 237          0.038
 238          0.049
 239          0.105
 240          0.166
 241          0.096
 242          0.107
 243          0.101
 244          0.077
 245          0.068
 246          0.071
 247          0.097
 248          0.070
 249          0.040
 250          0.040
 251          0.058
 252          0.079
 253          0.065
 254          0.016
 255          0.024
 256          0.024
 257          0.018
 258          0.042
 259          0.038
 260          0.041
 261          0.130
 262          0.251
 263          0.254
 264          0.233
 265          0.193
 266          0.099
 267          0.048
 268          0.102
 269          0.065
 270          0.038
 271          0.060
 272          0.025
 273          0.080
 274          0.139
 275          0.139
 276          0.139
 277          0.155
 278          0.108
 279          0.098
 280          0.143
 281          0.116
 282          0.066
 283          0.065
 284          0.061
 285          0.048
 286          0.054
 287          0.051
 288          0.039
 289          0.041
 290          0.051
 291          0.013
 292          0.013
 293          0.045
 294          0.126
 295          0.023
 296          0.079
 297          0.057
 298          0.024
 299          0.027
 300          0.092
 301          0.081
 302          0.079
 303          0.093
 304          0.086
 305          0.098
 306          0.138
 307          0.141
 308          0.110
 309          0.133
 310          0.177
 311          0.121
 312          0.152
 313          0.074
 314          0.085
 315          0.132
 316          0.122
 317          0.143
 318          0.138
 319          0.078
 320          0.168
 321          0.150
 322          0.223
 323          0.187
 324          0.119
 325          0.125
 326          0.079
 327          0.153
 328          0.106
 329          0.072
 330          0.043
 331          0.062
 332          0.066
 333          0.081
 334          0.089
 335          0.098
 336          0.112
 337          0.064
 338          0.099
 339          0.084
 340          0.111
 341          0.065
 342          0.054
 343          0.058
 344          0.174
 345          0.215
 346          0.187
 347          0.086
 348          0.077
 349          0.074
 350          0.045
 351          0.124
 352          0.264
 353          0.277
 354          0.223
 355          0.259
 356          0.225
 357          0.109
 358          0.131
 359          0.106
 360          0.104
 361          0.090
 362          0.124
 363          0.157
 364          0.088
 365          0.063
 366          0.057
 367          0.118
 368          0.127
 369          0.173
 370          0.109
 371          0.083
 372          0.078
 373          0.076
 374          0.033
 375          0.024
 376          0.023
 377          0.024
 378          0.064
 379          0.055
 380          0.040
 381          0.036
 382          0.034
 383          0.027
 384          0.035
 385          0.028
 386          0.022
 387          0.051
 388          0.030
 389          0.043
 390          0.081
 391          0.047
 392          0.100
 393          0.118
 394          0.136
 395          0.068
 396          0.046
 397          0.040
 398          0.059
 399          0.048
 400          0.039
 401          0.023
 402          0.029
 403          0.041
 404          0.053
 405          0.034
 406          0.025
 407          0.021
 408          0.068
 409          0.083
 410          0.070
 411          0.081
 412          0.126
 413          0.119
 414          0.125
 415          0.118
 416          0.071
 417          0.089
 418          0.084
 419          0.085
 420          0.059
 421          0.025
 422          0.065
 423          0.065
 424          0.113
 425          0.126
 426          0.071
 427          0.048
 428          0.042
 429          0.049
 430          0.049
 431          0.060
 432          0.070
 433          0.056
 434          0.042
 435          0.028
 436          0.094
 437          0.067
 438          0.058
 439          0.034
 440          0.070
 441          0.093
 442          0.107
 443          0.113
 444          0.039
 445          0.038
 446          0.071
 447          0.053
 448          0.048
 449          0.059
 450          0.046
 451          0.031
 452          0.012
 453          0.019
 454          0.017
 455          0.026
 456          0.025
 457          0.067
 458          0.062
 459          0.047
 460          0.051
 461          0.056
 462          0.057
 463          0.037
 464          0.043
 465          0.062
 466          0.064
 467          0.081
 468          0.111
 469          0.308
 470          0.113
 471          0.100
 472          0.100
 473          0.066
 474          0.061
 475          0.127
 476          0.100
 477          0.061
 478          0.040
 479          0.043
 480          0.028
 481          0.049
 482          0.069
 483          0.049
 484          0.023
 485          0.013
 486          0.076
 487          0.058

# Average distance: 0.081 nm
