# Atom index    Distance (nm)
   1          1.537
   2          0.874
   3          0.383
   4          0.175
   5          0.089
   6          0.107
   7          0.049
   8          0.074
   9          0.079
  10          0.046
  11          0.039
  12          0.030
  13          0.020
  14          0.024
  15          0.036
  16          0.075
  17          0.045
  18          0.039
  19          0.045
  20          0.107
  21          0.101
  22          0.114
  23          0.118
  24          0.036
  25          0.044
  26          0.039
  27          0.022
  28          0.038
  29          0.063
  30          0.091
  31          0.046
  32          0.014
  33          0.018
  34          0.010
  35          0.083
  36          0.099
  37          0.115
  38          0.074
  39          0.061
  40          0.097
  41          0.074
  42          0.078
  43          0.142
  44          0.179
  45          0.225
  46          0.153
  47          0.143
  48          0.089
  49          0.105
  50          0.076
  51          0.039
  52          0.085
  53          0.072
  54          0.099
  55          0.115
  56          0.092
  57          0.098
  58          0.052
  59          0.062
  60          0.059
  61          0.064
  62          0.108
  63          0.113
  64          0.111
  65          0.133
  66          0.120
  67          0.124
  68          0.176
  69          0.195
  70          0.134
  71          0.145
  72          0.124
  73          0.064
  74          0.058
  75          0.111
  76          0.126
  77          0.173
  78          0.170
  79          0.144
  80          0.178
  81          0.197
  82          0.181
  83          0.107
  84          0.127
  85          0.118
  86          0.110
  87          0.143
  88          0.089
  89          0.108
  90          0.108
  91          0.146
  92          0.106
  93          0.034
  94          0.071
  95          0.066
  96          0.100
  97          0.114
  98          0.091
  99          0.100
 100          0.122
 101          0.114
 102          0.147
 103          0.150
 104          0.118
 105          0.107
 106          0.079
 107          0.057
 108          0.069
 109          0.122
 110          0.050
 111          0.093
 112          0.075
 113          0.077
 114          0.102
 115          0.112
 116          0.124
 117          0.085
 118          0.109
 119          0.085
 120          0.086
 121          0.078
 122          0.091
 123          0.082
 124          0.054
 125          0.069
 126          0.082
 127          0.036
 128          0.054
 129          0.034
 130          0.041
 131          0.038
 132          0.024
 133          0.032
 134          0.038
 135          0.028
 136          0.058
 137          0.012
 138          0.038
 139          0.103
 140          0.128
 141          0.144
 142          0.130
 143          0.111
 144          0.118
 145          0.078
 146          0.089
 147          0.045
 148          0.052
 149          0.051
 150          0.089
 151          0.167
 152          0.106
 153          0.167
 154          0.142
 155          0.134
 156          0.140
 157          0.102
 158          0.085
 159          0.111
 160          0.136
 161          0.128
 162          0.130
 163          0.159
 164          0.146
 165          0.039
 166          0.039
 167          0.049
 168          0.074
 169          0.068
 170          0.062
 171          0.038
 172          0.024
 173          0.043
 174          0.049
 175          0.069
 176          0.044
 177          0.134
 178          0.072
 179          0.048
 180          0.066
 181          0.110
 182          0.095
 183          0.044
 184          0.054
 185          0.046
 186          0.040
 187          0.034
 188          0.073
 189          0.066
 190          0.067
 191          0.097
 192          0.088
 193          0.166
 194          0.124
 195          0.139
 196          0.145
 197          0.166
 198          0.184
 199          0.183
 200          0.136
 201          0.176
 202          0.144
 203          0.114
 204          0.082
 205          0.102
 206          0.092
 207          0.060
 208          0.041
 209          0.029
 210          0.082
 211          0.090
 212          0.210
 213          0.145
 214          0.100
 215          0.120
 216          0.097
 217          0.070
 218          0.114
 219          0.133
 220          0.142
 221          0.207
 222          0.185
 223          0.158
 224          0.118
 225          0.122
 226          0.138
 227          0.135
 228          0.094
 229          0.091
 230          0.077
 231          0.104
 232          0.107
 233          0.121
 234          0.117
 235          0.106
 236          0.141
 237          0.172
 238          0.195
 239          0.314
 240          0.072
 241          0.120
 242          0.089
 243          0.160
 244          0.148
 245          0.152
 246          0.176
 247          0.167
 248          0.119
 249          0.117
 250          0.102
 251          0.094
 252          0.062
 253          0.056
 254          0.066
 255          0.067
 256          0.068
 257          0.064
 258          0.099
 259          0.058
 260          0.112
 261          0.168
 262          0.153
 263          0.208
 264          0.202
 265          0.168
 266          0.140
 267          0.128
 268          0.144
 269          0.151
 270          0.169
 271          0.215
 272          0.246
 273          0.202
 274          0.191
 275          0.171
 276          0.181
 277          0.179
 278          0.248
 279          0.144
 280          0.134
 281          0.069
 282          0.155
 283          0.135
 284          0.129
 285          0.135
 286          0.131
 287          0.113
 288          0.103
 289          0.086
 290          0.031
 291          0.065
 292          0.086
 293          0.163
 294          0.223
 295          0.309
 296          0.208
 297          0.130
 298          0.085
 299          0.062
 300          0.055
 301          0.080
 302          0.064
 303          0.117
 304          0.216
 305          0.213
 306          0.165
 307          0.155
 308          0.148
 309          0.088
 310          0.052
 311          0.057
 312          0.120
 313          0.099
 314          0.097
 315          0.059
 316          0.078
 317          0.089
 318          0.120
 319          0.115
 320          0.171
 321          0.179
 322          0.211
 323          0.231
 324          0.184
 325          0.154
 326          0.133
 327          0.071
 328          0.102
 329          0.102
 330          0.080
 331          0.096
 332          0.096
 333          0.062
 334          0.051
 335          0.096
 336          0.114
 337          0.091
 338          0.071
 339          0.067
 340          0.078
 341          0.060
 342          0.072
 343          0.035
 344          0.045
 345          0.062
 346          0.022
 347          0.060
 348          0.017
 349          0.052
 350          0.048
 351          0.080
 352          0.073
 353          0.132
 354          0.206
 355          0.166
 356          0.144
 357          0.090
 358          0.089
 359          0.053
 360          0.103
 361          0.082
 362          0.082
 363          0.082
 364          0.027
 365          0.061
 366          0.124
 367          0.126
 368          0.077
 369          0.091
 370          0.097
 371          0.069
 372          0.080
 373          0.070
 374          0.057
 375          0.092
 376          0.064
 377          0.036
 378          0.028
 379          0.056
 380          0.061
 381          0.051
 382          0.065
 383          0.046
 384          0.095
 385          0.047
 386          0.029
 387          0.069
 388          0.061
 389          0.049
 390          0.049
 391          0.039
 392          0.040
 393          0.035
 394          0.045
 395          0.057
 396          0.065
 397          0.045
 398          0.027
 399          0.063
 400          0.050
 401          0.035
 402          0.031
 403          0.054
 404          0.039
 405          0.021
 406          0.045
 407          0.033
 408          0.044
 409          0.054
 410          0.061
 411          0.050
 412          0.069
 413          0.089
 414          0.125
 415          0.065
 416          0.029
 417          0.040
 418          0.024
 419          0.018
 420          0.049
 421          0.045
 422          0.043
 423          0.059
 424          0.052
 425          0.033
 426          0.037
 427          0.096
 428          0.095
 429          0.059
 430          0.110
 431          0.181
 432          0.063
 433          0.077
 434          0.080
 435          0.035
 436          0.089
 437          0.091
 438          0.099
 439          0.092
 440          0.107
 441          0.168
 442          0.115
 443          0.134
 444          0.045
 445          0.056
 446          0.071
 447          0.060
 448          0.060
 449          0.054
 450          0.065
 451          0.060
 452          0.045
 453          0.033
 454          0.060
 455          0.044
 456          0.058
 457          0.085
 458          0.051
 459          0.028
 460          0.070
 461          0.091
 462          0.027
 463          0.068
 464          0.059
 465          0.049
 466          0.085
 467          0.052
 468          0.059
 469          0.102
 470          0.093
 471          0.102
 472          0.092
 473          0.072
 474          0.091
 475          0.096
 476          0.103
 477          0.160
 478          0.232
 479          0.123
 480          0.173
 481          0.263
 482          0.101
 483          0.040
 484          0.062
 485          0.040
 486          0.049
 487          0.046

# Average distance: 0.100 nm
