# Atom index    Distance (nm)
   1          0.467
   2          0.077
   3          0.153
   4          0.388
   5          0.328
   6          0.183
   7          0.126
   8          0.099
   9          0.084
  10          0.071
  11          0.080
  12          0.086
  13          0.082
  14          0.043
  15          0.040
  16          0.074
  17          0.075
  18          0.145
  19          0.153
  20          0.101
  21          0.067
  22          0.084
  23          0.021
  24          0.069
  25          0.066
  26          0.036
  27          0.067
  28          0.136
  29          0.073
  30          0.090
  31          0.090
  32          0.081
  33          0.183
  34          0.115
  35          0.090
  36          0.102
  37          0.160
  38          0.141
  39          0.144
  40          0.091
  41          0.057
  42          0.057
  43          0.059
  44          0.075
  45          0.044
  46          0.141
  47          0.188
  48          0.117
  49          0.060
  50          0.111
  51          0.071
  52          0.072
  53          0.065
  54          0.093
  55          0.073
  56          0.037
  57          0.046
  58          0.116
  59          0.115
  60          0.131
  61          0.099
  62          0.098
  63          0.084
  64          0.106
  65          0.095
  66          0.100
  67          0.170
  68          0.161
  69          0.153
  70          0.144
  71          0.114
  72          0.115
  73          0.107
  74          0.126
  75          0.086
  76          0.045
  77          0.106
  78          0.099
  79          0.156
  80          0.095
  81          0.125
  82          0.102
  83          0.110
  84          0.103
  85          0.055
  86          0.082
  87          0.114
  88          0.125
  89          0.200
  90          0.157
  91          0.181
  92          0.173
  93          0.134
  94          0.085
  95          0.152
  96          0.111
  97          0.068
  98          0.071
  99          0.078
 100          0.082
 101          0.178
 102          0.163
 103          0.150
 104          0.132
 105          0.126
 106          0.077
 107          0.088
 108          0.297
 109          0.415
 110          0.308
 111          0.254
 112          0.280
 113          0.131
 114          0.130
 115          0.138
 116          0.195
 117          0.209
 118          0.163
 119          0.234
 120          0.175
 121          0.176
 122          0.168
 123          0.170
 124          0.121
 125          0.100
 126          0.056
 127          0.078
 128          0.011
 129          0.039
 130          0.062
 131          0.104
 132          0.118
 133          0.009
 134          0.025
 135          0.018
 136          0.048
 137          0.062
 138          0.071
 139          0.077
 140          0.085
 141          0.133
 142          0.073
 143          0.084
 144          0.078
 145          0.110
 146          0.050
 147          0.069
 148          0.046
 149          0.037
 150          0.020
 151          0.044
 152          0.264
 153          0.347
 154          0.226
 155          0.084
 156          0.040
 157          0.055
 158          0.061
 159          0.083
 160          0.102
 161          0.085
 162          0.087
 163          0.105
 164          0.100
 165          0.042
 166          0.053
 167          0.065
 168          0.017
 169          0.041
 170          0.039
 171          0.015
 172          0.055
 173          0.067
 174          0.024
 175          0.081
 176          0.106
 177          0.132
 178          0.149
 179          0.097
 180          0.066
 181          0.048
 182          0.053
 183          0.059
 184          0.063
 185          0.099
 186          0.088
 187          0.029
 188          0.036
 189          0.022
 190          0.046
 191          0.078
 192          0.062
 193          0.060
 194          0.025
 195          0.022
 196          0.035
 197          0.046
 198          0.089
 199          0.110
 200          0.101
 201          0.154
 202          0.127
 203          0.062
 204          0.059
 205          0.060
 206          0.054
 207          0.102
 208          0.133
 209          0.092
 210          0.055
 211          0.173
 212          0.269
 213          0.360
 214          0.180
 215          0.118
 216          0.146
 217          0.114
 218          0.028
 219          0.035
 220          0.063
 221          0.072
 222          0.062
 223          0.068
 224          0.083
 225          0.114
 226          0.146
 227          0.095
 228          0.139
 229          0.192
 230          0.205
 231          0.102
 232          0.080
 233          0.063
 234          0.074
 235          0.167
 236          0.185
 237          0.346
 238          0.294
 239          0.226
 240          0.218
 241          0.238
 242          0.161
 243          0.126
 244          0.161
 245          0.188
 246          0.144
 247          0.149
 248          0.076
 249          0.052
 250          0.074
 251          0.073
 252          0.007
 253          0.036
 254          0.045
 255          0.042
 256          0.018
 257          0.057
 258          0.072
 259          0.072
 260          0.025
 261          0.071
 262          0.078
 263          0.088
 264          0.046
 265          0.028
 266          0.045
 267          0.037
 268          0.014
 269          0.122
 270          0.151
 271          0.147
 272          0.250
 273          0.132
 274          0.069
 275          0.067
 276          0.051
 277          0.049
 278          0.036
 279          0.043
 280          0.056
 281          0.081
 282          0.078
 283          0.079
 284          0.073
 285          0.069
 286          0.065
 287          0.033
 288          0.029
 289          0.038
 290          0.047
 291          0.056
 292          0.045
 293          0.052
 294          0.050
 295          0.170
 296          0.312
 297          0.225
 298          0.101
 299          0.065
 300          0.082
 301          0.080
 302          0.068
 303          0.080
 304          0.065
 305          0.034
 306          0.041
 307          0.069
 308          0.056
 309          0.036
 310          0.043
 311          0.078
 312          0.086
 313          0.184
 314          0.138
 315          0.114
 316          0.081
 317          0.075
 318          0.089
 319          0.095
 320          0.089
 321          0.085
 322          0.082
 323          0.140
 324          0.080
 325          0.094
 326          0.057
 327          0.039
 328          0.050
 329          0.059
 330          0.067
 331          0.068
 332          0.084
 333          0.109
 334          0.087
 335          0.061
 336          0.065
 337          0.076
 338          0.059
 339          0.065
 340          0.124
 341          0.099
 342          0.050
 343          0.048
 344          0.043
 345          0.069
 346          0.049
 347          0.063
 348          0.064
 349          0.081
 350          0.054
 351          0.044
 352          0.028
 353          0.045
 354          0.048
 355          0.065
 356          0.053
 357          0.026
 358          0.037
 359          0.064
 360          0.126
 361          0.109
 362          0.091
 363          0.137
 364          0.085
 365          0.072
 366          0.122
 367          0.111
 368          0.083
 369          0.070
 370          0.075
 371          0.059
 372          0.037
 373          0.046
 374          0.018
 375          0.056
 376          0.053
 377          0.053
 378          0.032
 379          0.073
 380          0.024
 381          0.021
 382          0.017
 383          0.034
 384          0.055
 385          0.037
 386          0.060
 387          0.016
 388          0.021
 389          0.040
 390          0.052
 391          0.058
 392          0.105
 393          0.121
 394          0.173
 395          0.127
 396          0.073
 397          0.075
 398          0.062
 399          0.036
 400          0.033
 401          0.051
 402          0.036
 403          0.027
 404          0.061
 405          0.058
 406          0.034
 407          0.050
 408          0.087
 409          0.099
 410          0.084
 411          0.073
 412          0.078
 413          0.077
 414          0.072
 415          0.083
 416          0.085
 417          0.088
 418          0.078
 419          0.102
 420          0.098
 421          0.098
 422          0.099
 423          0.138
 424          0.188
 425          0.074
 426          0.071
 427          0.091
 428          0.069
 429          0.049
 430          0.136
 431          0.164
 432          0.101
 433          0.078
 434          0.029
 435          0.055
 436          0.036
 437          0.064
 438          0.037
 439          0.071
 440          0.105
 441          0.136
 442          0.160
 443          0.131
 444          0.082
 445          0.104
 446          0.037
 447          0.054
 448          0.065
 449          0.034
 450          0.059
 451          0.044
 452          0.075
 453          0.020
 454          0.034
 455          0.039
 456          0.055
 457          0.068
 458          0.041
 459          0.024
 460          0.190
 461          0.089
 462          0.034
 463          0.030
 464          0.030
 465          0.121
 466          0.056
 467          0.073
 468          0.116
 469          0.106
 470          0.080
 471          0.072
 472          0.067
 473          0.043
 474          0.064
 475          0.131
 476          0.092
 477          0.060
 478          0.025
 479          0.029
 480          0.061
 481          0.074
 482          0.095
 483          0.045
 484          0.072
 485          0.070
 486          0.039
 487          0.026

# Average distance: 0.092 nm
