# Atom index    Distance (nm)
   1          0.077
   2          0.034
   3          0.044
   4          0.040
   5          0.031
   6          0.050
   7          0.087
   8          0.065
   9          0.018
  10          0.037
  11          0.070
  12          0.077
  13          0.047
  14          0.083
  15          0.061
  16          0.053
  17          0.043
  18          0.079
  19          0.085
  20          0.057
  21          0.078
  22          0.051
  23          0.039
  24          0.045
  25          0.016
  26          0.038
  27          0.093
  28          0.087
  29          0.118
  30          0.110
  31          0.083
  32          0.050
  33          0.038
  34          0.055
  35          0.105
  36          0.091
  37          0.059
  38          0.039
  39          0.089
  40          0.080
  41          0.062
  42          0.057
  43          0.057
  44          0.079
  45          0.100
  46          0.120
  47          0.177
  48          0.240
  49          0.273
  50          0.303
  51          0.195
  52          0.133
  53          0.103
  54          0.089
  55          0.086
  56          0.078
  57          0.048
  58          0.047
  59          0.077
  60          0.065
  61          0.103
  62          0.049
  63          0.050
  64          0.048
  65          0.070
  66          0.119
  67          0.183
  68          0.230
  69          0.213
  70          0.177
  71          0.157
  72          0.070
  73          0.057
  74          0.058
  75          0.076
  76          0.076
  77          0.137
  78          0.089
  79          0.035
  80          0.060
  81          0.121
  82          0.121
  83          0.094
  84          0.102
  85          0.104
  86          0.120
  87          0.131
  88          0.127
  89          0.130
  90          0.157
  91          0.193
  92          0.131
  93          0.191
  94          0.080
  95          0.107
  96          0.103
  97          0.101
  98          0.127
  99          0.120
 100          0.143
 101          0.177
 102          0.141
 103          0.129
 104          0.142
 105          0.162
 106          0.109
 107          0.114
 108          0.122
 109          0.136
 110          0.141
 111          0.148
 112          0.166
 113          0.141
 114          0.140
 115          0.166
 116          0.133
 117          0.133
 118          0.126
 119          0.126
 120          0.109
 121          0.143
 122          0.081
 123          0.074
 124          0.100
 125          0.091
 126          0.098
 127          0.087
 128          0.069
 129          0.043
 130          0.063
 131          0.054
 132          0.080
 133          0.064
 134          0.071
 135          0.053
 136          0.060
 137          0.089
 138          0.099
 139          0.073
 140          0.060
 141          0.111
 142          0.044
 143          0.039
 144          0.052
 145          0.029
 146          0.045
 147          0.056
 148          0.042
 149          0.053
 150          0.087
 151          0.063
 152          0.084
 153          0.195
 154          0.184
 155          0.180
 156          0.144
 157          0.132
 158          0.082
 159          0.064
 160          0.037
 161          0.038
 162          0.029
 163          0.067
 164          0.033
 165          0.039
 166          0.051
 167          0.063
 168          0.080
 169          0.060
 170          0.065
 171          0.070
 172          0.035
 173          0.087
 174          0.106
 175          0.062
 176          0.094
 177          0.113
 178          0.085
 179          0.091
 180          0.069
 181          0.069
 182          0.077
 183          0.080
 184          0.055
 185          0.055
 186          0.062
 187          0.070
 188          0.043
 189          0.039
 190          0.064
 191          0.110
 192          0.149
 193          0.130
 194          0.095
 195          0.116
 196          0.063
 197          0.057
 198          0.082
 199          0.120
 200          0.082
 201          0.117
 202          0.070
 203          0.147
 204          0.114
 205          0.083
 206          0.119
 207          0.122
 208          0.104
 209          0.073
 210          0.054
 211          0.032
 212          0.106
 213          0.069
 214          0.075
 215          0.092
 216          0.099
 217          0.130
 218          0.136
 219          0.146
 220          0.237
 221          0.259
 222          0.229
 223          0.116
 224          0.118
 225          0.131
 226          0.133
 227          0.108
 228          0.160
 229          0.179
 230          0.190
 231          0.075
 232          0.085
 233          0.122
 234          0.117
 235          0.118
 236          0.136
 237          0.274
 238          0.139
 239          0.191
 240          0.164
 241          0.109
 242          0.102
 243          0.121
 244          0.151
 245          0.159
 246          0.134
 247          0.129
 248          0.099
 249          0.142
 250          0.095
 251          0.072
 252          0.058
 253          0.058
 254          0.068
 255          0.062
 256          0.054
 257          0.051
 258          0.050
 259          0.055
 260          0.108
 261          0.136
 262          0.139
 263          0.150
 264          0.157
 265          0.121
 266          0.079
 267          0.057
 268          0.042
 269          0.027
 270          0.010
 271          0.048
 272          0.130
 273          0.094
 274          0.115
 275          0.110
 276          0.061
 277          0.100
 278          0.099
 279          0.081
 280          0.111
 281          0.055
 282          0.087
 283          0.056
 284          0.098
 285          0.077
 286          0.086
 287          0.089
 288          0.092
 289          0.032
 290          0.055
 291          0.044
 292          0.106
 293          0.095
 294          0.232
 295          0.158
 296          0.141
 297          0.152
 298          0.132
 299          0.132
 300          0.061
 301          0.060
 302          0.032
 303          0.070
 304          0.066
 305          0.055
 306          0.030
 307          0.025
 308          0.048
 309          0.073
 310          0.113
 311          0.063
 312          0.084
 313          0.047
 314          0.062
 315          0.076
 316          0.079
 317          0.097
 318          0.105
 319          0.082
 320          0.071
 321          0.056
 322          0.108
 323          0.164
 324          0.095
 325          0.164
 326          0.169
 327          0.115
 328          0.034
 329          0.088
 330          0.106
 331          0.134
 332          0.125
 333          0.090
 334          0.081
 335          0.025
 336          0.040
 337          0.060
 338          0.060
 339          0.078
 340          0.104
 341          0.110
 342          0.118
 343          0.081
 344          0.092
 345          0.114
 346          0.106
 347          0.115
 348          0.092
 349          0.094
 350          0.099
 351          0.095
 352          0.088
 353          0.124
 354          0.115
 355          0.062
 356          0.057
 357          0.062
 358          0.069
 359          0.099
 360          0.112
 361          0.097
 362          0.064
 363          0.076
 364          0.109
 365          0.085
 366          0.128
 367          0.147
 368          0.134
 369          0.129
 370          0.099
 371          0.132
 372          0.132
 373          0.038
 374          0.054
 375          0.042
 376          0.022
 377          0.038
 378          0.044
 379          0.049
 380          0.062
 381          0.059
 382          0.037
 383          0.044
 384          0.030
 385          0.045
 386          0.088
 387          0.090
 388          0.054
 389          0.097
 390          0.098
 391          0.080
 392          0.057
 393          0.111
 394          0.103
 395          0.041
 396          0.054
 397          0.079
 398          0.035
 399          0.121
 400          0.072
 401          0.091
 402          0.097
 403          0.060
 404          0.047
 405          0.096
 406          0.069
 407          0.049
 408          0.076
 409          0.072
 410          0.061
 411          0.041
 412          0.050
 413          0.186
 414          0.100
 415          0.033
 416          0.050
 417          0.032
 418          0.082
 419          0.102
 420          0.058
 421          0.093
 422          0.139
 423          0.092
 424          0.075
 425          0.068
 426          0.070
 427          0.078
 428          0.064
 429          0.078
 430          0.174
 431          0.133
 432          0.150
 433          0.118
 434          0.139
 435          0.088
 436          0.090
 437          0.083
 438          0.091
 439          0.111
 440          0.097
 441          0.069
 442          0.146
 443          0.075
 444          0.022
 445          0.084
 446          0.055
 447          0.027
 448          0.018
 449          0.026
 450          0.020
 451          0.056
 452          0.050
 453          0.062
 454          0.052
 455          0.033
 456          0.025
 457          0.023
 458          0.065
 459          0.103
 460          0.166
 461          0.158
 462          0.088
 463          0.087
 464          0.058
 465          0.049
 466          0.083
 467          0.067
 468          0.083
 469          0.087
 470          0.042
 471          0.038
 472          0.064
 473          0.064
 474          0.062
 475          0.093
 476          0.090
 477          0.092
 478          0.100
 479          0.081
 480          0.067
 481          0.066
 482          0.105
 483          0.092
 484          0.081
 485          0.065
 486          0.053
 487          0.052

# Average distance: 0.091 nm
