# Atom index    Distance (nm)
   1          1.346
   2          1.438
   3          0.935
   4          0.410
   5          0.197
   6          0.121
   7          0.084
   8          0.097
   9          0.075
  10          0.059
  11          0.087
  12          0.041
  13          0.062
  14          0.067
  15          0.033
  16          0.044
  17          0.051
  18          0.021
  19          0.044
  20          0.046
  21          0.059
  22          0.159
  23          0.114
  24          0.108
  25          0.076
  26          0.072
  27          0.116
  28          0.060
  29          0.067
  30          0.084
  31          0.096
  32          0.111
  33          0.057
  34          0.143
  35          0.064
  36          0.123
  37          0.130
  38          0.098
  39          0.096
  40          0.062
  41          0.162
  42          0.212
  43          0.184
  44          0.085
  45          0.265
  46          0.334
  47          0.230
  48          0.125
  49          0.302
  50          0.403
  51          0.251
  52          0.214
  53          0.156
  54          0.172
  55          0.135
  56          0.096
  57          0.089
  58          0.080
  59          0.126
  60          0.099
  61          0.098
  62          0.065
  63          0.049
  64          0.040
  65          0.096
  66          0.146
  67          0.165
  68          0.271
  69          0.267
  70          0.290
  71          0.191
  72          0.118
  73          0.084
  74          0.021
  75          0.046
  76          0.055
  77          0.077
  78          0.109
  79          0.135
  80          0.138
  81          0.190
  82          0.137
  83          0.096
  84          0.139
  85          0.112
  86          0.181
  87          0.169
  88          0.190
  89          0.086
  90          0.126
  91          0.170
  92          0.119
  93          0.098
  94          0.086
  95          0.080
  96          0.099
  97          0.109
  98          0.189
  99          0.187
 100          0.222
 101          0.248
 102          0.280
 103          0.250
 104          0.213
 105          0.150
 106          0.112
 107          0.086
 108          0.144
 109          0.159
 110          0.116
 111          0.122
 112          0.124
 113          0.113
 114          0.143
 115          0.166
 116          0.229
 117          0.201
 118          0.190
 119          0.138
 120          0.135
 121          0.058
 122          0.053
 123          0.103
 124          0.126
 125          0.056
 126          0.051
 127          0.087
 128          0.096
 129          0.074
 130          0.052
 131          0.050
 132          0.033
 133          0.029
 134          0.112
 135          0.114
 136          0.111
 137          0.094
 138          0.099
 139          0.108
 140          0.147
 141          0.149
 142          0.157
 143          0.151
 144          0.147
 145          0.136
 146          0.126
 147          0.117
 148          0.093
 149          0.066
 150          0.052
 151          0.044
 152          0.200
 153          0.317
 154          0.156
 155          0.071
 156          0.072
 157          0.079
 158          0.085
 159          0.132
 160          0.131
 161          0.163
 162          0.164
 163          0.140
 164          0.106
 165          0.110
 166          0.100
 167          0.077
 168          0.091
 169          0.083
 170          0.059
 171          0.057
 172          0.063
 173          0.073
 174          0.066
 175          0.097
 176          0.179
 177          0.145
 178          0.204
 179          0.175
 180          0.136
 181          0.087
 182          0.076
 183          0.040
 184          0.076
 185          0.085
 186          0.073
 187          0.067
 188          0.018
 189          0.075
 190          0.076
 191          0.101
 192          0.157
 193          0.151
 194          0.154
 195          0.104
 196          0.068
 197          0.065
 198          0.065
 199          0.109
 200          0.100
 201          0.162
 202          0.181
 203          0.132
 204          0.093
 205          0.091
 206          0.117
 207          0.106
 208          0.169
 209          0.139
 210          0.125
 211          0.149
 212          0.108
 213          0.079
 214          0.094
 215          0.072
 216          0.107
 217          0.150
 218          0.136
 219          0.127
 220          0.141
 221          0.187
 222          0.192
 223          0.192
 224          0.168
 225          0.189
 226          0.197
 227          0.173
 228          0.190
 229          0.217
 230          0.189
 231          0.116
 232          0.122
 233          0.107
 234          0.076
 235          0.100
 236          0.164
 237          0.184
 238          0.181
 239          0.228
 240          0.202
 241          0.234
 242          0.188
 243          0.175
 244          0.161
 245          0.141
 246          0.142
 247          0.126
 248          0.116
 249          0.066
 250          0.079
 251          0.067
 252          0.081
 253          0.106
 254          0.062
 255          0.081
 256          0.038
 257          0.074
 258          0.048
 259          0.044
 260          0.049
 261          0.085
 262          0.098
 263          0.044
 264          0.124
 265          0.095
 266          0.091
 267          0.083
 268          0.084
 269          0.090
 270          0.132
 271          0.200
 272          0.191
 273          0.161
 274          0.082
 275          0.092
 276          0.090
 277          0.084
 278          0.082
 279          0.073
 280          0.082
 281          0.146
 282          0.153
 283          0.150
 284          0.130
 285          0.136
 286          0.125
 287          0.074
 288          0.045
 289          0.052
 290          0.058
 291          0.056
 292          0.039
 293          0.073
 294          0.102
 295          0.111
 296          0.116
 297          0.102
 298          0.068
 299          0.054
 300          0.049
 301          0.042
 302          0.089
 303          0.100
 304          0.118
 305          0.164
 306          0.163
 307          0.117
 308          0.060
 309          0.055
 310          0.102
 311          0.069
 312          0.107
 313          0.235
 314          0.248
 315          0.149
 316          0.106
 317          0.064
 318          0.067
 319          0.106
 320          0.169
 321          0.125
 322          0.041
 323          0.088
 324          0.127
 325          0.102
 326          0.075
 327          0.083
 328          0.074
 329          0.052
 330          0.032
 331          0.053
 332          0.063
 333          0.030
 334          0.100
 335          0.082
 336          0.150
 337          0.101
 338          0.081
 339          0.071
 340          0.069
 341          0.066
 342          0.040
 343          0.062
 344          0.073
 345          0.140
 346          0.118
 347          0.044
 348          0.035
 349          0.035
 350          0.056
 351          0.072
 352          0.072
 353          0.096
 354          0.164
 355          0.123
 356          0.108
 357          0.073
 358          0.064
 359          0.062
 360          0.049
 361          0.066
 362          0.040
 363          0.048
 364          0.092
 365          0.131
 366          0.082
 367          0.075
 368          0.031
 369          0.045
 370          0.046
 371          0.058
 372          0.068
 373          0.136
 374          0.033
 375          0.037
 376          0.029
 377          0.029
 378          0.025
 379          0.012
 380          0.019
 381          0.037
 382          0.049
 383          0.057
 384          0.076
 385          0.045
 386          0.064
 387          0.096
 388          0.052
 389          0.055
 390          0.051
 391          0.037
 392          0.090
 393          0.210
 394          0.260
 395          0.117
 396          0.034
 397          0.118
 398          0.053
 399          0.055
 400          0.114
 401          0.078
 402          0.065
 403          0.079
 404          0.058
 405          0.036
 406          0.025
 407          0.042
 408          0.038
 409          0.043
 410          0.095
 411          0.108
 412          0.120
 413          0.198
 414          0.176
 415          0.180
 416          0.165
 417          0.108
 418          0.093
 419          0.059
 420          0.058
 421          0.071
 422          0.185
 423          0.160
 424          0.129
 425          0.128
 426          0.068
 427          0.028
 428          0.043
 429          0.077
 430          0.101
 431          0.091
 432          0.176
 433          0.122
 434          0.136
 435          0.110
 436          0.119
 437          0.072
 438          0.098
 439          0.022
 440          0.085
 441          0.103
 442          0.168
 443          0.084
 444          0.071
 445          0.099
 446          0.134
 447          0.127
 448          0.050
 449          0.031
 450          0.034
 451          0.064
 452          0.089
 453          0.073
 454          0.058
 455          0.051
 456          0.066
 457          0.079
 458          0.092
 459          0.104
 460          0.157
 461          0.132
 462          0.105
 463          0.133
 464          0.104
 465          0.088
 466          0.054
 467          0.118
 468          0.066
 469          0.200
 470          0.293
 471          0.164
 472          0.109
 473          0.123
 474          0.181
 475          0.241
 476          0.199
 477          0.240
 478          0.193
 479          0.083
 480          0.128
 481          0.125
 482          0.070
 483          0.068
 484          0.050
 485          0.031
 486          0.032
 487          0.041

# Average distance: 0.116 nm
