# Atom index    Distance (nm)
   1          0.629
   2          0.478
   3          0.268
   4          0.091
   5          0.060
   6          0.059
   7          0.057
   8          0.064
   9          0.065
  10          0.091
  11          0.092
  12          0.084
  13          0.111
  14          0.110
  15          0.086
  16          0.039
  17          0.035
  18          0.028
  19          0.051
  20          0.136
  21          0.125
  22          0.222
  23          0.118
  24          0.213
  25          0.160
  26          0.065
  27          0.044
  28          0.043
  29          0.051
  30          0.095
  31          0.073
  32          0.068
  33          0.063
  34          0.073
  35          0.119
  36          0.064
  37          0.070
  38          0.050
  39          0.093
  40          0.129
  41          0.083
  42          0.102
  43          0.124
  44          0.152
  45          0.312
  46          0.315
  47          0.203
  48          0.097
  49          0.201
  50          0.150
  51          0.093
  52          0.106
  53          0.079
  54          0.068
  55          0.062
  56          0.058
  57          0.062
  58          0.077
  59          0.141
  60          0.139
  61          0.057
  62          0.062
  63          0.073
  64          0.070
  65          0.060
  66          0.044
  67          0.149
  68          0.194
  69          0.231
  70          0.129
  71          0.041
  72          0.053
  73          0.069
  74          0.058
  75          0.143
  76          0.150
  77          0.157
  78          0.172
  79          0.087
  80          0.103
  81          0.098
  82          0.075
  83          0.057
  84          0.053
  85          0.046
  86          0.081
  87          0.093
  88          0.040
  89          0.046
  90          0.105
  91          0.205
  92          0.054
  93          0.083
  94          0.031
  95          0.048
  96          0.035
  97          0.037
  98          0.038
  99          0.039
 100          0.083
 101          0.116
 102          0.116
 103          0.112
 104          0.080
 105          0.049
 106          0.076
 107          0.076
 108          0.073
 109          0.100
 110          0.052
 111          0.029
 112          0.080
 113          0.098
 114          0.084
 115          0.057
 116          0.023
 117          0.051
 118          0.099
 119          0.099
 120          0.070
 121          0.073
 122          0.065
 123          0.039
 124          0.044
 125          0.072
 126          0.070
 127          0.077
 128          0.075
 129          0.081
 130          0.077
 131          0.104
 132          0.055
 133          0.053
 134          0.067
 135          0.061
 136          0.068
 137          0.100
 138          0.086
 139          0.074
 140          0.037
 141          0.089
 142          0.141
 143          0.127
 144          0.094
 145          0.058
 146          0.055
 147          0.033
 148          0.019
 149          0.036
 150          0.062
 151          0.045
 152          0.132
 153          0.237
 154          0.109
 155          0.077
 156          0.087
 157          0.047
 158          0.021
 159          0.050
 160          0.048
 161          0.063
 162          0.058
 163          0.043
 164          0.032
 165          0.014
 166          0.022
 167          0.033
 168          0.014
 169          0.029
 170          0.003
 171          0.036
 172          0.062
 173          0.084
 174          0.109
 175          0.059
 176          0.059
 177          0.066
 178          0.051
 179          0.069
 180          0.046
 181          0.043
 182          0.025
 183          0.057
 184          0.061
 185          0.079
 186          0.063
 187          0.049
 188          0.026
 189          0.027
 190          0.043
 191          0.061
 192          0.084
 193          0.088
 194          0.094
 195          0.090
 196          0.047
 197          0.049
 198          0.050
 199          0.132
 200          0.106
 201          0.131
 202          0.120
 203          0.074
 204          0.055
 205          0.046
 206          0.038
 207          0.038
 208          0.049
 209          0.032
 210          0.025
 211          0.070
 212          0.074
 213          0.024
 214          0.058
 215          0.082
 216          0.035
 217          0.039
 218          0.041
 219          0.049
 220          0.081
 221          0.113
 222          0.046
 223          0.030
 224          0.061
 225          0.021
 226          0.067
 227          0.088
 228          0.152
 229          0.155
 230          0.237
 231          0.148
 232          0.160
 233          0.152
 234          0.084
 235          0.082
 236          0.085
 237          0.149
 238          0.217
 239          0.141
 240          0.101
 241          0.054
 242          0.076
 243          0.092
 244          0.126
 245          0.098
 246          0.035
 247          0.062
 248          0.050
 249          0.055
 250          0.094
 251          0.100
 252          0.080
 253          0.053
 254          0.038
 255          0.058
 256          0.046
 257          0.053
 258          0.099
 259          0.073
 260          0.074
 261          0.062
 262          0.066
 263          0.103
 264          0.152
 265          0.042
 266          0.032
 267          0.041
 268          0.042
 269          0.072
 270          0.078
 271          0.105
 272          0.092
 273          0.100
 274          0.059
 275          0.047
 276          0.032
 277          0.032
 278          0.093
 279          0.050
 280          0.059
 281          0.114
 282          0.069
 283          0.014
 284          0.011
 285          0.007
 286          0.023
 287          0.025
 288          0.045
 289          0.068
 290          0.071
 291          0.067
 292          0.066
 293          0.102
 294          0.191
 295          0.221
 296          0.236
 297          0.161
 298          0.123
 299          0.061
 300          0.042
 301          0.024
 302          0.030
 303          0.032
 304          0.075
 305          0.075
 306          0.066
 307          0.090
 308          0.102
 309          0.084
 310          0.108
 311          0.057
 312          0.071
 313          0.118
 314          0.051
 315          0.064
 316          0.073
 317          0.095
 318          0.101
 319          0.115
 320          0.076
 321          0.070
 322          0.106
 323          0.108
 324          0.104
 325          0.245
 326          0.226
 327          0.097
 328          0.042
 329          0.039
 330          0.066
 331          0.098
 332          0.080
 333          0.081
 334          0.072
 335          0.077
 336          0.079
 337          0.089
 338          0.096
 339          0.098
 340          0.126
 341          0.096
 342          0.081
 343          0.038
 344          0.037
 345          0.035
 346          0.053
 347          0.047
 348          0.064
 349          0.064
 350          0.081
 351          0.098
 352          0.098
 353          0.164
 354          0.241
 355          0.169
 356          0.115
 357          0.081
 358          0.052
 359          0.039
 360          0.066
 361          0.074
 362          0.060
 363          0.105
 364          0.090
 365          0.085
 366          0.084
 367          0.090
 368          0.115
 369          0.131
 370          0.063
 371          0.059
 372          0.087
 373          0.064
 374          0.057
 375          0.070
 376          0.069
 377          0.093
 378          0.074
 379          0.066
 380          0.018
 381          0.032
 382          0.020
 383          0.021
 384          0.035
 385          0.095
 386          0.064
 387          0.081
 388          0.050
 389          0.064
 390          0.114
 391          0.031
 392          0.028
 393          0.031
 394          0.059
 395          0.098
 396          0.021
 397          0.047
 398          0.061
 399          0.045
 400          0.056
 401          0.043
 402          0.040
 403          0.057
 404          0.087
 405          0.044
 406          0.053
 407          0.043
 408          0.038
 409          0.036
 410          0.028
 411          0.103
 412          0.164
 413          0.137
 414          0.142
 415          0.131
 416          0.110
 417          0.070
 418          0.046
 419          0.037
 420          0.035
 421          0.016
 422          0.015
 423          0.036
 424          0.075
 425          0.040
 426          0.024
 427          0.026
 428          0.069
 429          0.071
 430          0.103
 431          0.262
 432          0.212
 433          0.100
 434          0.074
 435          0.026
 436          0.025
 437          0.044
 438          0.055
 439          0.050
 440          0.069
 441          0.037
 442          0.087
 443          0.036
 444          0.061
 445          0.092
 446          0.073
 447          0.100
 448          0.066
 449          0.059
 450          0.065
 451          0.053
 452          0.033
 453          0.029
 454          0.028
 455          0.074
 456          0.021
 457          0.042
 458          0.045
 459          0.074
 460          0.091
 461          0.103
 462          0.053
 463          0.058
 464          0.052
 465          0.041
 466          0.015
 467          0.056
 468          0.077
 469          0.135
 470          0.113
 471          0.042
 472          0.048
 473          0.057
 474          0.027
 475          0.052
 476          0.100
 477          0.114
 478          0.126
 479          0.079
 480          0.056
 481          0.073
 482          0.045
 483          0.067
 484          0.029
 485          0.024
 486          0.022
 487          0.011

# Average distance: 0.080 nm
