# Atom index    Distance (nm)
   1          0.386
   2          0.269
   3          0.188
   4          0.136
   5          0.123
   6          0.071
   7          0.084
   8          0.052
   9          0.028
  10          0.071
  11          0.084
  12          0.151
  13          0.180
  14          0.217
  15          0.185
  16          0.099
  17          0.054
  18          0.063
  19          0.142
  20          0.084
  21          0.063
  22          0.288
  23          0.325
  24          0.311
  25          0.194
  26          0.027
  27          0.061
  28          0.091
  29          0.040
  30          0.130
  31          0.062
  32          0.062
  33          0.168
  34          0.071
  35          0.097
  36          0.189
  37          0.187
  38          0.101
  39          0.090
  40          0.086
  41          0.089
  42          0.138
  43          0.122
  44          0.168
  45          0.140
  46          0.154
  47          0.211
  48          0.192
  49          0.157
  50          0.241
  51          0.193
  52          0.193
  53          0.195
  54          0.133
  55          0.137
  56          0.148
  57          0.144
  58          0.159
  59          0.156
  60          0.146
  61          0.174
  62          0.186
  63          0.172
  64          0.155
  65          0.156
  66          0.175
  67          0.215
  68          0.253
  69          0.206
  70          0.195
  71          0.210
  72          0.152
  73          0.177
  74          0.171
  75          0.153
  76          0.222
  77          0.301
  78          0.322
  79          0.242
  80          0.231
  81          0.226
  82          0.177
  83          0.133
  84          0.139
  85          0.149
  86          0.166
  87          0.158
  88          0.169
  89          0.165
  90          0.147
  91          0.125
  92          0.155
  93          0.091
  94          0.120
  95          0.130
  96          0.128
  97          0.120
  98          0.200
  99          0.223
 100          0.206
 101          0.250
 102          0.298
 103          0.276
 104          0.254
 105          0.168
 106          0.142
 107          0.100
 108          0.238
 109          0.346
 110          0.311
 111          0.210
 112          0.171
 113          0.136
 114          0.161
 115          0.168
 116          0.186
 117          0.214
 118          0.231
 119          0.244
 120          0.142
 121          0.117
 122          0.091
 123          0.121
 124          0.107
 125          0.134
 126          0.130
 127          0.140
 128          0.055
 129          0.067
 130          0.051
 131          0.105
 132          0.066
 133          0.043
 134          0.048
 135          0.040
 136          0.042
 137          0.038
 138          0.094
 139          0.107
 140          0.170
 141          0.173
 142          0.171
 143          0.141
 144          0.115
 145          0.090
 146          0.117
 147          0.135
 148          0.102
 149          0.090
 150          0.238
 151          0.353
 152          0.451
 153          0.579
 154          0.347
 155          0.242
 156          0.063
 157          0.042
 158          0.127
 159          0.138
 160          0.100
 161          0.098
 162          0.070
 163          0.064
 164          0.034
 165          0.042
 166          0.020
 167          0.015
 168          0.044
 169          0.064
 170          0.092
 171          0.036
 172          0.020
 173          0.028
 174          0.065
 175          0.080
 176          0.025
 177          0.096
 178          0.050
 179          0.019
 180          0.043
 181          0.053
 182          0.107
 183          0.091
 184          0.072
 185          0.110
 186          0.095
 187          0.123
 188          0.057
 189          0.067
 190          0.048
 191          0.089
 192          0.139
 193          0.120
 194          0.050
 195          0.103
 196          0.074
 197          0.071
 198          0.080
 199          0.077
 200          0.149
 201          0.185
 202          0.187
 203          0.140
 204          0.077
 205          0.093
 206          0.076
 207          0.091
 208          0.087
 209          0.083
 210          0.079
 211          0.136
 212          0.175
 213          0.153
 214          0.144
 215          0.132
 216          0.105
 217          0.092
 218          0.130
 219          0.193
 220          0.325
 221          0.333
 222          0.306
 223          0.227
 224          0.114
 225          0.071
 226          0.062
 227          0.075
 228          0.085
 229          0.093
 230          0.132
 231          0.136
 232          0.088
 233          0.051
 234          0.053
 235          0.090
 236          0.132
 237          0.198
 238          0.190
 239          0.226
 240          0.296
 241          0.283
 242          0.244
 243          0.228
 244          0.153
 245          0.152
 246          0.109
 247          0.148
 248          0.109
 249          0.093
 250          0.092
 251          0.051
 252          0.009
 253          0.048
 254          0.044
 255          0.059
 256          0.025
 257          0.024
 258          0.042
 259          0.081
 260          0.096
 261          0.123
 262          0.186
 263          0.098
 264          0.148
 265          0.069
 266          0.064
 267          0.062
 268          0.074
 269          0.068
 270          0.097
 271          0.170
 272          0.142
 273          0.145
 274          0.124
 275          0.053
 276          0.069
 277          0.064
 278          0.090
 279          0.102
 280          0.099
 281          0.078
 282          0.066
 283          0.101
 284          0.055
 285          0.090
 286          0.069
 287          0.052
 288          0.045
 289          0.093
 290          0.080
 291          0.085
 292          0.120
 293          0.166
 294          0.184
 295          0.239
 296          0.240
 297          0.129
 298          0.140
 299          0.145
 300          0.098
 301          0.090
 302          0.088
 303          0.139
 304          0.141
 305          0.171
 306          0.165
 307          0.174
 308          0.136
 309          0.131
 310          0.126
 311          0.158
 312          0.145
 313          0.132
 314          0.185
 315          0.233
 316          0.164
 317          0.120
 318          0.146
 319          0.105
 320          0.172
 321          0.170
 322          0.171
 323          0.114
 324          0.067
 325          0.184
 326          0.194
 327          0.176
 328          0.132
 329          0.129
 330          0.094
 331          0.073
 332          0.112
 333          0.099
 334          0.116
 335          0.098
 336          0.081
 337          0.078
 338          0.064
 339          0.057
 340          0.050
 341          0.060
 342          0.106
 343          0.147
 344          0.144
 345          0.149
 346          0.164
 347          0.130
 348          0.105
 349          0.115
 350          0.122
 351          0.133
 352          0.126
 353          0.138
 354          0.099
 355          0.109
 356          0.104
 357          0.094
 358          0.142
 359          0.125
 360          0.131
 361          0.142
 362          0.177
 363          0.203
 364          0.206
 365          0.166
 366          0.183
 367          0.157
 368          0.080
 369          0.053
 370          0.068
 371          0.064
 372          0.068
 373          0.071
 374          0.038
 375          0.067
 376          0.063
 377          0.033
 378          0.023
 379          0.044
 380          0.053
 381          0.077
 382          0.095
 383          0.141
 384          0.187
 385          0.293
 386          0.205
 387          0.110
 388          0.133
 389          0.163
 390          0.166
 391          0.157
 392          0.139
 393          0.252
 394          0.211
 395          0.160
 396          0.150
 397          0.154
 398          0.164
 399          0.176
 400          0.183
 401          0.171
 402          0.104
 403          0.101
 404          0.081
 405          0.140
 406          0.094
 407          0.066
 408          0.062
 409          0.030
 410          0.075
 411          0.083
 412          0.077
 413          0.087
 414          0.084
 415          0.065
 416          0.087
 417          0.085
 418          0.117
 419          0.116
 420          0.132
 421          0.103
 422          0.175
 423          0.134
 424          0.144
 425          0.112
 426          0.119
 427          0.102
 428          0.078
 429          0.090
 430          0.102
 431          0.183
 432          0.185
 433          0.168
 434          0.133
 435          0.121
 436          0.117
 437          0.110
 438          0.130
 439          0.105
 440          0.112
 441          0.167
 442          0.271
 443          0.161
 444          0.104
 445          0.103
 446          0.091
 447          0.107
 448          0.091
 449          0.071
 450          0.086
 451          0.127
 452          0.076
 453          0.076
 454          0.080
 455          0.079
 456          0.107
 457          0.115
 458          0.109
 459          0.108
 460          0.239
 461          0.175
 462          0.107
 463          0.085
 464          0.105
 465          0.197
 466          0.277
 467          0.243
 468          0.228
 469          0.256
 470          0.253
 471          0.217
 472          0.167
 473          0.207
 474          0.094
 475          0.081
 476          0.058
 477          0.110
 478          0.089
 479          0.108
 480          0.145
 481          0.139
 482          0.168
 483          0.150
 484          0.145
 485          0.100
 486          0.127
 487          0.062

# Average distance: 0.132 nm
