# Atom index    Distance (nm)
   1          0.810
   2          0.617
   3          0.234
   4          0.172
   5          0.239
   6          0.197
   7          0.135
   8          0.037
   9          0.039
  10          0.041
  11          0.045
  12          0.163
  13          0.269
  14          0.155
  15          0.096
  16          0.093
  17          0.107
  18          0.102
  19          0.124
  20          0.110
  21          0.185
  22          0.190
  23          0.244
  24          0.210
  25          0.154
  26          0.153
  27          0.124
  28          0.124
  29          0.107
  30          0.198
  31          0.120
  32          0.129
  33          0.108
  34          0.121
  35          0.086
  36          0.152
  37          0.169
  38          0.107
  39          0.097
  40          0.071
  41          0.044
  42          0.051
  43          0.146
  44          0.313
  45          0.355
  46          0.292
  47          0.413
  48          0.446
  49          0.443
  50          0.232
  51          0.221
  52          0.198
  53          0.105
  54          0.073
  55          0.040
  56          0.026
  57          0.045
  58          0.016
  59          0.051
  60          0.047
  61          0.088
  62          0.077
  63          0.023
  64          0.032
  65          0.014
  66          0.046
  67          0.065
  68          0.095
  69          0.108
  70          0.077
  71          0.042
  72          0.094
  73          0.064
  74          0.050
  75          0.055
  76          0.061
  77          0.062
  78          0.054
  79          0.092
  80          0.048
  81          0.015
  82          0.033
  83          0.030
  84          0.059
  85          0.052
  86          0.033
  87          0.066
  88          0.072
  89          0.118
  90          0.148
  91          0.164
  92          0.163
  93          0.085
  94          0.092
  95          0.101
  96          0.062
  97          0.027
  98          0.045
  99          0.023
 100          0.051
 101          0.059
 102          0.056
 103          0.023
 104          0.024
 105          0.039
 106          0.062
 107          0.042
 108          0.079
 109          0.140
 110          0.160
 111          0.138
 112          0.114
 113          0.111
 114          0.123
 115          0.061
 116          0.092
 117          0.084
 118          0.096
 119          0.095
 120          0.117
 121          0.150
 122          0.132
 123          0.128
 124          0.087
 125          0.109
 126          0.088
 127          0.119
 128          0.083
 129          0.081
 130          0.024
 131          0.077
 132          0.078
 133          0.044
 134          0.035
 135          0.038
 136          0.023
 137          0.026
 138          0.048
 139          0.060
 140          0.060
 141          0.134
 142          0.135
 143          0.065
 144          0.123
 145          0.071
 146          0.083
 147          0.051
 148          0.030
 149          0.058
 150          0.081
 151          0.133
 152          0.211
 153          0.282
 154          0.146
 155          0.205
 156          0.106
 157          0.051
 158          0.054
 159          0.099
 160          0.114
 161          0.074
 162          0.067
 163          0.116
 164          0.032
 165          0.053
 166          0.047
 167          0.063
 168          0.025
 169          0.021
 170          0.030
 171          0.028
 172          0.031
 173          0.037
 174          0.109
 175          0.097
 176          0.104
 177          0.122
 178          0.121
 179          0.096
 180          0.089
 181          0.087
 182          0.058
 183          0.068
 184          0.031
 185          0.080
 186          0.057
 187          0.062
 188          0.060
 189          0.049
 190          0.051
 191          0.080
 192          0.100
 193          0.070
 194          0.091
 195          0.100
 196          0.080
 197          0.062
 198          0.077
 199          0.164
 200          0.149
 201          0.265
 202          0.185
 203          0.082
 204          0.051
 205          0.097
 206          0.043
 207          0.059
 208          0.069
 209          0.087
 210          0.146
 211          0.240
 212          0.252
 213          0.116
 214          0.082
 215          0.099
 216          0.096
 217          0.078
 218          0.070
 219          0.098
 220          0.122
 221          0.155
 222          0.101
 223          0.223
 224          0.126
 225          0.057
 226          0.087
 227          0.049
 228          0.070
 229          0.115
 230          0.198
 231          0.149
 232          0.094
 233          0.100
 234          0.056
 235          0.067
 236          0.114
 237          0.140
 238          0.295
 239          0.365
 240          0.344
 241          0.329
 242          0.319
 243          0.272
 244          0.211
 245          0.050
 246          0.097
 247          0.109
 248          0.114
 249          0.076
 250          0.045
 251          0.047
 252          0.034
 253          0.064
 254          0.062
 255          0.040
 256          0.025
 257          0.051
 258          0.048
 259          0.071
 260          0.028
 261          0.052
 262          0.075
 263          0.038
 264          0.044
 265          0.049
 266          0.044
 267          0.053
 268          0.040
 269          0.099
 270          0.094
 271          0.222
 272          0.282
 273          0.126
 274          0.080
 275          0.071
 276          0.049
 277          0.030
 278          0.059
 279          0.073
 280          0.053
 281          0.070
 282          0.043
 283          0.089
 284          0.075
 285          0.068
 286          0.051
 287          0.069
 288          0.065
 289          0.060
 290          0.045
 291          0.044
 292          0.044
 293          0.064
 294          0.074
 295          0.121
 296          0.113
 297          0.071
 298          0.058
 299          0.034
 300          0.025
 301          0.023
 302          0.061
 303          0.060
 304          0.054
 305          0.053
 306          0.054
 307          0.041
 308          0.055
 309          0.060
 310          0.045
 311          0.022
 312          0.056
 313          0.092
 314          0.190
 315          0.048
 316          0.051
 317          0.016
 318          0.057
 319          0.060
 320          0.057
 321          0.106
 322          0.140
 323          0.095
 324          0.045
 325          0.027
 326          0.062
 327          0.080
 328          0.063
 329          0.046
 330          0.080
 331          0.063
 332          0.104
 333          0.095
 334          0.080
 335          0.090
 336          0.204
 337          0.034
 338          0.041
 339          0.057
 340          0.107
 341          0.073
 342          0.059
 343          0.021
 344          0.078
 345          0.070
 346          0.143
 347          0.129
 348          0.093
 349          0.086
 350          0.088
 351          0.102
 352          0.049
 353          0.105
 354          0.108
 355          0.087
 356          0.071
 357          0.080
 358          0.066
 359          0.067
 360          0.114
 361          0.135
 362          0.109
 363          0.182
 364          0.096
 365          0.186
 366          0.090
 367          0.140
 368          0.074
 369          0.048
 370          0.037
 371          0.045
 372          0.072
 373          0.033
 374          0.062
 375          0.066
 376          0.034
 377          0.050
 378          0.102
 379          0.088
 380          0.063
 381          0.049
 382          0.038
 383          0.039
 384          0.031
 385          0.053
 386          0.054
 387          0.079
 388          0.054
 389          0.051
 390          0.091
 391          0.094
 392          0.145
 393          0.344
 394          0.198
 395          0.124
 396          0.188
 397          0.171
 398          0.091
 399          0.066
 400          0.042
 401          0.077
 402          0.072
 403          0.074
 404          0.059
 405          0.036
 406          0.074
 407          0.056
 408          0.078
 409          0.077
 410          0.099
 411          0.057
 412          0.090
 413          0.022
 414          0.020
 415          0.077
 416          0.097
 417          0.072
 418          0.075
 419          0.101
 420          0.108
 421          0.195
 422          0.271
 423          0.286
 424          0.177
 425          0.159
 426          0.101
 427          0.099
 428          0.131
 429          0.188
 430          0.413
 431          0.571
 432          0.530
 433          0.448
 434          0.235
 435          0.138
 436          0.139
 437          0.143
 438          0.206
 439          0.150
 440          0.176
 441          0.138
 442          0.111
 443          0.094
 444          0.048
 445          0.070
 446          0.056
 447          0.078
 448          0.041
 449          0.050
 450          0.070
 451          0.026
 452          0.006
 453          0.013
 454          0.026
 455          0.024
 456          0.031
 457          0.088
 458          0.068
 459          0.131
 460          0.176
 461          0.147
 462          0.101
 463          0.090
 464          0.080
 465          0.081
 466          0.051
 467          0.061
 468          0.064
 469          0.059
 470          0.131
 471          0.127
 472          0.090
 473          0.088
 474          0.082
 475          0.194
 476          0.051
 477          0.103
 478          0.082
 479          0.047
 480          0.077
 481          0.085
 482          0.089
 483          0.070
 484          0.055
 485          0.027
 486          0.034
 487          0.038

# Average distance: 0.101 nm
