# Atom index    Distance (nm)
   1          1.106
   2          0.586
   3          0.266
   4          0.086
   5          0.072
   6          0.067
   7          0.083
   8          0.065
   9          0.072
  10          0.054
  11          0.043
  12          0.096
  13          0.123
  14          0.124
  15          0.085
  16          0.087
  17          0.009
  18          0.029
  19          0.052
  20          0.072
  21          0.136
  22          0.294
  23          0.349
  24          0.229
  25          0.174
  26          0.090
  27          0.055
  28          0.039
  29          0.045
  30          0.047
  31          0.070
  32          0.110
  33          0.119
  34          0.165
  35          0.158
  36          0.090
  37          0.105
  38          0.065
  39          0.080
  40          0.077
  41          0.057
  42          0.057
  43          0.069
  44          0.095
  45          0.276
  46          0.396
  47          0.300
  48          0.488
  49          0.539
  50          0.357
  51          0.100
  52          0.364
  53          0.222
  54          0.215
  55          0.190
  56          0.107
  57          0.133
  58          0.119
  59          0.122
  60          0.150
  61          0.169
  62          0.175
  63          0.145
  64          0.152
  65          0.201
  66          0.209
  67          0.168
  68          0.171
  69          0.234
  70          0.199
  71          0.189
  72          0.212
  73          0.204
  74          0.168
  75          0.251
  76          0.256
  77          0.297
  78          0.315
  79          0.238
  80          0.256
  81          0.264
  82          0.219
  83          0.186
  84          0.173
  85          0.169
  86          0.203
  87          0.165
  88          0.164
  89          0.122
  90          0.127
  91          0.091
  92          0.093
  93          0.240
  94          0.118
  95          0.122
  96          0.156
  97          0.163
  98          0.184
  99          0.182
 100          0.266
 101          0.287
 102          0.247
 103          0.263
 104          0.178
 105          0.132
 106          0.084
 107          0.105
 108          0.176
 109          0.153
 110          0.083
 111          0.041
 112          0.102
 113          0.091
 114          0.132
 115          0.170
 116          0.174
 117          0.186
 118          0.167
 119          0.179
 120          0.180
 121          0.155
 122          0.130
 123          0.142
 124          0.140
 125          0.172
 126          0.083
 127          0.046
 128          0.030
 129          0.048
 130          0.085
 131          0.075
 132          0.066
 133          0.073
 134          0.064
 135          0.094
 136          0.120
 137          0.127
 138          0.096
 139          0.094
 140          0.074
 141          0.102
 142          0.184
 143          0.150
 144          0.109
 145          0.106
 146          0.071
 147          0.091
 148          0.081
 149          0.085
 150          0.059
 151          0.013
 152          0.069
 153          0.121
 154          0.073
 155          0.050
 156          0.038
 157          0.098
 158          0.098
 159          0.080
 160          0.091
 161          0.117
 162          0.137
 163          0.148
 164          0.095
 165          0.095
 166          0.090
 167          0.108
 168          0.090
 169          0.088
 170          0.090
 171          0.088
 172          0.103
 173          0.078
 174          0.077
 175          0.080
 176          0.082
 177          0.069
 178          0.024
 179          0.038
 180          0.100
 181          0.102
 182          0.073
 183          0.070
 184          0.057
 185          0.081
 186          0.097
 187          0.114
 188          0.061
 189          0.087
 190          0.100
 191          0.144
 192          0.179
 193          0.115
 194          0.088
 195          0.138
 196          0.097
 197          0.074
 198          0.130
 199          0.035
 200          0.042
 201          0.113
 202          0.088
 203          0.152
 204          0.105
 205          0.093
 206          0.076
 207          0.077
 208          0.091
 209          0.060
 210          0.062
 211          0.133
 212          0.135
 213          0.132
 214          0.104
 215          0.075
 216          0.088
 217          0.080
 218          0.148
 219          0.191
 220          0.314
 221          0.236
 222          0.240
 223          0.162
 224          0.136
 225          0.118
 226          0.136
 227          0.164
 228          0.151
 229          0.116
 230          0.108
 231          0.135
 232          0.173
 233          0.180
 234          0.142
 235          0.125
 236          0.146
 237          0.401
 238          0.313
 239          0.194
 240          0.125
 241          0.167
 242          0.166
 243          0.198
 244          0.173
 245          0.166
 246          0.157
 247          0.150
 248          0.125
 249          0.122
 250          0.127
 251          0.118
 252          0.125
 253          0.102
 254          0.060
 255          0.087
 256          0.055
 257          0.061
 258          0.067
 259          0.036
 260          0.064
 261          0.078
 262          0.060
 263          0.071
 264          0.046
 265          0.095
 266          0.076
 267          0.085
 268          0.110
 269          0.112
 270          0.138
 271          0.161
 272          0.095
 273          0.139
 274          0.087
 275          0.141
 276          0.191
 277          0.114
 278          0.216
 279          0.178
 280          0.222
 281          0.186
 282          0.131
 283          0.168
 284          0.136
 285          0.023
 286          0.057
 287          0.074
 288          0.053
 289          0.051
 290          0.049
 291          0.069
 292          0.095
 293          0.095
 294          0.182
 295          0.162
 296          0.138
 297          0.153
 298          0.115
 299          0.055
 300          0.027
 301          0.029
 302          0.029
 303          0.101
 304          0.094
 305          0.123
 306          0.059
 307          0.035
 308          0.037
 309          0.048
 310          0.104
 311          0.140
 312          0.172
 313          0.257
 314          0.287
 315          0.182
 316          0.146
 317          0.141
 318          0.106
 319          0.103
 320          0.111
 321          0.111
 322          0.156
 323          0.167
 324          0.161
 325          0.166
 326          0.167
 327          0.164
 328          0.079
 329          0.053
 330          0.087
 331          0.085
 332          0.081
 333          0.070
 334          0.046
 335          0.041
 336          0.026
 337          0.030
 338          0.030
 339          0.032
 340          0.064
 341          0.107
 342          0.120
 343          0.164
 344          0.143
 345          0.134
 346          0.155
 347          0.154
 348          0.106
 349          0.112
 350          0.122
 351          0.115
 352          0.247
 353          0.299
 354          0.292
 355          0.167
 356          0.145
 357          0.145
 358          0.163
 359          0.154
 360          0.157
 361          0.164
 362          0.168
 363          0.130
 364          0.135
 365          0.173
 366          0.198
 367          0.185
 368          0.130
 369          0.091
 370          0.053
 371          0.046
 372          0.040
 373          0.067
 374          0.060
 375          0.068
 376          0.080
 377          0.093
 378          0.115
 379          0.050
 380          0.075
 381          0.079
 382          0.081
 383          0.088
 384          0.075
 385          0.064
 386          0.073
 387          0.107
 388          0.102
 389          0.108
 390          0.128
 391          0.154
 392          0.248
 393          0.341
 394          0.247
 395          0.355
 396          0.244
 397          0.217
 398          0.184
 399          0.167
 400          0.151
 401          0.069
 402          0.057
 403          0.056
 404          0.043
 405          0.074
 406          0.150
 407          0.077
 408          0.117
 409          0.042
 410          0.039
 411          0.060
 412          0.040
 413          0.055
 414          0.089
 415          0.082
 416          0.097
 417          0.062
 418          0.061
 419          0.054
 420          0.062
 421          0.083
 422          0.078
 423          0.078
 424          0.095
 425          0.115
 426          0.094
 427          0.105
 428          0.095
 429          0.176
 430          0.129
 431          0.197
 432          0.137
 433          0.125
 434          0.145
 435          0.126
 436          0.117
 437          0.108
 438          0.103
 439          0.090
 440          0.060
 441          0.088
 442          0.125
 443          0.127
 444          0.066
 445          0.062
 446          0.080
 447          0.065
 448          0.032
 449          0.037
 450          0.043
 451          0.074
 452          0.080
 453          0.084
 454          0.017
 455          0.020
 456          0.061
 457          0.060
 458          0.038
 459          0.089
 460          0.072
 461          0.107
 462          0.012
 463          0.032
 464          0.045
 465          0.103
 466          0.046
 467          0.048
 468          0.129
 469          0.154
 470          0.143
 471          0.144
 472          0.142
 473          0.153
 474          0.136
 475          0.014
 476          0.047
 477          0.021
 478          0.020
 479          0.025
 480          0.066
 481          0.090
 482          0.090
 483          0.047
 484          0.034
 485          0.040
 486          0.075
 487          0.098

# Average distance: 0.124 nm
