# Atom index    Distance (nm)
   1          0.152
   2          0.184
   3          0.195
   4          0.230
   5          0.105
   6          0.063
   7          0.060
   8          0.039
   9          0.018
  10          0.018
  11          0.021
  12          0.078
  13          0.110
  14          0.084
  15          0.065
  16          0.071
  17          0.048
  18          0.020
  19          0.030
  20          0.053
  21          0.029
  22          0.150
  23          0.254
  24          0.068
  25          0.066
  26          0.067
  27          0.048
  28          0.043
  29          0.046
  30          0.112
  31          0.073
  32          0.058
  33          0.075
  34          0.062
  35          0.081
  36          0.088
  37          0.062
  38          0.037
  39          0.053
  40          0.036
  41          0.014
  42          0.055
  43          0.160
  44          0.197
  45          0.155
  46          0.117
  47          0.160
  48          0.178
  49          0.164
  50          0.187
  51          0.167
  52          0.109
  53          0.023
  54          0.021
  55          0.030
  56          0.029
  57          0.018
  58          0.017
  59          0.077
  60          0.079
  61          0.058
  62          0.020
  63          0.082
  64          0.068
  65          0.018
  66          0.058
  67          0.077
  68          0.084
  69          0.120
  70          0.093
  71          0.093
  72          0.102
  73          0.044
  74          0.043
  75          0.047
  76          0.029
  77          0.033
  78          0.075
  79          0.075
  80          0.076
  81          0.056
  82          0.062
  83          0.043
  84          0.024
  85          0.013
  86          0.029
  87          0.024
  88          0.059
  89          0.043
  90          0.044
  91          0.074
  92          0.090
  93          0.089
  94          0.066
  95          0.069
  96          0.048
  97          0.057
  98          0.062
  99          0.066
 100          0.039
 101          0.053
 102          0.080
 103          0.074
 104          0.074
 105          0.018
 106          0.018
 107          0.052
 108          0.067
 109          0.078
 110          0.106
 111          0.098
 112          0.029
 113          0.036
 114          0.053
 115          0.049
 116          0.039
 117          0.053
 118          0.061
 119          0.136
 120          0.135
 121          0.067
 122          0.095
 123          0.110
 124          0.055
 125          0.064
 126          0.076
 127          0.072
 128          0.061
 129          0.050
 130          0.063
 131          0.081
 132          0.050
 133          0.038
 134          0.034
 135          0.050
 136          0.048
 137          0.053
 138          0.076
 139          0.059
 140          0.067
 141          0.080
 142          0.051
 143          0.040
 144          0.039
 145          0.045
 146          0.040
 147          0.071
 148          0.065
 149          0.047
 150          0.057
 151          0.080
 152          0.220
 153          0.262
 154          0.166
 155          0.052
 156          0.046
 157          0.049
 158          0.048
 159          0.081
 160          0.090
 161          0.057
 162          0.068
 163          0.081
 164          0.063
 165          0.050
 166          0.041
 167          0.048
 168          0.074
 169          0.075
 170          0.055
 171          0.080
 172          0.024
 173          0.045
 174          0.094
 175          0.095
 176          0.061
 177          0.100
 178          0.036
 179          0.068
 180          0.076
 181          0.069
 182          0.054
 183          0.017
 184          0.017
 185          0.048
 186          0.077
 187          0.068
 188          0.063
 189          0.051
 190          0.038
 191          0.032
 192          0.052
 193          0.054
 194          0.020
 195          0.017
 196          0.017
 197          0.047
 198          0.069
 199          0.084
 200          0.103
 201          0.219
 202          0.168
 203          0.053
 204          0.041
 205          0.101
 206          0.068
 207          0.134
 208          0.149
 209          0.071
 210          0.035
 211          0.098
 212          0.104
 213          0.090
 214          0.049
 215          0.045
 216          0.039
 217          0.049
 218          0.045
 219          0.100
 220          0.161
 221          0.164
 222          0.085
 223          0.052
 224          0.048
 225          0.035
 226          0.035
 227          0.044
 228          0.101
 229          0.163
 230          0.186
 231          0.159
 232          0.105
 233          0.029
 234          0.032
 235          0.044
 236          0.085
 237          0.198
 238          0.116
 239          0.209
 240          0.147
 241          0.131
 242          0.109
 243          0.094
 244          0.071
 245          0.059
 246          0.043
 247          0.070
 248          0.062
 249          0.091
 250          0.092
 251          0.037
 252          0.029
 253          0.048
 254          0.041
 255          0.040
 256          0.031
 257          0.013
 258          0.025
 259          0.066
 260          0.061
 261          0.153
 262          0.270
 263          0.422
 264          0.305
 265          0.140
 266          0.098
 267          0.087
 268          0.079
 269          0.081
 270          0.151
 271          0.272
 272          0.093
 273          0.062
 274          0.054
 275          0.024
 276          0.060
 277          0.049
 278          0.120
 279          0.055
 280          0.166
 281          0.172
 282          0.103
 283          0.086
 284          0.068
 285          0.101
 286          0.041
 287          0.035
 288          0.011
 289          0.014
 290          0.033
 291          0.093
 292          0.091
 293          0.043
 294          0.063
 295          0.140
 296          0.081
 297          0.020
 298          0.096
 299          0.098
 300          0.063
 301          0.048
 302          0.045
 303          0.033
 304          0.080
 305          0.095
 306          0.092
 307          0.076
 308          0.053
 309          0.037
 310          0.021
 311          0.049
 312          0.055
 313          0.135
 314          0.129
 315          0.061
 316          0.071
 317          0.049
 318          0.069
 319          0.069
 320          0.039
 321          0.047
 322          0.099
 323          0.126
 324          0.128
 325          0.151
 326          0.132
 327          0.083
 328          0.072
 329          0.051
 330          0.081
 331          0.101
 332          0.076
 333          0.033
 334          0.039
 335          0.039
 336          0.086
 337          0.053
 338          0.027
 339          0.009
 340          0.054
 341          0.073
 342          0.085
 343          0.049
 344          0.069
 345          0.084
 346          0.136
 347          0.136
 348          0.125
 349          0.081
 350          0.067
 351          0.093
 352          0.042
 353          0.070
 354          0.085
 355          0.084
 356          0.060
 357          0.059
 358          0.063
 359          0.078
 360          0.146
 361          0.195
 362          0.202
 363          0.246
 364          0.181
 365          0.168
 366          0.157
 367          0.178
 368          0.112
 369          0.062
 370          0.041
 371          0.038
 372          0.023
 373          0.030
 374          0.029
 375          0.028
 376          0.027
 377          0.051
 378          0.067
 379          0.025
 380          0.031
 381          0.028
 382          0.022
 383          0.029
 384          0.081
 385          0.098
 386          0.082
 387          0.107
 388          0.088
 389          0.077
 390          0.123
 391          0.095
 392          0.040
 393          0.059
 394          0.040
 395          0.087
 396          0.113
 397          0.071
 398          0.071
 399          0.048
 400          0.049
 401          0.029
 402          0.044
 403          0.028
 404          0.028
 405          0.045
 406          0.041
 407          0.028
 408          0.029
 409          0.041
 410          0.022
 411          0.041
 412          0.045
 413          0.043
 414          0.028
 415          0.062
 416          0.072
 417          0.050
 418          0.041
 419          0.051
 420          0.053
 421          0.034
 422          0.144
 423          0.186
 424          0.137
 425          0.034
 426          0.072
 427          0.058
 428          0.064
 429          0.039
 430          0.130
 431          0.144
 432          0.065
 433          0.061
 434          0.050
 435          0.036
 436          0.042
 437          0.033
 438          0.028
 439          0.022
 440          0.037
 441          0.078
 442          0.046
 443          0.072
 444          0.078
 445          0.051
 446          0.104
 447          0.050
 448          0.079
 449          0.080
 450          0.102
 451          0.063
 452          0.073
 453          0.073
 454          0.053
 455          0.049
 456          0.054
 457          0.046
 458          0.057
 459          0.098
 460          0.176
 461          0.149
 462          0.092
 463          0.058
 464          0.029
 465          0.051
 466          0.054
 467          0.111
 468          0.075
 469          0.118
 470          0.074
 471          0.072
 472          0.041
 473          0.038
 474          0.035
 475          0.034
 476          0.064
 477          0.124
 478          0.059
 479          0.018
 480          0.032
 481          0.060
 482          0.098
 483          0.062
 484          0.021
 485          0.048
 486          0.027
 487          0.028

# Average distance: 0.075 nm
