# Atom index    Distance (nm)
   1          0.693
   2          0.635
   3          0.123
   4          0.145
   5          0.121
   6          0.095
   7          0.065
   8          0.082
   9          0.137
  10          0.017
  11          0.078
  12          0.128
  13          0.214
  14          0.218
  15          0.274
  16          0.162
  17          0.099
  18          0.061
  19          0.100
  20          0.110
  21          0.213
  22          0.199
  23          0.174
  24          0.134
  25          0.160
  26          0.109
  27          0.079
  28          0.114
  29          0.169
  30          0.125
  31          0.194
  32          0.130
  33          0.086
  34          0.078
  35          0.109
  36          0.117
  37          0.092
  38          0.101
  39          0.078
  40          0.126
  41          0.089
  42          0.060
  43          0.133
  44          0.265
  45          0.259
  46          0.184
  47          0.399
  48          0.310
  49          0.229
  50          0.359
  51          0.203
  52          0.261
  53          0.197
  54          0.232
  55          0.182
  56          0.067
  57          0.110
  58          0.128
  59          0.192
  60          0.223
  61          0.216
  62          0.185
  63          0.134
  64          0.085
  65          0.083
  66          0.082
  67          0.117
  68          0.198
  69          0.130
  70          0.132
  71          0.106
  72          0.017
  73          0.044
  74          0.101
  75          0.174
  76          0.211
  77          0.286
  78          0.273
  79          0.239
  80          0.275
  81          0.304
  82          0.215
  83          0.144
  84          0.165
  85          0.143
  86          0.212
  87          0.214
  88          0.221
  89          0.203
  90          0.208
  91          0.251
  92          0.213
  93          0.175
  94          0.137
  95          0.139
  96          0.160
  97          0.127
  98          0.200
  99          0.197
 100          0.284
 101          0.254
 102          0.207
 103          0.217
 104          0.190
 105          0.163
 106          0.098
 107          0.112
 108          0.145
 109          0.199
 110          0.184
 111          0.188
 112          0.131
 113          0.070
 114          0.058
 115          0.072
 116          0.144
 117          0.195
 118          0.266
 119          0.317
 120          0.278
 121          0.291
 122          0.268
 123          0.192
 124          0.123
 125          0.136
 126          0.088
 127          0.068
 128          0.062
 129          0.088
 130          0.112
 131          0.057
 132          0.095
 133          0.053
 134          0.016
 135          0.037
 136          0.038
 137          0.054
 138          0.036
 139          0.056
 140          0.089
 141          0.094
 142          0.141
 143          0.131
 144          0.132
 145          0.089
 146          0.092
 147          0.053
 148          0.053
 149          0.011
 150          0.062
 151          0.060
 152          0.197
 153          0.240
 154          0.148
 155          0.103
 156          0.039
 157          0.087
 158          0.095
 159          0.054
 160          0.083
 161          0.099
 162          0.112
 163          0.213
 164          0.092
 165          0.099
 166          0.052
 167          0.031
 168          0.028
 169          0.046
 170          0.036
 171          0.037
 172          0.042
 173          0.042
 174          0.063
 175          0.076
 176          0.095
 177          0.091
 178          0.132
 179          0.071
 180          0.070
 181          0.073
 182          0.068
 183          0.075
 184          0.028
 185          0.123
 186          0.105
 187          0.098
 188          0.067
 189          0.061
 190          0.049
 191          0.037
 192          0.037
 193          0.062
 194          0.086
 195          0.115
 196          0.053
 197          0.070
 198          0.141
 199          0.212
 200          0.210
 201          0.345
 202          0.347
 203          0.120
 204          0.152
 205          0.084
 206          0.113
 207          0.065
 208          0.100
 209          0.148
 210          0.146
 211          0.159
 212          0.144
 213          0.134
 214          0.149
 215          0.148
 216          0.140
 217          0.113
 218          0.080
 219          0.081
 220          0.151
 221          0.119
 222          0.139
 223          0.118
 224          0.073
 225          0.051
 226          0.017
 227          0.052
 228          0.072
 229          0.070
 230          0.095
 231          0.106
 232          0.058
 233          0.046
 234          0.055
 235          0.053
 236          0.105
 237          0.167
 238          0.440
 239          0.374
 240          0.403
 241          0.371
 242          0.209
 243          0.166
 244          0.180
 245          0.125
 246          0.111
 247          0.164
 248          0.143
 249          0.101
 250          0.066
 251          0.065
 252          0.042
 253          0.051
 254          0.050
 255          0.030
 256          0.020
 257          0.018
 258          0.036
 259          0.014
 260          0.043
 261          0.037
 262          0.078
 263          0.071
 264          0.077
 265          0.027
 266          0.025
 267          0.026
 268          0.045
 269          0.061
 270          0.046
 271          0.121
 272          0.152
 273          0.148
 274          0.058
 275          0.017
 276          0.039
 277          0.061
 278          0.052
 279          0.056
 280          0.052
 281          0.032
 282          0.040
 283          0.035
 284          0.057
 285          0.056
 286          0.061
 287          0.064
 288          0.034
 289          0.033
 290          0.040
 291          0.066
 292          0.091
 293          0.161
 294          0.266
 295          0.227
 296          0.155
 297          0.139
 298          0.053
 299          0.038
 300          0.038
 301          0.028
 302          0.037
 303          0.036
 304          0.051
 305          0.027
 306          0.048
 307          0.066
 308          0.099
 309          0.106
 310          0.090
 311          0.072
 312          0.038
 313          0.092
 314          0.127
 315          0.069
 316          0.073
 317          0.075
 318          0.075
 319          0.090
 320          0.144
 321          0.165
 322          0.155
 323          0.133
 324          0.119
 325          0.109
 326          0.059
 327          0.051
 328          0.038
 329          0.066
 330          0.053
 331          0.044
 332          0.042
 333          0.060
 334          0.070
 335          0.056
 336          0.058
 337          0.044
 338          0.050
 339          0.030
 340          0.027
 341          0.039
 342          0.063
 343          0.021
 344          0.034
 345          0.077
 346          0.058
 347          0.043
 348          0.045
 349          0.044
 350          0.038
 351          0.014
 352          0.024
 353          0.023
 354          0.029
 355          0.058
 356          0.048
 357          0.045
 358          0.044
 359          0.042
 360          0.061
 361          0.159
 362          0.166
 363          0.151
 364          0.135
 365          0.187
 366          0.153
 367          0.088
 368          0.079
 369          0.040
 370          0.028
 371          0.058
 372          0.072
 373          0.055
 374          0.029
 375          0.025
 376          0.035
 377          0.026
 378          0.033
 379          0.012
 380          0.023
 381          0.038
 382          0.047
 383          0.052
 384          0.046
 385          0.062
 386          0.054
 387          0.057
 388          0.051
 389          0.036
 390          0.077
 391          0.088
 392          0.123
 393          0.145
 394          0.081
 395          0.075
 396          0.035
 397          0.045
 398          0.047
 399          0.058
 400          0.136
 401          0.095
 402          0.081
 403          0.080
 404          0.026
 405          0.047
 406          0.074
 407          0.084
 408          0.062
 409          0.059
 410          0.080
 411          0.045
 412          0.068
 413          0.108
 414          0.151
 415          0.128
 416          0.113
 417          0.047
 418          0.063
 419          0.061
 420          0.128
 421          0.125
 422          0.116
 423          0.263
 424          0.538
 425          0.144
 426          0.109
 427          0.059
 428          0.045
 429          0.053
 430          0.088
 431          0.095
 432          0.064
 433          0.040
 434          0.060
 435          0.051
 436          0.041
 437          0.037
 438          0.085
 439          0.103
 440          0.092
 441          0.091
 442          0.089
 443          0.076
 444          0.104
 445          0.059
 446          0.047
 447          0.054
 448          0.028
 449          0.017
 450          0.026
 451          0.032
 452          0.066
 453          0.026
 454          0.030
 455          0.024
 456          0.016
 457          0.020
 458          0.031
 459          0.026
 460          0.081
 461          0.086
 462          0.095
 463          0.048
 464          0.071
 465          0.098
 466          0.106
 467          0.100
 468          0.100
 469          0.117
 470          0.076
 471          0.082
 472          0.060
 473          0.072
 474          0.071
 475          0.039
 476          0.119
 477          0.159
 478          0.109
 479          0.080
 480          0.050
 481          0.059
 482          0.071
 483          0.077
 484          0.050
 485          0.023
 486          0.022
 487          0.026

# Average distance: 0.106 nm
