# Atom index    Distance (nm)
   1          1.594
   2          1.348
   3          0.656
   4          0.260
   5          0.164
   6          0.092
   7          0.088
   8          0.080
   9          0.057
  10          0.084
  11          0.088
  12          0.070
  13          0.057
  14          0.080
  15          0.074
  16          0.061
  17          0.059
  18          0.078
  19          0.139
  20          0.141
  21          0.149
  22          0.152
  23          0.203
  24          0.126
  25          0.099
  26          0.152
  27          0.170
  28          0.093
  29          0.110
  30          0.162
  31          0.079
  32          0.119
  33          0.100
  34          0.054
  35          0.092
  36          0.121
  37          0.142
  38          0.126
  39          0.097
  40          0.077
  41          0.095
  42          0.110
  43          0.046
  44          0.209
  45          0.143
  46          0.391
  47          0.291
  48          0.288
  49          0.184
  50          0.144
  51          0.112
  52          0.128
  53          0.150
  54          0.088
  55          0.043
  56          0.117
  57          0.094
  58          0.037
  59          0.120
  60          0.196
  61          0.148
  62          0.054
  63          0.050
  64          0.068
  65          0.104
  66          0.114
  67          0.206
  68          0.246
  69          0.148
  70          0.113
  71          0.116
  72          0.156
  73          0.123
  74          0.113
  75          0.088
  76          0.025
  77          0.085
  78          0.072
  79          0.047
  80          0.070
  81          0.115
  82          0.095
  83          0.065
  84          0.052
  85          0.034
  86          0.071
  87          0.067
  88          0.066
  89          0.122
  90          0.147
  91          0.100
  92          0.140
  93          0.125
  94          0.037
  95          0.026
  96          0.042
  97          0.058
  98          0.040
  99          0.030
 100          0.077
 101          0.069
 102          0.044
 103          0.046
 104          0.077
 105          0.073
 106          0.061
 107          0.053
 108          0.054
 109          0.105
 110          0.191
 111          0.284
 112          0.167
 113          0.130
 114          0.123
 115          0.115
 116          0.166
 117          0.116
 118          0.109
 119          0.083
 120          0.041
 121          0.072
 122          0.056
 123          0.013
 124          0.019
 125          0.018
 126          0.026
 127          0.030
 128          0.038
 129          0.062
 130          0.073
 131          0.051
 132          0.059
 133          0.045
 134          0.038
 135          0.031
 136          0.051
 137          0.024
 138          0.047
 139          0.015
 140          0.034
 141          0.039
 142          0.055
 143          0.073
 144          0.052
 145          0.045
 146          0.034
 147          0.024
 148          0.018
 149          0.029
 150          0.056
 151          0.106
 152          0.191
 153          0.194
 154          0.149
 155          0.066
 156          0.060
 157          0.053
 158          0.050
 159          0.048
 160          0.077
 161          0.086
 162          0.086
 163          0.112
 164          0.032
 165          0.033
 166          0.026
 167          0.043
 168          0.024
 169          0.057
 170          0.056
 171          0.041
 172          0.025
 173          0.051
 174          0.052
 175          0.040
 176          0.012
 177          0.106
 178          0.078
 179          0.061
 180          0.049
 181          0.106
 182          0.071
 183          0.061
 184          0.029
 185          0.053
 186          0.090
 187          0.105
 188          0.026
 189          0.040
 190          0.060
 191          0.075
 192          0.065
 193          0.071
 194          0.055
 195          0.062
 196          0.067
 197          0.073
 198          0.092
 199          0.151
 200          0.079
 201          0.152
 202          0.116
 203          0.084
 204          0.106
 205          0.117
 206          0.054
 207          0.055
 208          0.080
 209          0.098
 210          0.096
 211          0.088
 212          0.062
 213          0.079
 214          0.072
 215          0.082
 216          0.077
 217          0.087
 218          0.030
 219          0.045
 220          0.127
 221          0.141
 222          0.144
 223          0.047
 224          0.066
 225          0.121
 226          0.080
 227          0.059
 228          0.150
 229          0.217
 230          0.185
 231          0.090
 232          0.133
 233          0.124
 234          0.075
 235          0.115
 236          0.178
 237          0.291
 238          0.555
 239          0.394
 240          0.577
 241          0.412
 242          0.127
 243          0.049
 244          0.013
 245          0.042
 246          0.056
 247          0.046
 248          0.071
 249          0.077
 250          0.053
 251          0.034
 252          0.060
 253          0.045
 254          0.028
 255          0.033
 256          0.029
 257          0.005
 258          0.020
 259          0.050
 260          0.044
 261          0.059
 262          0.051
 263          0.083
 264          0.084
 265          0.067
 266          0.062
 267          0.073
 268          0.101
 269          0.101
 270          0.133
 271          0.180
 272          0.131
 273          0.124
 274          0.079
 275          0.061
 276          0.050
 277          0.102
 278          0.106
 279          0.072
 280          0.088
 281          0.093
 282          0.100
 283          0.078
 284          0.089
 285          0.068
 286          0.070
 287          0.044
 288          0.046
 289          0.060
 290          0.056
 291          0.057
 292          0.113
 293          0.130
 294          0.139
 295          0.178
 296          0.133
 297          0.148
 298          0.130
 299          0.131
 300          0.132
 301          0.076
 302          0.062
 303          0.106
 304          0.169
 305          0.140
 306          0.103
 307          0.030
 308          0.076
 309          0.053
 310          0.059
 311          0.080
 312          0.094
 313          0.196
 314          0.220
 315          0.155
 316          0.158
 317          0.127
 318          0.080
 319          0.089
 320          0.084
 321          0.078
 322          0.112
 323          0.083
 324          0.077
 325          0.176
 326          0.147
 327          0.119
 328          0.076
 329          0.132
 330          0.100
 331          0.084
 332          0.133
 333          0.143
 334          0.093
 335          0.125
 336          0.105
 337          0.133
 338          0.085
 339          0.063
 340          0.071
 341          0.076
 342          0.049
 343          0.048
 344          0.052
 345          0.043
 346          0.081
 347          0.053
 348          0.034
 349          0.052
 350          0.050
 351          0.089
 352          0.107
 353          0.087
 354          0.057
 355          0.041
 356          0.059
 357          0.072
 358          0.066
 359          0.058
 360          0.031
 361          0.028
 362          0.079
 363          0.062
 364          0.064
 365          0.104
 366          0.136
 367          0.163
 368          0.095
 369          0.085
 370          0.046
 371          0.018
 372          0.049
 373          0.059
 374          0.078
 375          0.043
 376          0.033
 377          0.015
 378          0.032
 379          0.042
 380          0.020
 381          0.027
 382          0.058
 383          0.029
 384          0.026
 385          0.070
 386          0.037
 387          0.047
 388          0.047
 389          0.053
 390          0.079
 391          0.118
 392          0.159
 393          0.149
 394          0.139
 395          0.097
 396          0.092
 397          0.049
 398          0.032
 399          0.045
 400          0.038
 401          0.047
 402          0.057
 403          0.047
 404          0.075
 405          0.063
 406          0.049
 407          0.036
 408          0.028
 409          0.126
 410          0.064
 411          0.053
 412          0.063
 413          0.056
 414          0.028
 415          0.054
 416          0.054
 417          0.071
 418          0.069
 419          0.052
 420          0.036
 421          0.114
 422          0.164
 423          0.169
 424          0.325
 425          0.038
 426          0.027
 427          0.041
 428          0.042
 429          0.087
 430          0.061
 431          0.086
 432          0.084
 433          0.025
 434          0.030
 435          0.052
 436          0.102
 437          0.059
 438          0.128
 439          0.129
 440          0.116
 441          0.179
 442          0.105
 443          0.073
 444          0.048
 445          0.045
 446          0.055
 447          0.012
 448          0.030
 449          0.010
 450          0.008
 451          0.037
 452          0.079
 453          0.052
 454          0.038
 455          0.047
 456          0.048
 457          0.065
 458          0.065
 459          0.053
 460          0.286
 461          0.065
 462          0.063
 463          0.081
 464          0.079
 465          0.090
 466          0.053
 467          0.029
 468          0.095
 469          0.126
 470          0.127
 471          0.169
 472          0.118
 473          0.101
 474          0.065
 475          0.105
 476          0.108
 477          0.101
 478          0.164
 479          0.106
 480          0.095
 481          0.088
 482          0.101
 483          0.085
 484          0.038
 485          0.018
 486          0.011
 487          0.025

# Average distance: 0.095 nm
