# Atom index    Distance (nm)
   1          0.401
   2          0.424
   3          0.448
   4          0.490
   5          0.407
   6          0.307
   7          0.158
   8          0.129
   9          0.131
  10          0.080
  11          0.065
  12          0.043
  13          0.092
  14          0.066
  15          0.073
  16          0.072
  17          0.053
  18          0.092
  19          0.100
  20          0.097
  21          0.145
  22          0.120
  23          0.088
  24          0.066
  25          0.111
  26          0.122
  27          0.131
  28          0.121
  29          0.067
  30          0.114
  31          0.063
  32          0.091
  33          0.077
  34          0.133
  35          0.126
  36          0.071
  37          0.088
  38          0.078
  39          0.084
  40          0.102
  41          0.100
  42          0.141
  43          0.233
  44          0.288
  45          0.243
  46          0.344
  47          0.248
  48          0.188
  49          0.225
  50          0.232
  51          0.224
  52          0.184
  53          0.186
  54          0.155
  55          0.161
  56          0.110
  57          0.063
  58          0.113
  59          0.122
  60          0.083
  61          0.115
  62          0.083
  63          0.107
  64          0.128
  65          0.141
  66          0.106
  67          0.201
  68          0.279
  69          0.284
  70          0.185
  71          0.141
  72          0.127
  73          0.148
  74          0.092
  75          0.097
  76          0.101
  77          0.087
  78          0.108
  79          0.096
  80          0.086
  81          0.137
  82          0.147
  83          0.172
  84          0.165
  85          0.109
  86          0.102
  87          0.077
  88          0.088
  89          0.082
  90          0.050
  91          0.111
  92          0.128
  93          0.159
  94          0.085
  95          0.051
  96          0.062
  97          0.067
  98          0.065
  99          0.142
 100          0.198
 101          0.229
 102          0.161
 103          0.132
 104          0.092
 105          0.039
 106          0.063
 107          0.046
 108          0.113
 109          0.226
 110          0.246
 111          0.241
 112          0.211
 113          0.054
 114          0.072
 115          0.087
 116          0.118
 117          0.109
 118          0.039
 119          0.075
 120          0.042
 121          0.044
 122          0.104
 123          0.078
 124          0.035
 125          0.052
 126          0.076
 127          0.063
 128          0.058
 129          0.072
 130          0.108
 131          0.030
 132          0.119
 133          0.072
 134          0.073
 135          0.053
 136          0.062
 137          0.075
 138          0.083
 139          0.136
 140          0.155
 141          0.207
 142          0.185
 143          0.174
 144          0.142
 145          0.130
 146          0.122
 147          0.086
 148          0.090
 149          0.098
 150          0.212
 151          0.288
 152          0.259
 153          0.297
 154          0.156
 155          0.111
 156          0.111
 157          0.091
 158          0.107
 159          0.131
 160          0.192
 161          0.168
 162          0.170
 163          0.201
 164          0.088
 165          0.101
 166          0.090
 167          0.073
 168          0.047
 169          0.040
 170          0.044
 171          0.033
 172          0.043
 173          0.042
 174          0.049
 175          0.078
 176          0.132
 177          0.097
 178          0.095
 179          0.090
 180          0.073
 181          0.075
 182          0.055
 183          0.052
 184          0.048
 185          0.140
 186          0.136
 187          0.076
 188          0.037
 189          0.047
 190          0.035
 191          0.022
 192          0.042
 193          0.027
 194          0.095
 195          0.145
 196          0.073
 197          0.073
 198          0.073
 199          0.107
 200          0.060
 201          0.052
 202          0.097
 203          0.056
 204          0.067
 205          0.071
 206          0.070
 207          0.094
 208          0.130
 209          0.138
 210          0.058
 211          0.174
 212          0.247
 213          0.251
 214          0.162
 215          0.126
 216          0.115
 217          0.115
 218          0.122
 219          0.095
 220          0.053
 221          0.072
 222          0.096
 223          0.085
 224          0.136
 225          0.091
 226          0.111
 227          0.097
 228          0.108
 229          0.079
 230          0.114
 231          0.111
 232          0.065
 233          0.092
 234          0.100
 235          0.065
 236          0.058
 237          0.132
 238          0.065
 239          0.264
 240          0.146
 241          0.166
 242          0.204
 243          0.193
 244          0.205
 245          0.146
 246          0.144
 247          0.147
 248          0.144
 249          0.119
 250          0.079
 251          0.084
 252          0.076
 253          0.052
 254          0.108
 255          0.114
 256          0.092
 257          0.058
 258          0.078
 259          0.039
 260          0.042
 261          0.099
 262          0.175
 263          0.163
 264          0.147
 265          0.120
 266          0.094
 267          0.086
 268          0.134
 269          0.201
 270          0.200
 271          0.211
 272          0.205
 273          0.173
 274          0.161
 275          0.103
 276          0.115
 277          0.100
 278          0.148
 279          0.146
 280          0.212
 281          0.229
 282          0.231
 283          0.213
 284          0.199
 285          0.077
 286          0.116
 287          0.127
 288          0.088
 289          0.127
 290          0.102
 291          0.073
 292          0.093
 293          0.087
 294          0.101
 295          0.124
 296          0.227
 297          0.110
 298          0.102
 299          0.153
 300          0.095
 301          0.107
 302          0.132
 303          0.150
 304          0.185
 305          0.226
 306          0.213
 307          0.192
 308          0.177
 309          0.085
 310          0.049
 311          0.043
 312          0.040
 313          0.058
 314          0.057
 315          0.067
 316          0.069
 317          0.075
 318          0.090
 319          0.175
 320          0.177
 321          0.214
 322          0.291
 323          0.306
 324          0.315
 325          0.168
 326          0.111
 327          0.099
 328          0.089
 329          0.091
 330          0.107
 331          0.106
 332          0.092
 333          0.067
 334          0.104
 335          0.093
 336          0.095
 337          0.083
 338          0.109
 339          0.115
 340          0.067
 341          0.071
 342          0.106
 343          0.086
 344          0.116
 345          0.119
 346          0.130
 347          0.120
 348          0.095
 349          0.062
 350          0.104
 351          0.109
 352          0.168
 353          0.186
 354          0.208
 355          0.161
 356          0.148
 357          0.137
 358          0.122
 359          0.126
 360          0.130
 361          0.153
 362          0.188
 363          0.160
 364          0.110
 365          0.234
 366          0.095
 367          0.108
 368          0.079
 369          0.110
 370          0.074
 371          0.029
 372          0.058
 373          0.066
 374          0.043
 375          0.087
 376          0.081
 377          0.087
 378          0.057
 379          0.061
 380          0.025
 381          0.038
 382          0.019
 383          0.029
 384          0.137
 385          0.153
 386          0.143
 387          0.086
 388          0.100
 389          0.100
 390          0.067
 391          0.054
 392          0.153
 393          0.179
 394          0.207
 395          0.252
 396          0.179
 397          0.175
 398          0.070
 399          0.064
 400          0.098
 401          0.108
 402          0.108
 403          0.125
 404          0.182
 405          0.075
 406          0.044
 407          0.042
 408          0.079
 409          0.052
 410          0.047
 411          0.067
 412          0.113
 413          0.105
 414          0.077
 415          0.179
 416          0.107
 417          0.055
 418          0.022
 419          0.022
 420          0.053
 421          0.088
 422          0.133
 423          0.096
 424          0.086
 425          0.099
 426          0.093
 427          0.046
 428          0.032
 429          0.072
 430          0.107
 431          0.067
 432          0.050
 433          0.024
 434          0.088
 435          0.049
 436          0.060
 437          0.066
 438          0.063
 439          0.075
 440          0.064
 441          0.120
 442          0.090
 443          0.051
 444          0.056
 445          0.057
 446          0.081
 447          0.060
 448          0.063
 449          0.075
 450          0.058
 451          0.066
 452          0.050
 453          0.061
 454          0.046
 455          0.025
 456          0.050
 457          0.048
 458          0.109
 459          0.109
 460          0.052
 461          0.314
 462          0.122
 463          0.042
 464          0.042
 465          0.067
 466          0.195
 467          0.345
 468          0.447
 469          0.375
 470          0.207
 471          0.178
 472          0.107
 473          0.090
 474          0.123
 475          0.257
 476          0.094
 477          0.059
 478          0.107
 479          0.119
 480          0.133
 481          0.125
 482          0.122
 483          0.141
 484          0.045
 485          0.045
 486          0.030
 487          0.038

# Average distance: 0.117 nm
