# Atom index    Distance (nm)
   1          1.020
   2          0.900
   3          0.583
   4          0.141
   5          0.072
   6          0.067
   7          0.035
   8          0.009
   9          0.049
  10          0.038
  11          0.032
  12          0.041
  13          0.095
  14          0.148
  15          0.111
  16          0.069
  17          0.050
  18          0.053
  19          0.089
  20          0.098
  21          0.182
  22          0.254
  23          0.082
  24          0.101
  25          0.096
  26          0.124
  27          0.062
  28          0.057
  29          0.025
  30          0.067
  31          0.080
  32          0.058
  33          0.078
  34          0.114
  35          0.070
  36          0.044
  37          0.056
  38          0.033
  39          0.040
  40          0.041
  41          0.066
  42          0.083
  43          0.043
  44          0.006
  45          0.178
  46          0.123
  47          0.247
  48          0.445
  49          0.393
  50          0.482
  51          0.289
  52          0.291
  53          0.144
  54          0.113
  55          0.066
  56          0.073
  57          0.069
  58          0.056
  59          0.083
  60          0.093
  61          0.089
  62          0.080
  63          0.051
  64          0.078
  65          0.085
  66          0.076
  67          0.146
  68          0.282
  69          0.167
  70          0.087
  71          0.077
  72          0.126
  73          0.118
  74          0.072
  75          0.077
  76          0.087
  77          0.086
  78          0.084
  79          0.119
  80          0.135
  81          0.139
  82          0.064
  83          0.073
  84          0.089
  85          0.130
  86          0.171
  87          0.182
  88          0.158
  89          0.090
  90          0.028
  91          0.110
  92          0.149
  93          0.101
  94          0.088
  95          0.079
  96          0.079
  97          0.088
  98          0.103
  99          0.096
 100          0.123
 101          0.103
 102          0.125
 103          0.126
 104          0.053
 105          0.058
 106          0.051
 107          0.059
 108          0.042
 109          0.076
 110          0.097
 111          0.082
 112          0.091
 113          0.086
 114          0.071
 115          0.035
 116          0.012
 117          0.082
 118          0.151
 119          0.057
 120          0.029
 121          0.028
 122          0.031
 123          0.082
 124          0.051
 125          0.025
 126          0.022
 127          0.036
 128          0.041
 129          0.051
 130          0.067
 131          0.055
 132          0.029
 133          0.036
 134          0.060
 135          0.065
 136          0.119
 137          0.132
 138          0.039
 139          0.078
 140          0.094
 141          0.126
 142          0.151
 143          0.149
 144          0.110
 145          0.112
 146          0.078
 147          0.039
 148          0.039
 149          0.073
 150          0.086
 151          0.166
 152          0.202
 153          0.109
 154          0.090
 155          0.077
 156          0.058
 157          0.067
 158          0.073
 159          0.078
 160          0.082
 161          0.100
 162          0.179
 163          0.157
 164          0.102
 165          0.133
 166          0.131
 167          0.125
 168          0.102
 169          0.096
 170          0.112
 171          0.097
 172          0.096
 173          0.075
 174          0.050
 175          0.048
 176          0.067
 177          0.098
 178          0.085
 179          0.042
 180          0.045
 181          0.035
 182          0.051
 183          0.061
 184          0.032
 185          0.075
 186          0.026
 187          0.017
 188          0.064
 189          0.041
 190          0.044
 191          0.055
 192          0.066
 193          0.059
 194          0.026
 195          0.041
 196          0.053
 197          0.029
 198          0.033
 199          0.111
 200          0.130
 201          0.159
 202          0.197
 203          0.132
 204          0.036
 205          0.039
 206          0.087
 207          0.070
 208          0.051
 209          0.123
 210          0.148
 211          0.292
 212          0.378
 213          0.411
 214          0.207
 215          0.080
 216          0.048
 217          0.071
 218          0.072
 219          0.110
 220          0.226
 221          0.154
 222          0.083
 223          0.051
 224          0.035
 225          0.044
 226          0.046
 227          0.074
 228          0.138
 229          0.196
 230          0.227
 231          0.139
 232          0.172
 233          0.121
 234          0.047
 235          0.042
 236          0.072
 237          0.112
 238          0.014
 239          0.015
 240          0.064
 241          0.106
 242          0.096
 243          0.138
 244          0.133
 245          0.079
 246          0.053
 247          0.071
 248          0.083
 249          0.117
 250          0.035
 251          0.102
 252          0.137
 253          0.148
 254          0.105
 255          0.052
 256          0.023
 257          0.043
 258          0.074
 259          0.032
 260          0.058
 261          0.088
 262          0.168
 263          0.194
 264          0.175
 265          0.129
 266          0.083
 267          0.042
 268          0.040
 269          0.069
 270          0.101
 271          0.085
 272          0.139
 273          0.147
 274          0.084
 275          0.036
 276          0.063
 277          0.081
 278          0.143
 279          0.104
 280          0.108
 281          0.100
 282          0.031
 283          0.039
 284          0.095
 285          0.109
 286          0.078
 287          0.045
 288          0.010
 289          0.013
 290          0.034
 291          0.089
 292          0.086
 293          0.069
 294          0.069
 295          0.046
 296          0.093
 297          0.035
 298          0.044
 299          0.053
 300          0.055
 301          0.042
 302          0.083
 303          0.107
 304          0.128
 305          0.140
 306          0.122
 307          0.097
 308          0.092
 309          0.105
 310          0.090
 311          0.102
 312          0.079
 313          0.141
 314          0.182
 315          0.148
 316          0.114
 317          0.084
 318          0.069
 319          0.061
 320          0.143
 321          0.088
 322          0.089
 323          0.023
 324          0.063
 325          0.017
 326          0.097
 327          0.116
 328          0.087
 329          0.058
 330          0.039
 331          0.030
 332          0.030
 333          0.078
 334          0.069
 335          0.038
 336          0.073
 337          0.105
 338          0.053
 339          0.052
 340          0.061
 341          0.059
 342          0.043
 343          0.091
 344          0.151
 345          0.125
 346          0.116
 347          0.066
 348          0.099
 349          0.080
 350          0.094
 351          0.136
 352          0.156
 353          0.142
 354          0.140
 355          0.148
 356          0.107
 357          0.061
 358          0.042
 359          0.023
 360          0.117
 361          0.084
 362          0.185
 363          0.194
 364          0.139
 365          0.186
 366          0.170
 367          0.156
 368          0.056
 369          0.052
 370          0.035
 371          0.045
 372          0.063
 373          0.070
 374          0.055
 375          0.074
 376          0.076
 377          0.091
 378          0.100
 379          0.050
 380          0.037
 381          0.047
 382          0.054
 383          0.055
 384          0.103
 385          0.061
 386          0.034
 387          0.080
 388          0.034
 389          0.042
 390          0.058
 391          0.073
 392          0.112
 393          0.149
 394          0.201
 395          0.192
 396          0.095
 397          0.153
 398          0.045
 399          0.073
 400          0.063
 401          0.074
 402          0.071
 403          0.085
 404          0.088
 405          0.093
 406          0.055
 407          0.042
 408          0.039
 409          0.035
 410          0.092
 411          0.078
 412          0.057
 413          0.050
 414          0.050
 415          0.044
 416          0.023
 417          0.040
 418          0.032
 419          0.049
 420          0.078
 421          0.020
 422          0.032
 423          0.100
 424          0.089
 425          0.095
 426          0.070
 427          0.065
 428          0.047
 429          0.110
 430          0.185
 431          0.316
 432          0.305
 433          0.147
 434          0.125
 435          0.116
 436          0.141
 437          0.120
 438          0.180
 439          0.183
 440          0.195
 441          0.157
 442          0.047
 443          0.031
 444          0.052
 445          0.057
 446          0.058
 447          0.070
 448          0.053
 449          0.058
 450          0.064
 451          0.091
 452          0.116
 453          0.102
 454          0.059
 455          0.034
 456          0.067
 457          0.045
 458          0.060
 459          0.074
 460          0.069
 461          0.068
 462          0.055
 463          0.078
 464          0.038
 465          0.063
 466          0.054
 467          0.252
 468          0.383
 469          0.379
 470          0.181
 471          0.084
 472          0.063
 473          0.072
 474          0.049
 475          0.102
 476          0.062
 477          0.085
 478          0.117
 479          0.082
 480          0.075
 481          0.066
 482          0.039
 483          0.039
 484          0.020
 485          0.022
 486          0.036
 487          0.115

# Average distance: 0.097 nm
