# Atom index    Distance (nm)
   1          0.390
   2          0.284
   3          0.096
   4          0.121
   5          0.142
   6          0.135
   7          0.130
   8          0.142
   9          0.136
  10          0.083
  11          0.109
  12          0.156
  13          0.188
  14          0.271
  15          0.237
  16          0.205
  17          0.158
  18          0.146
  19          0.140
  20          0.137
  21          0.186
  22          0.303
  23          0.291
  24          0.286
  25          0.196
  26          0.192
  27          0.150
  28          0.213
  29          0.180
  30          0.189
  31          0.172
  32          0.141
  33          0.186
  34          0.213
  35          0.258
  36          0.198
  37          0.197
  38          0.133
  39          0.123
  40          0.072
  41          0.065
  42          0.052
  43          0.051
  44          0.077
  45          0.100
  46          0.213
  47          0.413
  48          0.433
  49          0.260
  50          0.260
  51          0.231
  52          0.226
  53          0.133
  54          0.057
  55          0.036
  56          0.050
  57          0.030
  58          0.047
  59          0.070
  60          0.117
  61          0.103
  62          0.081
  63          0.052
  64          0.118
  65          0.153
  66          0.195
  67          0.201
  68          0.261
  69          0.210
  70          0.295
  71          0.224
  72          0.186
  73          0.146
  74          0.123
  75          0.147
  76          0.134
  77          0.112
  78          0.122
  79          0.084
  80          0.132
  81          0.159
  82          0.163
  83          0.147
  84          0.092
  85          0.121
  86          0.117
  87          0.095
  88          0.110
  89          0.093
  90          0.080
  91          0.061
  92          0.151
  93          0.099
  94          0.028
  95          0.070
  96          0.093
  97          0.143
  98          0.145
  99          0.176
 100          0.163
 101          0.168
 102          0.191
 103          0.190
 104          0.191
 105          0.175
 106          0.161
 107          0.148
 108          0.153
 109          0.096
 110          0.101
 111          0.208
 112          0.185
 113          0.182
 114          0.188
 115          0.188
 116          0.266
 117          0.215
 118          0.209
 119          0.225
 120          0.195
 121          0.226
 122          0.209
 123          0.199
 124          0.150
 125          0.081
 126          0.074
 127          0.064
 128          0.144
 129          0.112
 130          0.111
 131          0.109
 132          0.046
 133          0.060
 134          0.070
 135          0.071
 136          0.081
 137          0.066
 138          0.107
 139          0.036
 140          0.035
 141          0.039
 142          0.084
 143          0.111
 144          0.088
 145          0.076
 146          0.080
 147          0.070
 148          0.051
 149          0.031
 150          0.084
 151          0.100
 152          0.331
 153          0.467
 154          0.313
 155          0.168
 156          0.106
 157          0.046
 158          0.076
 159          0.033
 160          0.055
 161          0.067
 162          0.059
 163          0.067
 164          0.038
 165          0.042
 166          0.066
 167          0.038
 168          0.042
 169          0.039
 170          0.039
 171          0.038
 172          0.047
 173          0.128
 174          0.121
 175          0.113
 176          0.167
 177          0.188
 178          0.096
 179          0.111
 180          0.138
 181          0.112
 182          0.073
 183          0.081
 184          0.042
 185          0.045
 186          0.035
 187          0.088
 188          0.094
 189          0.093
 190          0.088
 191          0.120
 192          0.110
 193          0.101
 194          0.099
 195          0.111
 196          0.123
 197          0.119
 198          0.146
 199          0.128
 200          0.121
 201          0.115
 202          0.123
 203          0.137
 204          0.132
 205          0.117
 206          0.119
 207          0.103
 208          0.108
 209          0.089
 210          0.081
 211          0.114
 212          0.118
 213          0.154
 214          0.047
 215          0.100
 216          0.105
 217          0.076
 218          0.092
 219          0.112
 220          0.172
 221          0.206
 222          0.153
 223          0.096
 224          0.065
 225          0.049
 226          0.058
 227          0.080
 228          0.202
 229          0.261
 230          0.326
 231          0.262
 232          0.102
 233          0.076
 234          0.040
 235          0.048
 236          0.075
 237          0.121
 238          0.133
 239          0.130
 240          0.146
 241          0.158
 242          0.080
 243          0.120
 244          0.125
 245          0.100
 246          0.066
 247          0.052
 248          0.058
 249          0.052
 250          0.061
 251          0.058
 252          0.057
 253          0.092
 254          0.109
 255          0.081
 256          0.052
 257          0.061
 258          0.098
 259          0.089
 260          0.125
 261          0.115
 262          0.094
 263          0.058
 264          0.114
 265          0.134
 266          0.114
 267          0.071
 268          0.087
 269          0.057
 270          0.099
 271          0.071
 272          0.067
 273          0.051
 274          0.054
 275          0.026
 276          0.071
 277          0.071
 278          0.080
 279          0.129
 280          0.188
 281          0.149
 282          0.163
 283          0.118
 284          0.064
 285          0.059
 286          0.044
 287          0.047
 288          0.031
 289          0.048
 290          0.091
 291          0.101
 292          0.043
 293          0.083
 294          0.158
 295          0.203
 296          0.172
 297          0.125
 298          0.055
 299          0.126
 300          0.080
 301          0.038
 302          0.041
 303          0.069
 304          0.071
 305          0.142
 306          0.138
 307          0.088
 308          0.026
 309          0.057
 310          0.059
 311          0.043
 312          0.052
 313          0.174
 314          0.110
 315          0.077
 316          0.068
 317          0.053
 318          0.037
 319          0.024
 320          0.027
 321          0.065
 322          0.142
 323          0.172
 324          0.171
 325          0.221
 326          0.221
 327          0.142
 328          0.053
 329          0.042
 330          0.034
 331          0.033
 332          0.047
 333          0.087
 334          0.094
 335          0.123
 336          0.128
 337          0.085
 338          0.080
 339          0.070
 340          0.071
 341          0.037
 342          0.043
 343          0.042
 344          0.077
 345          0.050
 346          0.054
 347          0.061
 348          0.070
 349          0.086
 350          0.125
 351          0.130
 352          0.192
 353          0.253
 354          0.231
 355          0.173
 356          0.113
 357          0.069
 358          0.127
 359          0.106
 360          0.087
 361          0.091
 362          0.146
 363          0.179
 364          0.233
 365          0.104
 366          0.084
 367          0.064
 368          0.051
 369          0.095
 370          0.102
 371          0.085
 372          0.126
 373          0.080
 374          0.069
 375          0.061
 376          0.059
 377          0.073
 378          0.054
 379          0.079
 380          0.050
 381          0.046
 382          0.065
 383          0.071
 384          0.085
 385          0.110
 386          0.122
 387          0.125
 388          0.062
 389          0.062
 390          0.072
 391          0.010
 392          0.030
 393          0.067
 394          0.091
 395          0.095
 396          0.053
 397          0.074
 398          0.049
 399          0.095
 400          0.127
 401          0.145
 402          0.133
 403          0.174
 404          0.150
 405          0.116
 406          0.041
 407          0.049
 408          0.027
 409          0.063
 410          0.080
 411          0.084
 412          0.073
 413          0.061
 414          0.065
 415          0.067
 416          0.069
 417          0.069
 418          0.050
 419          0.051
 420          0.069
 421          0.054
 422          0.057
 423          0.035
 424          0.085
 425          0.058
 426          0.041
 427          0.028
 428          0.047
 429          0.079
 430          0.118
 431          0.106
 432          0.086
 433          0.159
 434          0.127
 435          0.080
 436          0.036
 437          0.022
 438          0.044
 439          0.040
 440          0.061
 441          0.061
 442          0.103
 443          0.070
 444          0.075
 445          0.066
 446          0.109
 447          0.094
 448          0.093
 449          0.067
 450          0.081
 451          0.106
 452          0.134
 453          0.109
 454          0.077
 455          0.077
 456          0.083
 457          0.074
 458          0.070
 459          0.116
 460          0.147
 461          0.064
 462          0.107
 463          0.059
 464          0.075
 465          0.091
 466          0.143
 467          0.233
 468          0.318
 469          0.269
 470          0.223
 471          0.174
 472          0.103
 473          0.122
 474          0.124
 475          0.155
 476          0.118
 477          0.124
 478          0.180
 479          0.136
 480          0.129
 481          0.112
 482          0.111
 483          0.093
 484          0.078
 485          0.093
 486          0.052
 487          0.055

# Average distance: 0.113 nm
