# Atom index    Distance (nm)
   1          0.075
   2          0.052
   3          0.062
   4          0.078
   5          0.054
   6          0.047
   7          0.058
   8          0.076
   9          0.054
  10          0.041
  11          0.035
  12          0.064
  13          0.064
  14          0.085
  15          0.071
  16          0.051
  17          0.064
  18          0.069
  19          0.082
  20          0.068
  21          0.048
  22          0.063
  23          0.068
  24          0.064
  25          0.059
  26          0.049
  27          0.047
  28          0.036
  29          0.056
  30          0.152
  31          0.052
  32          0.007
  33          0.076
  34          0.096
  35          0.116
  36          0.104
  37          0.117
  38          0.067
  39          0.040
  40          0.043
  41          0.034
  42          0.037
  43          0.022
  44          0.074
  45          0.105
  46          0.145
  47          0.402
  48          0.533
  49          0.321
  50          0.258
  51          0.062
  52          0.113
  53          0.102
  54          0.102
  55          0.067
  56          0.061
  57          0.070
  58          0.056
  59          0.065
  60          0.040
  61          0.064
  62          0.065
  63          0.061
  64          0.081
  65          0.048
  66          0.104
  67          0.189
  68          0.195
  69          0.176
  70          0.121
  71          0.148
  72          0.098
  73          0.042
  74          0.073
  75          0.061
  76          0.060
  77          0.048
  78          0.044
  79          0.073
  80          0.083
  81          0.129
  82          0.125
  83          0.062
  84          0.019
  85          0.046
  86          0.044
  87          0.101
  88          0.062
  89          0.132
  90          0.152
  91          0.211
  92          0.139
  93          0.103
  94          0.040
  95          0.100
  96          0.076
  97          0.070
  98          0.076
  99          0.089
 100          0.084
 101          0.133
 102          0.082
 103          0.068
 104          0.050
 105          0.065
 106          0.038
 107          0.037
 108          0.140
 109          0.245
 110          0.278
 111          0.305
 112          0.230
 113          0.107
 114          0.114
 115          0.098
 116          0.127
 117          0.087
 118          0.165
 119          0.072
 120          0.025
 121          0.033
 122          0.104
 123          0.137
 124          0.106
 125          0.090
 126          0.092
 127          0.090
 128          0.080
 129          0.094
 130          0.098
 131          0.106
 132          0.066
 133          0.041
 134          0.032
 135          0.068
 136          0.050
 137          0.059
 138          0.049
 139          0.039
 140          0.057
 141          0.084
 142          0.086
 143          0.079
 144          0.020
 145          0.062
 146          0.085
 147          0.079
 148          0.063
 149          0.031
 150          0.062
 151          0.106
 152          0.020
 153          0.108
 154          0.100
 155          0.087
 156          0.078
 157          0.069
 158          0.080
 159          0.071
 160          0.065
 161          0.036
 162          0.128
 163          0.069
 164          0.071
 165          0.058
 166          0.071
 167          0.066
 168          0.043
 169          0.020
 170          0.018
 171          0.034
 172          0.047
 173          0.020
 174          0.059
 175          0.086
 176          0.140
 177          0.184
 178          0.138
 179          0.126
 180          0.072
 181          0.071
 182          0.063
 183          0.046
 184          0.013
 185          0.068
 186          0.030
 187          0.069
 188          0.055
 189          0.066
 190          0.059
 191          0.083
 192          0.102
 193          0.115
 194          0.096
 195          0.105
 196          0.043
 197          0.084
 198          0.118
 199          0.110
 200          0.054
 201          0.069
 202          0.100
 203          0.092
 204          0.104
 205          0.137
 206          0.101
 207          0.089
 208          0.101
 209          0.097
 210          0.076
 211          0.080
 212          0.046
 213          0.068
 214          0.032
 215          0.032
 216          0.071
 217          0.093
 218          0.137
 219          0.163
 220          0.183
 221          0.122
 222          0.094
 223          0.126
 224          0.094
 225          0.058
 226          0.052
 227          0.103
 228          0.053
 229          0.050
 230          0.065
 231          0.071
 232          0.095
 233          0.074
 234          0.080
 235          0.076
 236          0.101
 237          0.112
 238          0.209
 239          0.233
 240          0.126
 241          0.309
 242          0.173
 243          0.044
 244          0.085
 245          0.126
 246          0.115
 247          0.083
 248          0.077
 249          0.084
 250          0.046
 251          0.039
 252          0.042
 253          0.034
 254          0.061
 255          0.065
 256          0.058
 257          0.098
 258          0.086
 259          0.032
 260          0.043
 261          0.083
 262          0.157
 263          0.234
 264          0.184
 265          0.122
 266          0.078
 267          0.051
 268          0.058
 269          0.112
 270          0.066
 271          0.143
 272          0.266
 273          0.248
 274          0.099
 275          0.064
 276          0.055
 277          0.053
 278          0.077
 279          0.091
 280          0.134
 281          0.127
 282          0.083
 283          0.079
 284          0.047
 285          0.020
 286          0.062
 287          0.042
 288          0.047
 289          0.069
 290          0.014
 291          0.135
 292          0.139
 293          0.139
 294          0.203
 295          0.141
 296          0.130
 297          0.148
 298          0.151
 299          0.138
 300          0.083
 301          0.057
 302          0.033
 303          0.030
 304          0.099
 305          0.100
 306          0.052
 307          0.028
 308          0.047
 309          0.047
 310          0.031
 311          0.088
 312          0.117
 313          0.072
 314          0.072
 315          0.101
 316          0.106
 317          0.071
 318          0.052
 319          0.055
 320          0.082
 321          0.065
 322          0.107
 323          0.114
 324          0.173
 325          0.176
 326          0.094
 327          0.079
 328          0.063
 329          0.096
 330          0.120
 331          0.178
 332          0.168
 333          0.087
 334          0.086
 335          0.049
 336          0.071
 337          0.095
 338          0.079
 339          0.084
 340          0.070
 341          0.084
 342          0.121
 343          0.138
 344          0.214
 345          0.232
 346          0.192
 347          0.112
 348          0.093
 349          0.041
 350          0.044
 351          0.117
 352          0.105
 353          0.069
 354          0.052
 355          0.040
 356          0.087
 357          0.100
 358          0.068
 359          0.060
 360          0.137
 361          0.118
 362          0.152
 363          0.124
 364          0.100
 365          0.140
 366          0.159
 367          0.137
 368          0.073
 369          0.053
 370          0.048
 371          0.057
 372          0.069
 373          0.114
 374          0.136
 375          0.146
 376          0.062
 377          0.046
 378          0.028
 379          0.034
 380          0.079
 381          0.051
 382          0.067
 383          0.037
 384          0.061
 385          0.093
 386          0.095
 387          0.088
 388          0.071
 389          0.068
 390          0.089
 391          0.055
 392          0.094
 393          0.126
 394          0.122
 395          0.130
 396          0.092
 397          0.062
 398          0.072
 399          0.085
 400          0.093
 401          0.074
 402          0.053
 403          0.037
 404          0.052
 405          0.076
 406          0.081
 407          0.039
 408          0.078
 409          0.110
 410          0.108
 411          0.106
 412          0.103
 413          0.050
 414          0.053
 415          0.106
 416          0.074
 417          0.113
 418          0.096
 419          0.084
 420          0.094
 421          0.126
 422          0.167
 423          0.163
 424          0.164
 425          0.065
 426          0.062
 427          0.062
 428          0.053
 429          0.130
 430          0.154
 431          0.210
 432          0.143
 433          0.125
 434          0.096
 435          0.056
 436          0.045
 437          0.026
 438          0.028
 439          0.051
 440          0.079
 441          0.168
 442          0.226
 443          0.218
 444          0.159
 445          0.121
 446          0.074
 447          0.054
 448          0.077
 449          0.058
 450          0.062
 451          0.063
 452          0.093
 453          0.077
 454          0.075
 455          0.064
 456          0.061
 457          0.047
 458          0.071
 459          0.095
 460          0.327
 461          0.259
 462          0.110
 463          0.064
 464          0.049
 465          0.083
 466          0.074
 467          0.035
 468          0.072
 469          0.099
 470          0.050
 471          0.085
 472          0.071
 473          0.067
 474          0.084
 475          0.068
 476          0.106
 477          0.015
 478          0.055
 479          0.050
 480          0.074
 481          0.127
 482          0.059
 483          0.040
 484          0.054
 485          0.035
 486          0.024
 487          0.059

# Average distance: 0.090 nm
