# Atom index    Distance (nm)
   1          0.947
   2          0.820
   3          0.161
   4          0.130
   5          0.080
   6          0.062
   7          0.021
   8          0.113
   9          0.119
  10          0.098
  11          0.075
  12          0.119
  13          0.164
  14          0.128
  15          0.068
  16          0.030
  17          0.031
  18          0.061
  19          0.079
  20          0.132
  21          0.219
  22          0.240
  23          0.083
  24          0.066
  25          0.078
  26          0.056
  27          0.084
  28          0.061
  29          0.047
  30          0.144
  31          0.105
  32          0.047
  33          0.104
  34          0.067
  35          0.055
  36          0.114
  37          0.096
  38          0.044
  39          0.082
  40          0.082
  41          0.174
  42          0.169
  43          0.134
  44          0.218
  45          0.207
  46          0.420
  47          0.293
  48          0.333
  49          0.247
  50          0.311
  51          0.284
  52          0.203
  53          0.182
  54          0.163
  55          0.099
  56          0.093
  57          0.078
  58          0.085
  59          0.153
  60          0.088
  61          0.077
  62          0.076
  63          0.104
  64          0.103
  65          0.142
  66          0.145
  67          0.168
  68          0.185
  69          0.193
  70          0.178
  71          0.168
  72          0.133
  73          0.120
  74          0.114
  75          0.141
  76          0.122
  77          0.124
  78          0.078
  79          0.153
  80          0.146
  81          0.116
  82          0.117
  83          0.123
  84          0.083
  85          0.100
  86          0.069
  87          0.096
  88          0.111
  89          0.125
  90          0.182
  91          0.215
  92          0.150
  93          0.132
  94          0.078
  95          0.065
  96          0.061
  97          0.072
  98          0.066
  99          0.076
 100          0.093
 101          0.133
 102          0.110
 103          0.089
 104          0.085
 105          0.062
 106          0.065
 107          0.077
 108          0.055
 109          0.161
 110          0.066
 111          0.055
 112          0.251
 113          0.079
 114          0.132
 115          0.148
 116          0.162
 117          0.184
 118          0.134
 119          0.185
 120          0.158
 121          0.166
 122          0.136
 123          0.116
 124          0.107
 125          0.058
 126          0.051
 127          0.070
 128          0.100
 129          0.049
 130          0.070
 131          0.072
 132          0.019
 133          0.059
 134          0.076
 135          0.048
 136          0.071
 137          0.055
 138          0.055
 139          0.022
 140          0.029
 141          0.033
 142          0.106
 143          0.116
 144          0.050
 145          0.101
 146          0.075
 147          0.057
 148          0.051
 149          0.030
 150          0.038
 151          0.066
 152          0.033
 153          0.054
 154          0.099
 155          0.070
 156          0.048
 157          0.081
 158          0.080
 159          0.107
 160          0.137
 161          0.110
 162          0.139
 163          0.117
 164          0.121
 165          0.061
 166          0.149
 167          0.071
 168          0.064
 169          0.065
 170          0.042
 171          0.041
 172          0.016
 173          0.117
 174          0.125
 175          0.088
 176          0.113
 177          0.109
 178          0.085
 179          0.080
 180          0.099
 181          0.087
 182          0.062
 183          0.022
 184          0.054
 185          0.048
 186          0.078
 187          0.084
 188          0.037
 189          0.032
 190          0.022
 191          0.078
 192          0.108
 193          0.102
 194          0.063
 195          0.062
 196          0.052
 197          0.045
 198          0.037
 199          0.105
 200          0.124
 201          0.173
 202          0.172
 203          0.105
 204          0.039
 205          0.041
 206          0.040
 207          0.072
 208          0.132
 209          0.114
 210          0.155
 211          0.229
 212          0.261
 213          0.136
 214          0.073
 215          0.076
 216          0.096
 217          0.048
 218          0.076
 219          0.053
 220          0.062
 221          0.096
 222          0.070
 223          0.056
 224          0.043
 225          0.063
 226          0.080
 227          0.049
 228          0.083
 229          0.086
 230          0.193
 231          0.109
 232          0.062
 233          0.100
 234          0.082
 235          0.105
 236          0.082
 237          0.069
 238          0.099
 239          0.109
 240          0.129
 241          0.082
 242          0.039
 243          0.051
 244          0.054
 245          0.067
 246          0.073
 247          0.079
 248          0.079
 249          0.080
 250          0.115
 251          0.124
 252          0.064
 253          0.094
 254          0.086
 255          0.082
 256          0.061
 257          0.054
 258          0.052
 259          0.051
 260          0.054
 261          0.063
 262          0.094
 263          0.237
 264          0.227
 265          0.099
 266          0.080
 267          0.105
 268          0.132
 269          0.117
 270          0.138
 271          0.180
 272          0.215
 273          0.187
 274          0.171
 275          0.119
 276          0.119
 277          0.148
 278          0.081
 279          0.078
 280          0.120
 281          0.089
 282          0.122
 283          0.116
 284          0.096
 285          0.092
 286          0.089
 287          0.085
 288          0.063
 289          0.074
 290          0.075
 291          0.066
 292          0.063
 293          0.104
 294          0.102
 295          0.185
 296          0.240
 297          0.204
 298          0.155
 299          0.119
 300          0.078
 301          0.089
 302          0.085
 303          0.140
 304          0.133
 305          0.112
 306          0.123
 307          0.129
 308          0.109
 309          0.068
 310          0.137
 311          0.163
 312          0.143
 313          0.021
 314          0.061
 315          0.108
 316          0.124
 317          0.126
 318          0.144
 319          0.118
 320          0.221
 321          0.188
 322          0.219
 323          0.237
 324          0.239
 325          0.280
 326          0.285
 327          0.211
 328          0.109
 329          0.094
 330          0.088
 331          0.059
 332          0.075
 333          0.111
 334          0.057
 335          0.039
 336          0.045
 337          0.039
 338          0.026
 339          0.063
 340          0.084
 341          0.068
 342          0.025
 343          0.087
 344          0.159
 345          0.129
 346          0.105
 347          0.036
 348          0.059
 349          0.040
 350          0.027
 351          0.053
 352          0.097
 353          0.149
 354          0.155
 355          0.088
 356          0.121
 357          0.089
 358          0.090
 359          0.108
 360          0.097
 361          0.101
 362          0.034
 363          0.058
 364          0.104
 365          0.117
 366          0.053
 367          0.063
 368          0.038
 369          0.078
 370          0.046
 371          0.011
 372          0.022
 373          0.022
 374          0.025
 375          0.055
 376          0.074
 377          0.043
 378          0.024
 379          0.026
 380          0.057
 381          0.032
 382          0.057
 383          0.040
 384          0.070
 385          0.042
 386          0.010
 387          0.049
 388          0.055
 389          0.094
 390          0.061
 391          0.069
 392          0.100
 393          0.153
 394          0.163
 395          0.146
 396          0.113
 397          0.062
 398          0.053
 399          0.104
 400          0.025
 401          0.052
 402          0.055
 403          0.127
 404          0.141
 405          0.064
 406          0.103
 407          0.130
 408          0.116
 409          0.128
 410          0.049
 411          0.052
 412          0.058
 413          0.108
 414          0.060
 415          0.049
 416          0.093
 417          0.064
 418          0.045
 419          0.045
 420          0.043
 421          0.083
 422          0.151
 423          0.194
 424          0.193
 425          0.096
 426          0.047
 427          0.039
 428          0.044
 429          0.117
 430          0.353
 431          0.282
 432          0.229
 433          0.095
 434          0.032
 435          0.038
 436          0.058
 437          0.025
 438          0.068
 439          0.088
 440          0.190
 441          0.214
 442          0.100
 443          0.053
 444          0.068
 445          0.079
 446          0.117
 447          0.102
 448          0.025
 449          0.052
 450          0.075
 451          0.053
 452          0.051
 453          0.082
 454          0.059
 455          0.040
 456          0.048
 457          0.076
 458          0.086
 459          0.096
 460          0.172
 461          0.109
 462          0.108
 463          0.044
 464          0.076
 465          0.137
 466          0.111
 467          0.021
 468          0.067
 469          0.215
 470          0.086
 471          0.084
 472          0.053
 473          0.051
 474          0.067
 475          0.112
 476          0.031
 477          0.056
 478          0.091
 479          0.092
 480          0.054
 481          0.047
 482          0.068
 483          0.104
 484          0.051
 485          0.033
 486          0.043
 487          0.046

# Average distance: 0.102 nm
