# Atom index    Distance (nm)
   1          0.666
   2          0.413
   3          0.226
   4          0.212
   5          0.224
   6          0.083
   7          0.097
   8          0.092
   9          0.082
  10          0.065
  11          0.140
  12          0.129
  13          0.227
  14          0.287
  15          0.218
  16          0.148
  17          0.065
  18          0.050
  19          0.109
  20          0.199
  21          0.222
  22          0.214
  23          0.204
  24          0.280
  25          0.250
  26          0.220
  27          0.183
  28          0.144
  29          0.159
  30          0.229
  31          0.130
  32          0.041
  33          0.164
  34          0.231
  35          0.177
  36          0.206
  37          0.192
  38          0.198
  39          0.153
  40          0.129
  41          0.118
  42          0.082
  43          0.087
  44          0.135
  45          0.277
  46          0.155
  47          0.072
  48          0.081
  49          0.137
  50          0.337
  51          0.180
  52          0.216
  53          0.135
  54          0.144
  55          0.109
  56          0.184
  57          0.188
  58          0.183
  59          0.185
  60          0.198
  61          0.215
  62          0.211
  63          0.159
  64          0.158
  65          0.183
  66          0.198
  67          0.197
  68          0.222
  69          0.257
  70          0.258
  71          0.235
  72          0.220
  73          0.221
  74          0.217
  75          0.220
  76          0.230
  77          0.258
  78          0.237
  79          0.210
  80          0.178
  81          0.148
  82          0.178
  83          0.127
  84          0.101
  85          0.122
  86          0.101
  87          0.126
  88          0.125
  89          0.099
  90          0.055
  91          0.073
  92          0.091
  93          0.085
  94          0.081
  95          0.129
  96          0.139
  97          0.161
  98          0.144
  99          0.179
 100          0.149
 101          0.098
 102          0.152
 103          0.187
 104          0.148
 105          0.171
 106          0.169
 107          0.187
 108          0.186
 109          0.219
 110          0.209
 111          0.237
 112          0.276
 113          0.167
 114          0.145
 115          0.175
 116          0.200
 117          0.171
 118          0.181
 119          0.199
 120          0.176
 121          0.229
 122          0.217
 123          0.208
 124          0.149
 125          0.100
 126          0.114
 127          0.168
 128          0.094
 129          0.092
 130          0.116
 131          0.119
 132          0.103
 133          0.101
 134          0.089
 135          0.044
 136          0.098
 137          0.131
 138          0.139
 139          0.226
 140          0.290
 141          0.343
 142          0.354
 143          0.313
 144          0.280
 145          0.227
 146          0.169
 147          0.159
 148          0.139
 149          0.125
 150          0.138
 151          0.131
 152          0.111
 153          0.094
 154          0.095
 155          0.128
 156          0.145
 157          0.133
 158          0.187
 159          0.192
 160          0.153
 161          0.121
 162          0.111
 163          0.098
 164          0.079
 165          0.057
 166          0.082
 167          0.074
 168          0.045
 169          0.052
 170          0.064
 171          0.071
 172          0.037
 173          0.051
 174          0.088
 175          0.114
 176          0.112
 177          0.117
 178          0.039
 179          0.076
 180          0.106
 181          0.089
 182          0.071
 183          0.058
 184          0.072
 185          0.031
 186          0.013
 187          0.087
 188          0.057
 189          0.060
 190          0.120
 191          0.111
 192          0.160
 193          0.216
 194          0.201
 195          0.182
 196          0.113
 197          0.096
 198          0.096
 199          0.046
 200          0.046
 201          0.194
 202          0.177
 203          0.112
 204          0.101
 205          0.126
 206          0.102
 207          0.097
 208          0.165
 209          0.133
 210          0.095
 211          0.164
 212          0.255
 213          0.347
 214          0.215
 215          0.113
 216          0.135
 217          0.131
 218          0.083
 219          0.106
 220          0.068
 221          0.111
 222          0.147
 223          0.090
 224          0.085
 225          0.131
 226          0.173
 227          0.188
 228          0.243
 229          0.382
 230          0.304
 231          0.209
 232          0.195
 233          0.166
 234          0.178
 235          0.179
 236          0.196
 237          0.212
 238          0.265
 239          0.263
 240          0.146
 241          0.129
 242          0.172
 243          0.185
 244          0.199
 245          0.259
 246          0.148
 247          0.165
 248          0.174
 249          0.179
 250          0.200
 251          0.196
 252          0.129
 253          0.075
 254          0.082
 255          0.081
 256          0.067
 257          0.046
 258          0.045
 259          0.064
 260          0.073
 261          0.081
 262          0.062
 263          0.121
 264          0.151
 265          0.127
 266          0.126
 267          0.093
 268          0.107
 269          0.151
 270          0.209
 271          0.242
 272          0.222
 273          0.179
 274          0.199
 275          0.139
 276          0.133
 277          0.125
 278          0.098
 279          0.139
 280          0.149
 281          0.170
 282          0.162
 283          0.178
 284          0.178
 285          0.127
 286          0.100
 287          0.095
 288          0.124
 289          0.122
 290          0.085
 291          0.065
 292          0.079
 293          0.078
 294          0.105
 295          0.120
 296          0.164
 297          0.155
 298          0.096
 299          0.054
 300          0.101
 301          0.130
 302          0.115
 303          0.156
 304          0.243
 305          0.233
 306          0.205
 307          0.132
 308          0.154
 309          0.159
 310          0.162
 311          0.199
 312          0.200
 313          0.215
 314          0.228
 315          0.229
 316          0.187
 317          0.166
 318          0.195
 319          0.190
 320          0.186
 321          0.186
 322          0.166
 323          0.180
 324          0.157
 325          0.227
 326          0.191
 327          0.149
 328          0.156
 329          0.143
 330          0.118
 331          0.124
 332          0.119
 333          0.073
 334          0.039
 335          0.076
 336          0.086
 337          0.082
 338          0.099
 339          0.074
 340          0.101
 341          0.101
 342          0.134
 343          0.140
 344          0.185
 345          0.187
 346          0.167
 347          0.152
 348          0.104
 349          0.085
 350          0.116
 351          0.118
 352          0.138
 353          0.123
 354          0.130
 355          0.133
 356          0.139
 357          0.120
 358          0.126
 359          0.131
 360          0.110
 361          0.159
 362          0.132
 363          0.141
 364          0.120
 365          0.252
 366          0.318
 367          0.265
 368          0.099
 369          0.097
 370          0.065
 371          0.047
 372          0.071
 373          0.010
 374          0.025
 375          0.106
 376          0.075
 377          0.061
 378          0.020
 379          0.035
 380          0.028
 381          0.030
 382          0.026
 383          0.078
 384          0.076
 385          0.097
 386          0.078
 387          0.086
 388          0.090
 389          0.081
 390          0.085
 391          0.117
 392          0.108
 393          0.125
 394          0.238
 395          0.044
 396          0.101
 397          0.091
 398          0.060
 399          0.093
 400          0.065
 401          0.108
 402          0.103
 403          0.144
 404          0.087
 405          0.101
 406          0.094
 407          0.057
 408          0.074
 409          0.112
 410          0.065
 411          0.130
 412          0.084
 413          0.169
 414          0.124
 415          0.094
 416          0.104
 417          0.104
 418          0.101
 419          0.127
 420          0.139
 421          0.134
 422          0.108
 423          0.208
 424          0.102
 425          0.116
 426          0.112
 427          0.109
 428          0.139
 429          0.141
 430          0.132
 431          0.145
 432          0.133
 433          0.128
 434          0.102
 435          0.097
 436          0.069
 437          0.079
 438          0.057
 439          0.135
 440          0.167
 441          0.151
 442          0.107
 443          0.109
 444          0.138
 445          0.115
 446          0.138
 447          0.081
 448          0.071
 449          0.095
 450          0.094
 451          0.075
 452          0.128
 453          0.129
 454          0.116
 455          0.113
 456          0.103
 457          0.079
 458          0.076
 459          0.123
 460          0.217
 461          0.162
 462          0.079
 463          0.055
 464          0.074
 465          0.045
 466          0.080
 467          0.038
 468          0.084
 469          0.100
 470          0.083
 471          0.077
 472          0.066
 473          0.083
 474          0.073
 475          0.061
 476          0.048
 477          0.057
 478          0.088
 479          0.084
 480          0.076
 481          0.085
 482          0.087
 483          0.070
 484          0.110
 485          0.079
 486          0.066
 487          0.029

# Average distance: 0.138 nm
