# Atom index    Distance (nm)
   1          0.143
   2          0.170
   3          0.209
   4          0.158
   5          0.138
   6          0.121
   7          0.079
   8          0.068
   9          0.059
  10          0.054
  11          0.066
  12          0.069
  13          0.114
  14          0.124
  15          0.134
  16          0.086
  17          0.092
  18          0.068
  19          0.095
  20          0.126
  21          0.113
  22          0.153
  23          0.098
  24          0.080
  25          0.082
  26          0.091
  27          0.114
  28          0.063
  29          0.050
  30          0.077
  31          0.094
  32          0.114
  33          0.120
  34          0.211
  35          0.193
  36          0.173
  37          0.151
  38          0.118
  39          0.108
  40          0.071
  41          0.075
  42          0.071
  43          0.130
  44          0.214
  45          0.255
  46          0.302
  47          0.372
  48          0.341
  49          0.415
  50          0.331
  51          0.322
  52          0.246
  53          0.165
  54          0.107
  55          0.116
  56          0.086
  57          0.109
  58          0.108
  59          0.115
  60          0.147
  61          0.190
  62          0.144
  63          0.143
  64          0.129
  65          0.182
  66          0.205
  67          0.209
  68          0.223
  69          0.282
  70          0.212
  71          0.172
  72          0.174
  73          0.156
  74          0.160
  75          0.191
  76          0.183
  77          0.179
  78          0.193
  79          0.201
  80          0.216
  81          0.196
  82          0.187
  83          0.154
  84          0.100
  85          0.071
  86          0.085
  87          0.111
  88          0.114
  89          0.094
  90          0.088
  91          0.157
  92          0.096
  93          0.136
  94          0.096
  95          0.054
  96          0.073
  97          0.094
  98          0.100
  99          0.134
 100          0.150
 101          0.202
 102          0.197
 103          0.179
 104          0.182
 105          0.167
 106          0.096
 107          0.082
 108          0.099
 109          0.100
 110          0.053
 111          0.052
 112          0.122
 113          0.148
 114          0.191
 115          0.136
 116          0.171
 117          0.191
 118          0.254
 119          0.357
 120          0.228
 121          0.305
 122          0.276
 123          0.183
 124          0.115
 125          0.092
 126          0.070
 127          0.086
 128          0.063
 129          0.080
 130          0.088
 131          0.076
 132          0.074
 133          0.073
 134          0.091
 135          0.071
 136          0.066
 137          0.090
 138          0.073
 139          0.073
 140          0.064
 141          0.066
 142          0.080
 143          0.085
 144          0.079
 145          0.065
 146          0.072
 147          0.073
 148          0.076
 149          0.070
 150          0.044
 151          0.062
 152          0.053
 153          0.094
 154          0.092
 155          0.100
 156          0.125
 157          0.094
 158          0.105
 159          0.110
 160          0.023
 161          0.065
 162          0.068
 163          0.074
 164          0.076
 165          0.072
 166          0.058
 167          0.048
 168          0.034
 169          0.069
 170          0.061
 171          0.049
 172          0.037
 173          0.024
 174          0.041
 175          0.058
 176          0.043
 177          0.064
 178          0.042
 179          0.050
 180          0.050
 181          0.039
 182          0.040
 183          0.036
 184          0.028
 185          0.038
 186          0.057
 187          0.058
 188          0.045
 189          0.064
 190          0.124
 191          0.095
 192          0.100
 193          0.087
 194          0.100
 195          0.094
 196          0.074
 197          0.101
 198          0.108
 199          0.100
 200          0.115
 201          0.136
 202          0.126
 203          0.137
 204          0.081
 205          0.069
 206          0.122
 207          0.076
 208          0.084
 209          0.069
 210          0.030
 211          0.117
 212          0.165
 213          0.118
 214          0.033
 215          0.053
 216          0.067
 217          0.075
 218          0.065
 219          0.129
 220          0.149
 221          0.150
 222          0.136
 223          0.082
 224          0.098
 225          0.079
 226          0.078
 227          0.111
 228          0.060
 229          0.127
 230          0.176
 231          0.156
 232          0.082
 233          0.110
 234          0.115
 235          0.100
 236          0.120
 237          0.083
 238          0.077
 239          0.080
 240          0.083
 241          0.094
 242          0.130
 243          0.136
 244          0.076
 245          0.089
 246          0.115
 247          0.082
 248          0.042
 249          0.016
 250          0.010
 251          0.037
 252          0.042
 253          0.038
 254          0.050
 255          0.046
 256          0.035
 257          0.031
 258          0.046
 259          0.085
 260          0.076
 261          0.083
 262          0.086
 263          0.059
 264          0.106
 265          0.142
 266          0.125
 267          0.064
 268          0.026
 269          0.080
 270          0.094
 271          0.096
 272          0.077
 273          0.122
 274          0.126
 275          0.086
 276          0.080
 277          0.056
 278          0.127
 279          0.174
 280          0.245
 281          0.084
 282          0.081
 283          0.067
 284          0.065
 285          0.053
 286          0.074
 287          0.035
 288          0.051
 289          0.059
 290          0.038
 291          0.073
 292          0.050
 293          0.096
 294          0.165
 295          0.135
 296          0.134
 297          0.130
 298          0.084
 299          0.153
 300          0.108
 301          0.114
 302          0.098
 303          0.110
 304          0.175
 305          0.146
 306          0.143
 307          0.147
 308          0.111
 309          0.123
 310          0.131
 311          0.162
 312          0.187
 313          0.145
 314          0.148
 315          0.168
 316          0.191
 317          0.124
 318          0.124
 319          0.115
 320          0.118
 321          0.148
 322          0.156
 323          0.103
 324          0.084
 325          0.109
 326          0.142
 327          0.093
 328          0.116
 329          0.147
 330          0.126
 331          0.144
 332          0.166
 333          0.139
 334          0.137
 335          0.148
 336          0.090
 337          0.100
 338          0.106
 339          0.105
 340          0.148
 341          0.135
 342          0.117
 343          0.103
 344          0.116
 345          0.136
 346          0.135
 347          0.114
 348          0.110
 349          0.095
 350          0.101
 351          0.177
 352          0.123
 353          0.118
 354          0.115
 355          0.122
 356          0.117
 357          0.101
 358          0.089
 359          0.100
 360          0.090
 361          0.095
 362          0.089
 363          0.058
 364          0.034
 365          0.028
 366          0.064
 367          0.117
 368          0.119
 369          0.098
 370          0.060
 371          0.049
 372          0.047
 373          0.057
 374          0.041
 375          0.044
 376          0.057
 377          0.041
 378          0.047
 379          0.044
 380          0.024
 381          0.054
 382          0.098
 383          0.088
 384          0.168
 385          0.175
 386          0.135
 387          0.099
 388          0.091
 389          0.096
 390          0.080
 391          0.127
 392          0.155
 393          0.184
 394          0.262
 395          0.219
 396          0.221
 397          0.154
 398          0.137
 399          0.141
 400          0.126
 401          0.163
 402          0.092
 403          0.086
 404          0.084
 405          0.081
 406          0.079
 407          0.065
 408          0.086
 409          0.072
 410          0.082
 411          0.079
 412          0.067
 413          0.205
 414          0.166
 415          0.111
 416          0.074
 417          0.068
 418          0.069
 419          0.058
 420          0.096
 421          0.132
 422          0.220
 423          0.200
 424          0.206
 425          0.212
 426          0.144
 427          0.115
 428          0.139
 429          0.151
 430          0.165
 431          0.229
 432          0.218
 433          0.181
 434          0.140
 435          0.117
 436          0.134
 437          0.159
 438          0.244
 439          0.253
 440          0.249
 441          0.180
 442          0.128
 443          0.055
 444          0.063
 445          0.073
 446          0.077
 447          0.060
 448          0.040
 449          0.064
 450          0.082
 451          0.105
 452          0.156
 453          0.061
 454          0.073
 455          0.061
 456          0.056
 457          0.086
 458          0.099
 459          0.083
 460          0.110
 461          0.115
 462          0.090
 463          0.091
 464          0.099
 465          0.072
 466          0.135
 467          0.207
 468          0.318
 469          0.217
 470          0.235
 471          0.168
 472          0.119
 473          0.116
 474          0.060
 475          0.098
 476          0.094
 477          0.042
 478          0.081
 479          0.095
 480          0.097
 481          0.128
 482          0.112
 483          0.089
 484          0.083
 485          0.075
 486          0.069
 487          0.037

# Average distance: 0.113 nm
