# Atom index    Distance (nm)
   1          0.492
   2          0.378
   3          0.306
   4          0.314
   5          0.181
   6          0.103
   7          0.115
   8          0.098
   9          0.087
  10          0.014
  11          0.037
  12          0.086
  13          0.164
  14          0.114
  15          0.077
  16          0.030
  17          0.047
  18          0.076
  19          0.113
  20          0.074
  21          0.104
  22          0.257
  23          0.261
  24          0.266
  25          0.210
  26          0.090
  27          0.042
  28          0.125
  29          0.109
  30          0.122
  31          0.085
  32          0.035
  33          0.178
  34          0.198
  35          0.233
  36          0.204
  37          0.181
  38          0.112
  39          0.101
  40          0.077
  41          0.090
  42          0.089
  43          0.140
  44          0.133
  45          0.140
  46          0.217
  47          0.174
  48          0.166
  49          0.087
  50          0.103
  51          0.166
  52          0.183
  53          0.096
  54          0.062
  55          0.093
  56          0.076
  57          0.038
  58          0.037
  59          0.044
  60          0.095
  61          0.119
  62          0.119
  63          0.109
  64          0.082
  65          0.100
  66          0.037
  67          0.056
  68          0.075
  69          0.018
  70          0.063
  71          0.114
  72          0.172
  73          0.116
  74          0.068
  75          0.184
  76          0.122
  77          0.303
  78          0.305
  79          0.237
  80          0.300
  81          0.327
  82          0.103
  83          0.041
  84          0.076
  85          0.078
  86          0.075
  87          0.081
  88          0.079
  89          0.090
  90          0.122
  91          0.170
  92          0.128
  93          0.096
  94          0.070
  95          0.080
  96          0.078
  97          0.094
  98          0.060
  99          0.051
 100          0.050
 101          0.092
 102          0.100
 103          0.073
 104          0.062
 105          0.100
 106          0.116
 107          0.141
 108          0.140
 109          0.145
 110          0.151
 111          0.152
 112          0.158
 113          0.144
 114          0.169
 115          0.088
 116          0.185
 117          0.162
 118          0.216
 119          0.184
 120          0.185
 121          0.162
 122          0.198
 123          0.172
 124          0.119
 125          0.098
 126          0.106
 127          0.044
 128          0.155
 129          0.122
 130          0.086
 131          0.099
 132          0.116
 133          0.086
 134          0.068
 135          0.079
 136          0.077
 137          0.115
 138          0.117
 139          0.110
 140          0.080
 141          0.107
 142          0.140
 143          0.173
 144          0.135
 145          0.119
 146          0.113
 147          0.104
 148          0.128
 149          0.129
 150          0.188
 151          0.275
 152          0.286
 153          0.297
 154          0.241
 155          0.148
 156          0.107
 157          0.093
 158          0.118
 159          0.104
 160          0.131
 161          0.121
 162          0.131
 163          0.125
 164          0.179
 165          0.140
 166          0.173
 167          0.019
 168          0.120
 169          0.115
 170          0.079
 171          0.072
 172          0.078
 173          0.020
 174          0.063
 175          0.077
 176          0.118
 177          0.086
 178          0.119
 179          0.072
 180          0.068
 181          0.045
 182          0.047
 183          0.048
 184          0.083
 185          0.033
 186          0.032
 187          0.037
 188          0.061
 189          0.052
 190          0.016
 191          0.076
 192          0.068
 193          0.097
 194          0.071
 195          0.145
 196          0.104
 197          0.103
 198          0.084
 199          0.070
 200          0.043
 201          0.050
 202          0.092
 203          0.055
 204          0.061
 205          0.073
 206          0.069
 207          0.053
 208          0.060
 209          0.096
 210          0.121
 211          0.084
 212          0.212
 213          0.107
 214          0.049
 215          0.040
 216          0.038
 217          0.033
 218          0.044
 219          0.041
 220          0.093
 221          0.099
 222          0.112
 223          0.055
 224          0.039
 225          0.039
 226          0.041
 227          0.031
 228          0.043
 229          0.066
 230          0.135
 231          0.147
 232          0.070
 233          0.091
 234          0.058
 235          0.048
 236          0.064
 237          0.131
 238          0.131
 239          0.206
 240          0.157
 241          0.160
 242          0.155
 243          0.128
 244          0.096
 245          0.077
 246          0.049
 247          0.029
 248          0.063
 249          0.089
 250          0.105
 251          0.088
 252          0.117
 253          0.145
 254          0.152
 255          0.138
 256          0.124
 257          0.076
 258          0.083
 259          0.120
 260          0.082
 261          0.053
 262          0.064
 263          0.109
 264          0.107
 265          0.154
 266          0.143
 267          0.144
 268          0.154
 269          0.163
 270          0.241
 271          0.198
 272          0.275
 273          0.331
 274          0.224
 275          0.101
 276          0.127
 277          0.125
 278          0.166
 279          0.159
 280          0.255
 281          0.251
 282          0.208
 283          0.201
 284          0.150
 285          0.091
 286          0.171
 287          0.180
 288          0.083
 289          0.081
 290          0.098
 291          0.081
 292          0.103
 293          0.049
 294          0.207
 295          0.197
 296          0.282
 297          0.206
 298          0.076
 299          0.043
 300          0.039
 301          0.019
 302          0.052
 303          0.047
 304          0.073
 305          0.022
 306          0.025
 307          0.070
 308          0.074
 309          0.106
 310          0.114
 311          0.198
 312          0.268
 313          0.182
 314          0.171
 315          0.233
 316          0.127
 317          0.101
 318          0.114
 319          0.144
 320          0.151
 321          0.131
 322          0.145
 323          0.183
 324          0.116
 325          0.160
 326          0.186
 327          0.138
 328          0.057
 329          0.068
 330          0.095
 331          0.090
 332          0.090
 333          0.086
 334          0.165
 335          0.147
 336          0.114
 337          0.092
 338          0.078
 339          0.074
 340          0.060
 341          0.106
 342          0.107
 343          0.152
 344          0.174
 345          0.169
 346          0.213
 347          0.181
 348          0.119
 349          0.133
 350          0.132
 351          0.134
 352          0.239
 353          0.388
 354          0.288
 355          0.208
 356          0.128
 357          0.094
 358          0.150
 359          0.148
 360          0.185
 361          0.164
 362          0.160
 363          0.111
 364          0.120
 365          0.136
 366          0.152
 367          0.104
 368          0.100
 369          0.064
 370          0.046
 371          0.054
 372          0.057
 373          0.129
 374          0.102
 375          0.139
 376          0.151
 377          0.122
 378          0.106
 379          0.125
 380          0.130
 381          0.142
 382          0.111
 383          0.119
 384          0.105
 385          0.122
 386          0.142
 387          0.153
 388          0.141
 389          0.108
 390          0.100
 391          0.085
 392          0.082
 393          0.094
 394          0.129
 395          0.030
 396          0.079
 397          0.099
 398          0.074
 399          0.079
 400          0.086
 401          0.168
 402          0.150
 403          0.140
 404          0.127
 405          0.186
 406          0.164
 407          0.116
 408          0.139
 409          0.184
 410          0.202
 411          0.102
 412          0.124
 413          0.117
 414          0.134
 415          0.101
 416          0.072
 417          0.093
 418          0.088
 419          0.127
 420          0.135
 421          0.244
 422          0.377
 423          0.335
 424          0.312
 425          0.156
 426          0.054
 427          0.019
 428          0.045
 429          0.039
 430          0.056
 431          0.054
 432          0.075
 433          0.082
 434          0.047
 435          0.057
 436          0.029
 437          0.033
 438          0.020
 439          0.042
 440          0.077
 441          0.095
 442          0.154
 443          0.120
 444          0.116
 445          0.109
 446          0.067
 447          0.088
 448          0.113
 449          0.129
 450          0.083
 451          0.147
 452          0.211
 453          0.101
 454          0.135
 455          0.073
 456          0.056
 457          0.031
 458          0.058
 459          0.124
 460          0.180
 461          0.165
 462          0.112
 463          0.066
 464          0.081
 465          0.060
 466          0.092
 467          0.192
 468          0.278
 469          0.234
 470          0.116
 471          0.075
 472          0.079
 473          0.063
 474          0.069
 475          0.099
 476          0.064
 477          0.089
 478          0.094
 479          0.086
 480          0.070
 481          0.100
 482          0.085
 483          0.062
 484          0.096
 485          0.090
 486          0.158
 487          0.161

# Average distance: 0.119 nm
