# Atom index    Distance (nm)
   1          0.219
   2          0.179
   3          0.239
   4          0.235
   5          0.136
   6          0.066
   7          0.068
   8          0.053
   9          0.120
  10          0.123
  11          0.062
  12          0.051
  13          0.071
  14          0.098
  15          0.090
  16          0.077
  17          0.068
  18          0.074
  19          0.062
  20          0.050
  21          0.114
  22          0.191
  23          0.197
  24          0.096
  25          0.109
  26          0.009
  27          0.085
  28          0.076
  29          0.078
  30          0.080
  31          0.084
  32          0.078
  33          0.058
  34          0.063
  35          0.116
  36          0.171
  37          0.175
  38          0.107
  39          0.086
  40          0.059
  41          0.069
  42          0.071
  43          0.105
  44          0.067
  45          0.063
  46          0.116
  47          0.220
  48          0.236
  49          0.324
  50          0.264
  51          0.178
  52          0.104
  53          0.083
  54          0.123
  55          0.102
  56          0.053
  57          0.020
  58          0.057
  59          0.157
  60          0.165
  61          0.130
  62          0.052
  63          0.039
  64          0.040
  65          0.077
  66          0.090
  67          0.058
  68          0.069
  69          0.066
  70          0.063
  71          0.101
  72          0.107
  73          0.085
  74          0.112
  75          0.107
  76          0.080
  77          0.052
  78          0.049
  79          0.073
  80          0.056
  81          0.080
  82          0.085
  83          0.079
  84          0.073
  85          0.093
  86          0.102
  87          0.089
  88          0.085
  89          0.122
  90          0.070
  91          0.042
  92          0.064
  93          0.111
  94          0.095
  95          0.097
  96          0.096
  97          0.088
  98          0.091
  99          0.077
 100          0.070
 101          0.061
 102          0.067
 103          0.075
 104          0.103
 105          0.090
 106          0.068
 107          0.106
 108          0.123
 109          0.124
 110          0.118
 111          0.094
 112          0.105
 113          0.091
 114          0.083
 115          0.097
 116          0.125
 117          0.084
 118          0.084
 119          0.070
 120          0.099
 121          0.105
 122          0.125
 123          0.151
 124          0.103
 125          0.073
 126          0.051
 127          0.066
 128          0.053
 129          0.059
 130          0.077
 131          0.086
 132          0.112
 133          0.064
 134          0.043
 135          0.026
 136          0.030
 137          0.119
 138          0.105
 139          0.052
 140          0.059
 141          0.133
 142          0.039
 143          0.021
 144          0.030
 145          0.061
 146          0.029
 147          0.064
 148          0.044
 149          0.043
 150          0.064
 151          0.096
 152          0.128
 153          0.211
 154          0.077
 155          0.045
 156          0.065
 157          0.078
 158          0.148
 159          0.136
 160          0.126
 161          0.046
 162          0.085
 163          0.049
 164          0.119
 165          0.127
 166          0.084
 167          0.038
 168          0.026
 169          0.072
 170          0.054
 171          0.050
 172          0.069
 173          0.081
 174          0.122
 175          0.077
 176          0.097
 177          0.117
 178          0.059
 179          0.087
 180          0.070
 181          0.080
 182          0.057
 183          0.076
 184          0.067
 185          0.082
 186          0.065
 187          0.081
 188          0.028
 189          0.036
 190          0.053
 191          0.046
 192          0.049
 193          0.053
 194          0.055
 195          0.033
 196          0.051
 197          0.073
 198          0.049
 199          0.083
 200          0.104
 201          0.091
 202          0.068
 203          0.114
 204          0.056
 205          0.081
 206          0.076
 207          0.042
 208          0.053
 209          0.068
 210          0.057
 211          0.130
 212          0.088
 213          0.077
 214          0.095
 215          0.082
 216          0.104
 217          0.086
 218          0.048
 219          0.009
 220          0.065
 221          0.043
 222          0.064
 223          0.111
 224          0.107
 225          0.060
 226          0.075
 227          0.074
 228          0.098
 229          0.133
 230          0.137
 231          0.104
 232          0.075
 233          0.072
 234          0.064
 235          0.053
 236          0.043
 237          0.070
 238          0.160
 239          0.225
 240          0.228
 241          0.173
 242          0.145
 243          0.164
 244          0.214
 245          0.155
 246          0.108
 247          0.154
 248          0.105
 249          0.080
 250          0.078
 251          0.096
 252          0.062
 253          0.064
 254          0.073
 255          0.078
 256          0.053
 257          0.061
 258          0.062
 259          0.060
 260          0.060
 261          0.086
 262          0.077
 263          0.074
 264          0.066
 265          0.103
 266          0.053
 267          0.021
 268          0.020
 269          0.039
 270          0.037
 271          0.092
 272          0.106
 273          0.074
 274          0.070
 275          0.041
 276          0.068
 277          0.067
 278          0.116
 279          0.142
 280          0.135
 281          0.078
 282          0.025
 283          0.025
 284          0.037
 285          0.047
 286          0.044
 287          0.046
 288          0.038
 289          0.047
 290          0.096
 291          0.091
 292          0.092
 293          0.109
 294          0.142
 295          0.159
 296          0.140
 297          0.095
 298          0.093
 299          0.108
 300          0.092
 301          0.071
 302          0.061
 303          0.047
 304          0.047
 305          0.043
 306          0.102
 307          0.058
 308          0.073
 309          0.051
 310          0.039
 311          0.043
 312          0.049
 313          0.079
 314          0.094
 315          0.055
 316          0.039
 317          0.021
 318          0.005
 319          0.039
 320          0.086
 321          0.076
 322          0.055
 323          0.112
 324          0.093
 325          0.098
 326          0.077
 327          0.058
 328          0.081
 329          0.080
 330          0.063
 331          0.103
 332          0.083
 333          0.081
 334          0.081
 335          0.084
 336          0.052
 337          0.033
 338          0.052
 339          0.040
 340          0.078
 341          0.085
 342          0.088
 343          0.127
 344          0.118
 345          0.074
 346          0.078
 347          0.082
 348          0.075
 349          0.074
 350          0.075
 351          0.071
 352          0.057
 353          0.086
 354          0.075
 355          0.066
 356          0.063
 357          0.049
 358          0.063
 359          0.118
 360          0.106
 361          0.095
 362          0.094
 363          0.054
 364          0.067
 365          0.084
 366          0.103
 367          0.060
 368          0.067
 369          0.053
 370          0.026
 371          0.081
 372          0.076
 373          0.050
 374          0.032
 375          0.065
 376          0.052
 377          0.031
 378          0.029
 379          0.064
 380          0.042
 381          0.044
 382          0.062
 383          0.069
 384          0.184
 385          0.126
 386          0.107
 387          0.105
 388          0.034
 389          0.022
 390          0.057
 391          0.031
 392          0.043
 393          0.089
 394          0.086
 395          0.099
 396          0.054
 397          0.070
 398          0.089
 399          0.073
 400          0.072
 401          0.078
 402          0.085
 403          0.112
 404          0.067
 405          0.017
 406          0.020
 407          0.047
 408          0.051
 409          0.080
 410          0.085
 411          0.082
 412          0.085
 413          0.087
 414          0.108
 415          0.056
 416          0.077
 417          0.020
 418          0.042
 419          0.087
 420          0.063
 421          0.070
 422          0.056
 423          0.052
 424          0.087
 425          0.090
 426          0.077
 427          0.065
 428          0.093
 429          0.100
 430          0.193
 431          0.118
 432          0.066
 433          0.024
 434          0.038
 435          0.079
 436          0.072
 437          0.089
 438          0.126
 439          0.123
 440          0.113
 441          0.110
 442          0.070
 443          0.046
 444          0.038
 445          0.024
 446          0.080
 447          0.100
 448          0.067
 449          0.067
 450          0.092
 451          0.119
 452          0.143
 453          0.054
 454          0.072
 455          0.053
 456          0.069
 457          0.053
 458          0.092
 459          0.058
 460          0.092
 461          0.075
 462          0.046
 463          0.087
 464          0.089
 465          0.069
 466          0.032
 467          0.106
 468          0.108
 469          0.098
 470          0.087
 471          0.081
 472          0.060
 473          0.054
 474          0.039
 475          0.050
 476          0.095
 477          0.079
 478          0.071
 479          0.095
 480          0.092
 481          0.097
 482          0.048
 483          0.065
 484          0.052
 485          0.127
 486          0.109
 487          0.082

# Average distance: 0.082 nm
