# Atom index    Distance (nm)
   1          0.608
   2          0.461
   3          0.485
   4          0.279
   5          0.245
   6          0.093
   7          0.089
   8          0.101
   9          0.148
  10          0.070
  11          0.072
  12          0.071
  13          0.083
  14          0.088
  15          0.085
  16          0.091
  17          0.082
  18          0.089
  19          0.076
  20          0.114
  21          0.206
  22          0.268
  23          0.247
  24          0.169
  25          0.117
  26          0.088
  27          0.094
  28          0.068
  29          0.057
  30          0.063
  31          0.076
  32          0.098
  33          0.083
  34          0.082
  35          0.078
  36          0.123
  37          0.096
  38          0.042
  39          0.113
  40          0.039
  41          0.046
  42          0.071
  43          0.205
  44          0.269
  45          0.208
  46          0.252
  47          0.329
  48          0.217
  49          0.466
  50          0.311
  51          0.291
  52          0.280
  53          0.145
  54          0.165
  55          0.142
  56          0.080
  57          0.056
  58          0.061
  59          0.069
  60          0.065
  61          0.082
  62          0.097
  63          0.099
  64          0.077
  65          0.152
  66          0.180
  67          0.197
  68          0.197
  69          0.197
  70          0.211
  71          0.161
  72          0.145
  73          0.050
  74          0.078
  75          0.146
  76          0.145
  77          0.092
  78          0.169
  79          0.252
  80          0.272
  81          0.281
  82          0.210
  83          0.165
  84          0.148
  85          0.158
  86          0.181
  87          0.124
  88          0.178
  89          0.072
  90          0.104
  91          0.100
  92          0.111
  93          0.093
  94          0.062
  95          0.089
  96          0.109
  97          0.095
  98          0.134
  99          0.145
 100          0.175
 101          0.190
 102          0.188
 103          0.187
 104          0.166
 105          0.105
 106          0.097
 107          0.089
 108          0.095
 109          0.079
 110          0.074
 111          0.074
 112          0.082
 113          0.083
 114          0.133
 115          0.136
 116          0.183
 117          0.132
 118          0.138
 119          0.152
 120          0.153
 121          0.135
 122          0.129
 123          0.099
 124          0.098
 125          0.114
 126          0.072
 127          0.050
 128          0.081
 129          0.096
 130          0.161
 131          0.120
 132          0.118
 133          0.116
 134          0.068
 135          0.099
 136          0.109
 137          0.111
 138          0.055
 139          0.044
 140          0.027
 141          0.073
 142          0.051
 143          0.042
 144          0.060
 145          0.040
 146          0.020
 147          0.078
 148          0.083
 149          0.077
 150          0.091
 151          0.208
 152          0.289
 153          0.177
 154          0.043
 155          0.082
 156          0.100
 157          0.079
 158          0.055
 159          0.103
 160          0.085
 161          0.044
 162          0.110
 163          0.097
 164          0.078
 165          0.068
 166          0.046
 167          0.040
 168          0.018
 169          0.055
 170          0.070
 171          0.056
 172          0.078
 173          0.151
 174          0.139
 175          0.126
 176          0.141
 177          0.148
 178          0.129
 179          0.026
 180          0.080
 181          0.109
 182          0.113
 183          0.112
 184          0.081
 185          0.079
 186          0.050
 187          0.084
 188          0.108
 189          0.095
 190          0.070
 191          0.076
 192          0.086
 193          0.097
 194          0.109
 195          0.094
 196          0.074
 197          0.066
 198          0.073
 199          0.138
 200          0.086
 201          0.078
 202          0.130
 203          0.070
 204          0.077
 205          0.110
 206          0.052
 207          0.052
 208          0.059
 209          0.063
 210          0.025
 211          0.143
 212          0.231
 213          0.206
 214          0.107
 215          0.061
 216          0.019
 217          0.061
 218          0.058
 219          0.054
 220          0.018
 221          0.055
 222          0.036
 223          0.014
 224          0.057
 225          0.034
 226          0.044
 227          0.127
 228          0.162
 229          0.261
 230          0.424
 231          0.340
 232          0.269
 233          0.103
 234          0.113
 235          0.146
 236          0.122
 237          0.254
 238          0.384
 239          0.322
 240          0.467
 241          0.221
 242          0.108
 243          0.199
 244          0.126
 245          0.078
 246          0.057
 247          0.049
 248          0.030
 249          0.095
 250          0.133
 251          0.087
 252          0.092
 253          0.067
 254          0.055
 255          0.077
 256          0.081
 257          0.063
 258          0.067
 259          0.062
 260          0.051
 261          0.129
 262          0.093
 263          0.129
 264          0.107
 265          0.105
 266          0.102
 267          0.115
 268          0.141
 269          0.162
 270          0.181
 271          0.196
 272          0.321
 273          0.186
 274          0.163
 275          0.137
 276          0.130
 277          0.123
 278          0.073
 279          0.110
 280          0.120
 281          0.142
 282          0.157
 283          0.164
 284          0.165
 285          0.099
 286          0.093
 287          0.096
 288          0.112
 289          0.112
 290          0.091
 291          0.157
 292          0.130
 293          0.112
 294          0.129
 295          0.194
 296          0.093
 297          0.057
 298          0.141
 299          0.149
 300          0.062
 301          0.045
 302          0.124
 303          0.229
 304          0.399
 305          0.393
 306          0.278
 307          0.102
 308          0.057
 309          0.075
 310          0.067
 311          0.085
 312          0.239
 313          0.302
 314          0.197
 315          0.184
 316          0.142
 317          0.162
 318          0.176
 319          0.146
 320          0.081
 321          0.024
 322          0.050
 323          0.091
 324          0.049
 325          0.108
 326          0.107
 327          0.153
 328          0.141
 329          0.145
 330          0.168
 331          0.191
 332          0.201
 333          0.162
 334          0.123
 335          0.132
 336          0.148
 337          0.109
 338          0.135
 339          0.144
 340          0.156
 341          0.147
 342          0.187
 343          0.192
 344          0.195
 345          0.189
 346          0.192
 347          0.133
 348          0.124
 349          0.137
 350          0.116
 351          0.110
 352          0.144
 353          0.181
 354          0.213
 355          0.162
 356          0.123
 357          0.127
 358          0.098
 359          0.122
 360          0.110
 361          0.113
 362          0.089
 363          0.080
 364          0.130
 365          0.084
 366          0.110
 367          0.121
 368          0.125
 369          0.120
 370          0.102
 371          0.065
 372          0.061
 373          0.041
 374          0.061
 375          0.071
 376          0.014
 377          0.039
 378          0.082
 379          0.093
 380          0.121
 381          0.113
 382          0.097
 383          0.092
 384          0.022
 385          0.058
 386          0.075
 387          0.094
 388          0.066
 389          0.073
 390          0.095
 391          0.095
 392          0.117
 393          0.109
 394          0.092
 395          0.150
 396          0.089
 397          0.160
 398          0.113
 399          0.136
 400          0.051
 401          0.059
 402          0.057
 403          0.084
 404          0.126
 405          0.153
 406          0.138
 407          0.110
 408          0.112
 409          0.097
 410          0.108
 411          0.150
 412          0.177
 413          0.175
 414          0.141
 415          0.054
 416          0.122
 417          0.131
 418          0.116
 419          0.117
 420          0.110
 421          0.181
 422          0.129
 423          0.062
 424          0.016
 425          0.087
 426          0.084
 427          0.073
 428          0.069
 429          0.121
 430          0.233
 431          0.273
 432          0.163
 433          0.146
 434          0.123
 435          0.082
 436          0.086
 437          0.133
 438          0.151
 439          0.129
 440          0.133
 441          0.156
 442          0.146
 443          0.079
 444          0.085
 445          0.097
 446          0.140
 447          0.115
 448          0.087
 449          0.089
 450          0.112
 451          0.141
 452          0.122
 453          0.100
 454          0.114
 455          0.124
 456          0.107
 457          0.106
 458          0.137
 459          0.149
 460          0.185
 461          0.189
 462          0.128
 463          0.093
 464          0.076
 465          0.091
 466          0.082
 467          0.074
 468          0.082
 469          0.102
 470          0.125
 471          0.163
 472          0.141
 473          0.145
 474          0.119
 475          0.153
 476          0.154
 477          0.155
 478          0.142
 479          0.121
 480          0.098
 481          0.061
 482          0.042
 483          0.077
 484          0.113
 485          0.118
 486          0.109
 487          0.143

# Average distance: 0.124 nm
