# Atom index    Distance (nm)
   1          0.072
   2          0.039
   3          0.045
   4          0.026
   5          0.031
   6          0.084
   7          0.075
   8          0.066
   9          0.077
  10          0.082
  11          0.130
  12          0.147
  13          0.138
  14          0.131
  15          0.077
  16          0.094
  17          0.098
  18          0.085
  19          0.107
  20          0.168
  21          0.174
  22          0.101
  23          0.084
  24          0.140
  25          0.199
  26          0.216
  27          0.142
  28          0.099
  29          0.110
  30          0.105
  31          0.079
  32          0.056
  33          0.049
  34          0.066
  35          0.079
  36          0.096
  37          0.096
  38          0.050
  39          0.090
  40          0.093
  41          0.107
  42          0.155
  43          0.157
  44          0.131
  45          0.189
  46          0.167
  47          0.201
  48          0.150
  49          0.159
  50          0.137
  51          0.175
  52          0.179
  53          0.123
  54          0.104
  55          0.107
  56          0.109
  57          0.131
  58          0.117
  59          0.096
  60          0.106
  61          0.121
  62          0.119
  63          0.121
  64          0.137
  65          0.134
  66          0.153
  67          0.159
  68          0.155
  69          0.134
  70          0.146
  71          0.130
  72          0.139
  73          0.132
  74          0.136
  75          0.145
  76          0.091
  77          0.096
  78          0.180
  79          0.195
  80          0.191
  81          0.170
  82          0.113
  83          0.121
  84          0.124
  85          0.123
  86          0.111
  87          0.114
  88          0.082
  89          0.111
  90          0.102
  91          0.125
  92          0.161
  93          0.141
  94          0.056
  95          0.053
  96          0.080
  97          0.128
  98          0.126
  99          0.135
 100          0.123
 101          0.129
 102          0.149
 103          0.115
 104          0.095
 105          0.092
 106          0.093
 107          0.112
 108          0.103
 109          0.134
 110          0.131
 111          0.140
 112          0.150
 113          0.153
 114          0.133
 115          0.130
 116          0.161
 117          0.120
 118          0.197
 119          0.116
 120          0.040
 121          0.056
 122          0.090
 123          0.081
 124          0.086
 125          0.108
 126          0.076
 127          0.138
 128          0.112
 129          0.075
 130          0.058
 131          0.044
 132          0.073
 133          0.022
 134          0.035
 135          0.033
 136          0.027
 137          0.024
 138          0.041
 139          0.053
 140          0.037
 141          0.022
 142          0.080
 143          0.084
 144          0.042
 145          0.059
 146          0.081
 147          0.091
 148          0.074
 149          0.055
 150          0.081
 151          0.054
 152          0.114
 153          0.169
 154          0.141
 155          0.106
 156          0.094
 157          0.071
 158          0.043
 159          0.063
 160          0.040
 161          0.067
 162          0.110
 163          0.049
 164          0.041
 165          0.037
 166          0.044
 167          0.055
 168          0.049
 169          0.050
 170          0.052
 171          0.055
 172          0.020
 173          0.025
 174          0.024
 175          0.048
 176          0.063
 177          0.056
 178          0.056
 179          0.059
 180          0.101
 181          0.091
 182          0.077
 183          0.050
 184          0.094
 185          0.092
 186          0.064
 187          0.073
 188          0.087
 189          0.094
 190          0.092
 191          0.116
 192          0.093
 193          0.096
 194          0.083
 195          0.113
 196          0.128
 197          0.117
 198          0.140
 199          0.205
 200          0.213
 201          0.158
 202          0.100
 203          0.066
 204          0.081
 205          0.070
 206          0.065
 207          0.114
 208          0.105
 209          0.118
 210          0.136
 211          0.145
 212          0.159
 213          0.064
 214          0.083
 215          0.096
 216          0.068
 217          0.069
 218          0.094
 219          0.116
 220          0.106
 221          0.122
 222          0.101
 223          0.102
 224          0.066
 225          0.049
 226          0.044
 227          0.045
 228          0.069
 229          0.184
 230          0.256
 231          0.162
 232          0.059
 233          0.054
 234          0.048
 235          0.017
 236          0.066
 237          0.131
 238          0.319
 239          0.455
 240          0.206
 241          0.318
 242          0.213
 243          0.129
 244          0.133
 245          0.078
 246          0.046
 247          0.036
 248          0.033
 249          0.068
 250          0.047
 251          0.054
 252          0.057
 253          0.023
 254          0.041
 255          0.034
 256          0.038
 257          0.028
 258          0.045
 259          0.031
 260          0.041
 261          0.056
 262          0.118
 263          0.136
 264          0.103
 265          0.113
 266          0.112
 267          0.098
 268          0.103
 269          0.116
 270          0.137
 271          0.138
 272          0.087
 273          0.125
 274          0.162
 275          0.101
 276          0.080
 277          0.075
 278          0.059
 279          0.101
 280          0.110
 281          0.101
 282          0.076
 283          0.085
 284          0.099
 285          0.061
 286          0.087
 287          0.071
 288          0.079
 289          0.073
 290          0.054
 291          0.027
 292          0.027
 293          0.046
 294          0.140
 295          0.151
 296          0.135
 297          0.080
 298          0.038
 299          0.027
 300          0.053
 301          0.075
 302          0.077
 303          0.096
 304          0.070
 305          0.072
 306          0.055
 307          0.038
 308          0.076
 309          0.072
 310          0.066
 311          0.082
 312          0.134
 313          0.129
 314          0.116
 315          0.133
 316          0.094
 317          0.078
 318          0.074
 319          0.055
 320          0.072
 321          0.082
 322          0.050
 323          0.118
 324          0.024
 325          0.017
 326          0.073
 327          0.086
 328          0.044
 329          0.027
 330          0.047
 331          0.095
 332          0.082
 333          0.118
 334          0.110
 335          0.050
 336          0.021
 337          0.033
 338          0.062
 339          0.076
 340          0.085
 341          0.084
 342          0.084
 343          0.057
 344          0.131
 345          0.198
 346          0.183
 347          0.168
 348          0.118
 349          0.058
 350          0.074
 351          0.103
 352          0.113
 353          0.120
 354          0.090
 355          0.091
 356          0.086
 357          0.078
 358          0.059
 359          0.100
 360          0.177
 361          0.200
 362          0.244
 363          0.260
 364          0.248
 365          0.189
 366          0.067
 367          0.103
 368          0.150
 369          0.119
 370          0.082
 371          0.078
 372          0.085
 373          0.097
 374          0.081
 375          0.074
 376          0.059
 377          0.059
 378          0.042
 379          0.021
 380          0.057
 381          0.052
 382          0.046
 383          0.031
 384          0.079
 385          0.036
 386          0.043
 387          0.030
 388          0.042
 389          0.051
 390          0.050
 391          0.057
 392          0.070
 393          0.103
 394          0.169
 395          0.074
 396          0.076
 397          0.028
 398          0.017
 399          0.058
 400          0.044
 401          0.040
 402          0.052
 403          0.051
 404          0.070
 405          0.054
 406          0.051
 407          0.041
 408          0.024
 409          0.040
 410          0.075
 411          0.060
 412          0.085
 413          0.085
 414          0.065
 415          0.055
 416          0.050
 417          0.027
 418          0.021
 419          0.037
 420          0.059
 421          0.073
 422          0.084
 423          0.067
 424          0.055
 425          0.060
 426          0.056
 427          0.068
 428          0.084
 429          0.063
 430          0.178
 431          0.280
 432          0.109
 433          0.055
 434          0.046
 435          0.060
 436          0.059
 437          0.047
 438          0.065
 439          0.044
 440          0.021
 441          0.037
 442          0.006
 443          0.071
 444          0.070
 445          0.052
 446          0.043
 447          0.024
 448          0.029
 449          0.095
 450          0.065
 451          0.044
 452          0.024
 453          0.019
 454          0.047
 455          0.059
 456          0.020
 457          0.024
 458          0.035
 459          0.065
 460          0.151
 461          0.142
 462          0.035
 463          0.021
 464          0.034
 465          0.045
 466          0.046
 467          0.026
 468          0.039
 469          0.124
 470          0.103
 471          0.037
 472          0.039
 473          0.049
 474          0.034
 475          0.103
 476          0.099
 477          0.107
 478          0.128
 479          0.087
 480          0.030
 481          0.043
 482          0.024
 483          0.027
 484          0.060
 485          0.030
 486          0.061
 487          0.029

# Average distance: 0.090 nm
