# Atom index    Distance (nm)
   1          0.193
   2          0.151
   3          0.229
   4          0.284
   5          0.262
   6          0.158
   7          0.036
   8          0.056
   9          0.069
  10          0.079
  11          0.080
  12          0.085
  13          0.116
  14          0.093
  15          0.061
  16          0.095
  17          0.070
  18          0.036
  19          0.084
  20          0.083
  21          0.166
  22          0.141
  23          0.097
  24          0.065
  25          0.063
  26          0.047
  27          0.036
  28          0.018
  29          0.052
  30          0.059
  31          0.075
  32          0.197
  33          0.135
  34          0.072
  35          0.107
  36          0.116
  37          0.094
  38          0.038
  39          0.030
  40          0.044
  41          0.080
  42          0.127
  43          0.134
  44          0.111
  45          0.141
  46          0.183
  47          0.105
  48          0.112
  49          0.031
  50          0.088
  51          0.031
  52          0.021
  53          0.023
  54          0.117
  55          0.136
  56          0.143
  57          0.102
  58          0.103
  59          0.072
  60          0.153
  61          0.154
  62          0.072
  63          0.049
  64          0.048
  65          0.043
  66          0.046
  67          0.076
  68          0.195
  69          0.218
  70          0.097
  71          0.135
  72          0.087
  73          0.046
  74          0.047
  75          0.082
  76          0.041
  77          0.123
  78          0.057
  79          0.103
  80          0.140
  81          0.119
  82          0.115
  83          0.107
  84          0.096
  85          0.095
  86          0.085
  87          0.118
  88          0.131
  89          0.110
  90          0.073
  91          0.112
  92          0.161
  93          0.162
  94          0.073
  95          0.051
  96          0.109
  97          0.102
  98          0.081
  99          0.113
 100          0.081
 101          0.104
 102          0.109
 103          0.108
 104          0.079
 105          0.126
 106          0.081
 107          0.057
 108          0.046
 109          0.096
 110          0.100
 111          0.097
 112          0.102
 113          0.019
 114          0.045
 115          0.091
 116          0.114
 117          0.131
 118          0.194
 119          0.211
 120          0.105
 121          0.147
 122          0.178
 123          0.078
 124          0.096
 125          0.074
 126          0.050
 127          0.042
 128          0.060
 129          0.107
 130          0.082
 131          0.028
 132          0.025
 133          0.034
 134          0.034
 135          0.040
 136          0.074
 137          0.082
 138          0.104
 139          0.142
 140          0.141
 141          0.136
 142          0.141
 143          0.142
 144          0.153
 145          0.153
 146          0.135
 147          0.094
 148          0.100
 149          0.113
 150          0.137
 151          0.126
 152          0.147
 153          0.145
 154          0.118
 155          0.091
 156          0.051
 157          0.066
 158          0.100
 159          0.108
 160          0.120
 161          0.177
 162          0.171
 163          0.108
 164          0.092
 165          0.038
 166          0.068
 167          0.048
 168          0.095
 169          0.078
 170          0.055
 171          0.036
 172          0.039
 173          0.037
 174          0.038
 175          0.038
 176          0.064
 177          0.076
 178          0.065
 179          0.040
 180          0.034
 181          0.021
 182          0.023
 183          0.038
 184          0.041
 185          0.064
 186          0.065
 187          0.055
 188          0.061
 189          0.088
 190          0.044
 191          0.072
 192          0.083
 193          0.084
 194          0.031
 195          0.097
 196          0.063
 197          0.060
 198          0.084
 199          0.075
 200          0.145
 201          0.030
 202          0.056
 203          0.050
 204          0.042
 205          0.026
 206          0.034
 207          0.097
 208          0.148
 209          0.153
 210          0.160
 211          0.164
 212          0.191
 213          0.225
 214          0.155
 215          0.059
 216          0.095
 217          0.076
 218          0.074
 219          0.052
 220          0.103
 221          0.094
 222          0.101
 223          0.077
 224          0.059
 225          0.067
 226          0.066
 227          0.060
 228          0.050
 229          0.198
 230          0.284
 231          0.164
 232          0.146
 233          0.131
 234          0.050
 235          0.022
 236          0.042
 237          0.092
 238          0.158
 239          0.222
 240          0.265
 241          0.251
 242          0.167
 243          0.199
 244          0.161
 245          0.131
 246          0.124
 247          0.096
 248          0.117
 249          0.129
 250          0.113
 251          0.104
 252          0.090
 253          0.055
 254          0.066
 255          0.110
 256          0.035
 257          0.037
 258          0.051
 259          0.044
 260          0.055
 261          0.101
 262          0.139
 263          0.120
 264          0.059
 265          0.070
 266          0.071
 267          0.081
 268          0.054
 269          0.150
 270          0.238
 271          0.249
 272          0.471
 273          0.343
 274          0.201
 275          0.108
 276          0.102
 277          0.096
 278          0.105
 279          0.122
 280          0.136
 281          0.138
 282          0.062
 283          0.088
 284          0.107
 285          0.102
 286          0.030
 287          0.030
 288          0.043
 289          0.069
 290          0.082
 291          0.041
 292          0.072
 293          0.070
 294          0.115
 295          0.106
 296          0.094
 297          0.086
 298          0.065
 299          0.073
 300          0.041
 301          0.086
 302          0.065
 303          0.075
 304          0.068
 305          0.120
 306          0.106
 307          0.075
 308          0.076
 309          0.079
 310          0.125
 311          0.171
 312          0.288
 313          0.362
 314          0.365
 315          0.218
 316          0.148
 317          0.148
 318          0.088
 319          0.080
 320          0.139
 321          0.149
 322          0.185
 323          0.098
 324          0.045
 325          0.034
 326          0.086
 327          0.071
 328          0.078
 329          0.082
 330          0.051
 331          0.053
 332          0.082
 333          0.104
 334          0.081
 335          0.102
 336          0.092
 337          0.038
 338          0.057
 339          0.057
 340          0.045
 341          0.054
 342          0.038
 343          0.017
 344          0.048
 345          0.102
 346          0.085
 347          0.048
 348          0.041
 349          0.089
 350          0.102
 351          0.127
 352          0.186
 353          0.207
 354          0.235
 355          0.160
 356          0.157
 357          0.141
 358          0.100
 359          0.120
 360          0.090
 361          0.043
 362          0.023
 363          0.087
 364          0.088
 365          0.084
 366          0.097
 367          0.105
 368          0.078
 369          0.085
 370          0.034
 371          0.028
 372          0.045
 373          0.053
 374          0.056
 375          0.068
 376          0.030
 377          0.030
 378          0.018
 379          0.035
 380          0.036
 381          0.052
 382          0.078
 383          0.092
 384          0.051
 385          0.076
 386          0.075
 387          0.085
 388          0.071
 389          0.062
 390          0.048
 391          0.071
 392          0.164
 393          0.185
 394          0.278
 395          0.219
 396          0.103
 397          0.067
 398          0.042
 399          0.075
 400          0.123
 401          0.088
 402          0.116
 403          0.125
 404          0.070
 405          0.085
 406          0.075
 407          0.041
 408          0.036
 409          0.038
 410          0.054
 411          0.136
 412          0.117
 413          0.154
 414          0.062
 415          0.061
 416          0.063
 417          0.061
 418          0.063
 419          0.028
 420          0.047
 421          0.083
 422          0.061
 423          0.113
 424          0.125
 425          0.063
 426          0.043
 427          0.071
 428          0.069
 429          0.154
 430          0.254
 431          0.174
 432          0.083
 433          0.084
 434          0.112
 435          0.031
 436          0.049
 437          0.088
 438          0.121
 439          0.066
 440          0.059
 441          0.089
 442          0.139
 443          0.058
 444          0.081
 445          0.037
 446          0.082
 447          0.091
 448          0.109
 449          0.085
 450          0.066
 451          0.044
 452          0.070
 453          0.079
 454          0.044
 455          0.123
 456          0.126
 457          0.059
 458          0.048
 459          0.069
 460          0.190
 461          0.087
 462          0.114
 463          0.085
 464          0.059
 465          0.133
 466          0.105
 467          0.154
 468          0.081
 469          0.069
 470          0.266
 471          0.121
 472          0.069
 473          0.062
 474          0.072
 475          0.212
 476          0.204
 477          0.139
 478          0.131
 479          0.085
 480          0.180
 481          0.158
 482          0.110
 483          0.100
 484          0.136
 485          0.112
 486          0.092
 487          0.035

# Average distance: 0.098 nm
