# Atom index    Distance (nm)
   1          0.495
   2          0.331
   3          0.369
   4          0.263
   5          0.177
   6          0.052
   7          0.106
   8          0.117
   9          0.155
  10          0.094
  11          0.063
  12          0.059
  13          0.112
  14          0.073
  15          0.080
  16          0.067
  17          0.097
  18          0.066
  19          0.095
  20          0.136
  21          0.203
  22          0.203
  23          0.268
  24          0.260
  25          0.197
  26          0.186
  27          0.058
  28          0.077
  29          0.067
  30          0.100
  31          0.095
  32          0.170
  33          0.108
  34          0.147
  35          0.146
  36          0.144
  37          0.138
  38          0.114
  39          0.104
  40          0.086
  41          0.068
  42          0.074
  43          0.091
  44          0.069
  45          0.107
  46          0.130
  47          0.200
  48          0.271
  49          0.230
  50          0.186
  51          0.200
  52          0.165
  53          0.131
  54          0.104
  55          0.082
  56          0.065
  57          0.081
  58          0.097
  59          0.179
  60          0.200
  61          0.154
  62          0.132
  63          0.048
  64          0.066
  65          0.110
  66          0.127
  67          0.183
  68          0.178
  69          0.195
  70          0.129
  71          0.149
  72          0.110
  73          0.103
  74          0.059
  75          0.168
  76          0.148
  77          0.101
  78          0.086
  79          0.097
  80          0.052
  81          0.124
  82          0.141
  83          0.097
  84          0.101
  85          0.099
  86          0.117
  87          0.160
  88          0.157
  89          0.129
  90          0.069
  91          0.074
  92          0.081
  93          0.097
  94          0.123
  95          0.130
  96          0.121
  97          0.124
  98          0.139
  99          0.125
 100          0.156
 101          0.175
 102          0.200
 103          0.183
 104          0.151
 105          0.097
 106          0.115
 107          0.120
 108          0.120
 109          0.111
 110          0.112
 111          0.168
 112          0.232
 113          0.130
 114          0.126
 115          0.102
 116          0.144
 117          0.121
 118          0.161
 119          0.177
 120          0.109
 121          0.139
 122          0.153
 123          0.098
 124          0.093
 125          0.098
 126          0.074
 127          0.129
 128          0.182
 129          0.177
 130          0.138
 131          0.130
 132          0.183
 133          0.123
 134          0.116
 135          0.070
 136          0.046
 137          0.042
 138          0.047
 139          0.107
 140          0.155
 141          0.227
 142          0.219
 143          0.209
 144          0.229
 145          0.155
 146          0.100
 147          0.077
 148          0.083
 149          0.084
 150          0.093
 151          0.063
 152          0.166
 153          0.290
 154          0.309
 155          0.298
 156          0.105
 157          0.045
 158          0.063
 159          0.074
 160          0.147
 161          0.105
 162          0.105
 163          0.038
 164          0.056
 165          0.052
 166          0.047
 167          0.029
 168          0.029
 169          0.028
 170          0.050
 171          0.054
 172          0.093
 173          0.103
 174          0.059
 175          0.025
 176          0.087
 177          0.117
 178          0.066
 179          0.075
 180          0.052
 181          0.046
 182          0.053
 183          0.068
 184          0.037
 185          0.046
 186          0.046
 187          0.073
 188          0.057
 189          0.059
 190          0.044
 191          0.061
 192          0.108
 193          0.096
 194          0.092
 195          0.045
 196          0.030
 197          0.071
 198          0.075
 199          0.105
 200          0.107
 201          0.103
 202          0.105
 203          0.041
 204          0.075
 205          0.111
 206          0.088
 207          0.067
 208          0.048
 209          0.080
 210          0.219
 211          0.179
 212          0.258
 213          0.280
 214          0.127
 215          0.079
 216          0.086
 217          0.050
 218          0.067
 219          0.051
 220          0.084
 221          0.061
 222          0.088
 223          0.046
 224          0.066
 225          0.048
 226          0.047
 227          0.054
 228          0.114
 229          0.485
 230          0.391
 231          0.343
 232          0.041
 233          0.033
 234          0.034
 235          0.101
 236          0.095
 237          0.103
 238          0.116
 239          0.266
 240          0.064
 241          0.112
 242          0.103
 243          0.091
 244          0.040
 245          0.044
 246          0.075
 247          0.068
 248          0.122
 249          0.106
 250          0.067
 251          0.065
 252          0.102
 253          0.076
 254          0.108
 255          0.092
 256          0.093
 257          0.082
 258          0.098
 259          0.102
 260          0.088
 261          0.124
 262          0.209
 263          0.202
 264          0.214
 265          0.145
 266          0.076
 267          0.070
 268          0.124
 269          0.101
 270          0.154
 271          0.184
 272          0.170
 273          0.091
 274          0.082
 275          0.072
 276          0.081
 277          0.078
 278          0.122
 279          0.094
 280          0.192
 281          0.180
 282          0.145
 283          0.106
 284          0.092
 285          0.078
 286          0.075
 287          0.070
 288          0.067
 289          0.058
 290          0.042
 291          0.077
 292          0.066
 293          0.127
 294          0.215
 295          0.245
 296          0.211
 297          0.157
 298          0.114
 299          0.051
 300          0.029
 301          0.024
 302          0.041
 303          0.070
 304          0.158
 305          0.163
 306          0.155
 307          0.054
 308          0.028
 309          0.030
 310          0.049
 311          0.048
 312          0.068
 313          0.177
 314          0.166
 315          0.176
 316          0.090
 317          0.069
 318          0.048
 319          0.096
 320          0.112
 321          0.062
 322          0.118
 323          0.121
 324          0.088
 325          0.120
 326          0.141
 327          0.045
 328          0.048
 329          0.048
 330          0.059
 331          0.077
 332          0.076
 333          0.078
 334          0.078
 335          0.080
 336          0.091
 337          0.158
 338          0.091
 339          0.070
 340          0.078
 341          0.038
 342          0.081
 343          0.067
 344          0.150
 345          0.192
 346          0.190
 347          0.118
 348          0.106
 349          0.124
 350          0.166
 351          0.102
 352          0.154
 353          0.199
 354          0.157
 355          0.120
 356          0.055
 357          0.094
 358          0.126
 359          0.149
 360          0.198
 361          0.163
 362          0.164
 363          0.187
 364          0.177
 365          0.216
 366          0.381
 367          0.484
 368          0.302
 369          0.098
 370          0.065
 371          0.100
 372          0.110
 373          0.059
 374          0.070
 375          0.093
 376          0.084
 377          0.074
 378          0.070
 379          0.065
 380          0.068
 381          0.087
 382          0.103
 383          0.079
 384          0.097
 385          0.069
 386          0.074
 387          0.074
 388          0.078
 389          0.042
 390          0.058
 391          0.030
 392          0.107
 393          0.281
 394          0.360
 395          0.241
 396          0.138
 397          0.087
 398          0.028
 399          0.027
 400          0.107
 401          0.092
 402          0.077
 403          0.056
 404          0.079
 405          0.071
 406          0.056
 407          0.079
 408          0.079
 409          0.024
 410          0.021
 411          0.019
 412          0.038
 413          0.059
 414          0.072
 415          0.040
 416          0.038
 417          0.030
 418          0.022
 419          0.078
 420          0.080
 421          0.183
 422          0.372
 423          0.225
 424          0.137
 425          0.028
 426          0.044
 427          0.085
 428          0.070
 429          0.076
 430          0.088
 431          0.246
 432          0.259
 433          0.207
 434          0.161
 435          0.070
 436          0.060
 437          0.043
 438          0.051
 439          0.055
 440          0.070
 441          0.074
 442          0.057
 443          0.042
 444          0.070
 445          0.062
 446          0.045
 447          0.066
 448          0.035
 449          0.019
 450          0.041
 451          0.075
 452          0.087
 453          0.077
 454          0.060
 455          0.044
 456          0.037
 457          0.030
 458          0.032
 459          0.116
 460          0.117
 461          0.167
 462          0.104
 463          0.081
 464          0.065
 465          0.044
 466          0.193
 467          0.217
 468          0.257
 469          0.101
 470          0.096
 471          0.062
 472          0.066
 473          0.105
 474          0.084
 475          0.106
 476          0.023
 477          0.047
 478          0.027
 479          0.026
 480          0.031
 481          0.058
 482          0.060
 483          0.027
 484          0.075
 485          0.044
 486          0.087
 487          0.093

# Average distance: 0.111 nm
