# Atom index    Distance (nm)
   1          0.458
   2          0.373
   3          0.324
   4          0.139
   5          0.062
   6          0.076
   7          0.092
   8          0.083
   9          0.089
  10          0.100
  11          0.102
  12          0.094
  13          0.099
  14          0.087
  15          0.150
  16          0.140
  17          0.133
  18          0.111
  19          0.150
  20          0.098
  21          0.111
  22          0.106
  23          0.059
  24          0.085
  25          0.078
  26          0.083
  27          0.068
  28          0.139
  29          0.119
  30          0.138
  31          0.113
  32          0.127
  33          0.154
  34          0.137
  35          0.175
  36          0.159
  37          0.142
  38          0.084
  39          0.087
  40          0.059
  41          0.040
  42          0.050
  43          0.103
  44          0.081
  45          0.028
  46          0.091
  47          0.193
  48          0.268
  49          0.167
  50          0.050
  51          0.082
  52          0.152
  53          0.029
  54          0.053
  55          0.042
  56          0.058
  57          0.059
  58          0.044
  59          0.041
  60          0.053
  61          0.088
  62          0.083
  63          0.083
  64          0.100
  65          0.096
  66          0.041
  67          0.059
  68          0.169
  69          0.308
  70          0.176
  71          0.138
  72          0.098
  73          0.098
  74          0.110
  75          0.113
  76          0.111
  77          0.154
  78          0.115
  79          0.061
  80          0.045
  81          0.024
  82          0.061
  83          0.081
  84          0.039
  85          0.073
  86          0.105
  87          0.062
  88          0.178
  89          0.190
  90          0.137
  91          0.088
  92          0.154
  93          0.174
  94          0.081
  95          0.110
  96          0.072
  97          0.061
  98          0.120
  99          0.114
 100          0.067
 101          0.023
 102          0.122
 103          0.147
 104          0.148
 105          0.102
 106          0.075
 107          0.105
 108          0.190
 109          0.199
 110          0.215
 111          0.178
 112          0.198
 113          0.148
 114          0.163
 115          0.074
 116          0.149
 117          0.168
 118          0.159
 119          0.149
 120          0.174
 121          0.207
 122          0.151
 123          0.121
 124          0.087
 125          0.146
 126          0.076
 127          0.083
 128          0.047
 129          0.081
 130          0.065
 131          0.075
 132          0.065
 133          0.069
 134          0.052
 135          0.046
 136          0.027
 137          0.030
 138          0.035
 139          0.063
 140          0.090
 141          0.107
 142          0.114
 143          0.109
 144          0.109
 145          0.024
 146          0.036
 147          0.051
 148          0.028
 149          0.106
 150          0.203
 151          0.122
 152          0.184
 153          0.056
 154          0.081
 155          0.104
 156          0.106
 157          0.089
 158          0.096
 159          0.023
 160          0.102
 161          0.056
 162          0.031
 163          0.048
 164          0.055
 165          0.062
 166          0.058
 167          0.055
 168          0.058
 169          0.053
 170          0.064
 171          0.061
 172          0.065
 173          0.038
 174          0.042
 175          0.037
 176          0.040
 177          0.029
 178          0.071
 179          0.095
 180          0.031
 181          0.024
 182          0.030
 183          0.044
 184          0.039
 185          0.074
 186          0.041
 187          0.047
 188          0.050
 189          0.068
 190          0.049
 191          0.075
 192          0.067
 193          0.069
 194          0.098
 195          0.094
 196          0.084
 197          0.068
 198          0.100
 199          0.108
 200          0.068
 201          0.065
 202          0.076
 203          0.101
 204          0.046
 205          0.089
 206          0.110
 207          0.115
 208          0.102
 209          0.072
 210          0.078
 211          0.095
 212          0.101
 213          0.054
 214          0.076
 215          0.049
 216          0.078
 217          0.084
 218          0.075
 219          0.055
 220          0.081
 221          0.150
 222          0.085
 223          0.119
 224          0.074
 225          0.079
 226          0.085
 227          0.072
 228          0.057
 229          0.045
 230          0.051
 231          0.061
 232          0.041
 233          0.047
 234          0.069
 235          0.103
 236          0.061
 237          0.088
 238          0.056
 239          0.151
 240          0.517
 241          0.322
 242          0.101
 243          0.125
 244          0.186
 245          0.171
 246          0.082
 247          0.092
 248          0.048
 249          0.061
 250          0.034
 251          0.016
 252          0.062
 253          0.055
 254          0.084
 255          0.055
 256          0.055
 257          0.082
 258          0.069
 259          0.031
 260          0.045
 261          0.061
 262          0.051
 263          0.062
 264          0.051
 265          0.057
 266          0.078
 267          0.062
 268          0.097
 269          0.111
 270          0.112
 271          0.235
 272          0.179
 273          0.098
 274          0.127
 275          0.117
 276          0.090
 277          0.092
 278          0.117
 279          0.131
 280          0.150
 281          0.104
 282          0.066
 283          0.107
 284          0.062
 285          0.066
 286          0.064
 287          0.054
 288          0.057
 289          0.063
 290          0.042
 291          0.106
 292          0.086
 293          0.101
 294          0.100
 295          0.151
 296          0.147
 297          0.089
 298          0.095
 299          0.112
 300          0.031
 301          0.050
 302          0.086
 303          0.118
 304          0.040
 305          0.065
 306          0.085
 307          0.065
 308          0.053
 309          0.038
 310          0.036
 311          0.081
 312          0.148
 313          0.136
 314          0.109
 315          0.196
 316          0.072
 317          0.071
 318          0.060
 319          0.062
 320          0.076
 321          0.077
 322          0.086
 323          0.090
 324          0.064
 325          0.047
 326          0.029
 327          0.039
 328          0.013
 329          0.045
 330          0.067
 331          0.081
 332          0.100
 333          0.127
 334          0.095
 335          0.110
 336          0.129
 337          0.089
 338          0.031
 339          0.097
 340          0.105
 341          0.093
 342          0.115
 343          0.107
 344          0.093
 345          0.126
 346          0.171
 347          0.121
 348          0.127
 349          0.095
 350          0.084
 351          0.072
 352          0.121
 353          0.155
 354          0.153
 355          0.043
 356          0.074
 357          0.029
 358          0.050
 359          0.056
 360          0.149
 361          0.123
 362          0.157
 363          0.086
 364          0.071
 365          0.023
 366          0.079
 367          0.147
 368          0.151
 369          0.090
 370          0.043
 371          0.026
 372          0.042
 373          0.020
 374          0.025
 375          0.106
 376          0.043
 377          0.068
 378          0.084
 379          0.081
 380          0.075
 381          0.076
 382          0.070
 383          0.057
 384          0.063
 385          0.075
 386          0.084
 387          0.077
 388          0.064
 389          0.064
 390          0.044
 391          0.073
 392          0.040
 393          0.114
 394          0.111
 395          0.056
 396          0.149
 397          0.127
 398          0.073
 399          0.060
 400          0.073
 401          0.034
 402          0.035
 403          0.048
 404          0.042
 405          0.066
 406          0.047
 407          0.085
 408          0.116
 409          0.110
 410          0.084
 411          0.057
 412          0.076
 413          0.112
 414          0.117
 415          0.101
 416          0.072
 417          0.051
 418          0.053
 419          0.063
 420          0.142
 421          0.101
 422          0.118
 423          0.088
 424          0.080
 425          0.111
 426          0.067
 427          0.067
 428          0.054
 429          0.051
 430          0.177
 431          0.030
 432          0.108
 433          0.068
 434          0.091
 435          0.090
 436          0.105
 437          0.102
 438          0.099
 439          0.032
 440          0.034
 441          0.081
 442          0.067
 443          0.082
 444          0.064
 445          0.036
 446          0.070
 447          0.070
 448          0.049
 449          0.054
 450          0.109
 451          0.076
 452          0.085
 453          0.029
 454          0.031
 455          0.043
 456          0.040
 457          0.031
 458          0.032
 459          0.094
 460          0.340
 461          0.195
 462          0.070
 463          0.038
 464          0.027
 465          0.028
 466          0.054
 467          0.055
 468          0.046
 469          0.049
 470          0.124
 471          0.092
 472          0.066
 473          0.043
 474          0.045
 475          0.146
 476          0.071
 477          0.071
 478          0.068
 479          0.058
 480          0.036
 481          0.032
 482          0.087
 483          0.060
 484          0.047
 485          0.048
 486          0.064
 487          0.081

# Average distance: 0.090 nm
