# Atom index    Distance (nm)
   1          0.169
   2          0.131
   3          0.067
   4          0.077
   5          0.057
   6          0.076
   7          0.082
   8          0.082
   9          0.062
  10          0.021
  11          0.017
  12          0.051
  13          0.032
  14          0.058
  15          0.036
  16          0.022
  17          0.031
  18          0.038
  19          0.063
  20          0.067
  21          0.065
  22          0.087
  23          0.080
  24          0.095
  25          0.083
  26          0.069
  27          0.072
  28          0.052
  29          0.050
  30          0.076
  31          0.068
  32          0.092
  33          0.094
  34          0.086
  35          0.059
  36          0.123
  37          0.115
  38          0.048
  39          0.048
  40          0.028
  41          0.041
  42          0.061
  43          0.062
  44          0.104
  45          0.118
  46          0.215
  47          0.237
  48          0.211
  49          0.351
  50          0.349
  51          0.268
  52          0.158
  53          0.096
  54          0.070
  55          0.075
  56          0.077
  57          0.028
  58          0.028
  59          0.042
  60          0.065
  61          0.052
  62          0.066
  63          0.087
  64          0.090
  65          0.023
  66          0.034
  67          0.057
  68          0.058
  69          0.065
  70          0.052
  71          0.045
  72          0.051
  73          0.043
  74          0.052
  75          0.047
  76          0.053
  77          0.074
  78          0.075
  79          0.033
  80          0.042
  81          0.111
  82          0.070
  83          0.037
  84          0.067
  85          0.080
  86          0.114
  87          0.120
  88          0.084
  89          0.093
  90          0.135
  91          0.186
  92          0.146
  93          0.140
  94          0.068
  95          0.075
  96          0.081
  97          0.063
  98          0.100
  99          0.112
 100          0.086
 101          0.073
 102          0.080
 103          0.114
 104          0.082
 105          0.026
 106          0.051
 107          0.056
 108          0.050
 109          0.047
 110          0.106
 111          0.139
 112          0.115
 113          0.081
 114          0.087
 115          0.091
 116          0.114
 117          0.049
 118          0.053
 119          0.072
 120          0.093
 121          0.101
 122          0.096
 123          0.071
 124          0.058
 125          0.045
 126          0.026
 127          0.031
 128          0.053
 129          0.044
 130          0.073
 131          0.077
 132          0.049
 133          0.043
 134          0.020
 135          0.014
 136          0.033
 137          0.018
 138          0.033
 139          0.065
 140          0.054
 141          0.042
 142          0.052
 143          0.052
 144          0.072
 145          0.087
 146          0.064
 147          0.078
 148          0.098
 149          0.071
 150          0.097
 151          0.161
 152          0.198
 153          0.243
 154          0.147
 155          0.097
 156          0.077
 157          0.084
 158          0.077
 159          0.086
 160          0.101
 161          0.115
 162          0.130
 163          0.072
 164          0.069
 165          0.051
 166          0.029
 167          0.045
 168          0.048
 169          0.046
 170          0.020
 171          0.011
 172          0.041
 173          0.018
 174          0.030
 175          0.038
 176          0.081
 177          0.083
 178          0.062
 179          0.088
 180          0.070
 181          0.057
 182          0.045
 183          0.029
 184          0.037
 185          0.046
 186          0.069
 187          0.073
 188          0.083
 189          0.095
 190          0.053
 191          0.048
 192          0.027
 193          0.067
 194          0.105
 195          0.116
 196          0.099
 197          0.130
 198          0.164
 199          0.156
 200          0.154
 201          0.125
 202          0.085
 203          0.019
 204          0.105
 205          0.130
 206          0.063
 207          0.043
 208          0.049
 209          0.070
 210          0.082
 211          0.107
 212          0.120
 213          0.112
 214          0.075
 215          0.053
 216          0.050
 217          0.066
 218          0.088
 219          0.124
 220          0.141
 221          0.155
 222          0.122
 223          0.057
 224          0.088
 225          0.084
 226          0.057
 227          0.059
 228          0.077
 229          0.094
 230          0.058
 231          0.035
 232          0.042
 233          0.067
 234          0.083
 235          0.084
 236          0.080
 237          0.043
 238          0.060
 239          0.082
 240          0.134
 241          0.121
 242          0.070
 243          0.058
 244          0.090
 245          0.040
 246          0.008
 247          0.039
 248          0.040
 249          0.038
 250          0.090
 251          0.079
 252          0.033
 253          0.064
 254          0.071
 255          0.042
 256          0.031
 257          0.015
 258          0.045
 259          0.065
 260          0.102
 261          0.062
 262          0.047
 263          0.038
 264          0.067
 265          0.080
 266          0.078
 267          0.078
 268          0.042
 269          0.030
 270          0.069
 271          0.118
 272          0.104
 273          0.061
 274          0.063
 275          0.027
 276          0.019
 277          0.099
 278          0.130
 279          0.079
 280          0.109
 281          0.111
 282          0.093
 283          0.078
 284          0.083
 285          0.046
 286          0.036
 287          0.006
 288          0.027
 289          0.046
 290          0.046
 291          0.041
 292          0.096
 293          0.099
 294          0.128
 295          0.171
 296          0.235
 297          0.200
 298          0.120
 299          0.063
 300          0.037
 301          0.012
 302          0.038
 303          0.035
 304          0.060
 305          0.104
 306          0.084
 307          0.064
 308          0.014
 309          0.018
 310          0.030
 311          0.034
 312          0.037
 313          0.023
 314          0.041
 315          0.027
 316          0.041
 317          0.040
 318          0.034
 319          0.040
 320          0.054
 321          0.078
 322          0.077
 323          0.047
 324          0.054
 325          0.037
 326          0.053
 327          0.067
 328          0.063
 329          0.055
 330          0.087
 331          0.119
 332          0.109
 333          0.061
 334          0.058
 335          0.055
 336          0.065
 337          0.070
 338          0.063
 339          0.086
 340          0.080
 341          0.062
 342          0.063
 343          0.069
 344          0.039
 345          0.045
 346          0.072
 347          0.125
 348          0.079
 349          0.047
 350          0.079
 351          0.122
 352          0.127
 353          0.185
 354          0.145
 355          0.105
 356          0.100
 357          0.067
 358          0.060
 359          0.040
 360          0.092
 361          0.103
 362          0.166
 363          0.176
 364          0.163
 365          0.188
 366          0.276
 367          0.198
 368          0.097
 369          0.046
 370          0.070
 371          0.063
 372          0.051
 373          0.063
 374          0.061
 375          0.032
 376          0.024
 377          0.035
 378          0.024
 379          0.021
 380          0.048
 381          0.058
 382          0.025
 383          0.067
 384          0.082
 385          0.154
 386          0.168
 387          0.041
 388          0.019
 389          0.066
 390          0.062
 391          0.097
 392          0.071
 393          0.162
 394          0.257
 395          0.173
 396          0.210
 397          0.141
 398          0.100
 399          0.089
 400          0.132
 401          0.119
 402          0.051
 403          0.078
 404          0.069
 405          0.041
 406          0.044
 407          0.034
 408          0.048
 409          0.050
 410          0.039
 411          0.025
 412          0.021
 413          0.044
 414          0.084
 415          0.059
 416          0.034
 417          0.033
 418          0.028
 419          0.056
 420          0.053
 421          0.047
 422          0.052
 423          0.042
 424          0.058
 425          0.088
 426          0.062
 427          0.052
 428          0.093
 429          0.046
 430          0.109
 431          0.101
 432          0.123
 433          0.102
 434          0.082
 435          0.127
 436          0.133
 437          0.156
 438          0.137
 439          0.126
 440          0.133
 441          0.100
 442          0.044
 443          0.056
 444          0.040
 445          0.024
 446          0.038
 447          0.068
 448          0.054
 449          0.052
 450          0.081
 451          0.090
 452          0.067
 453          0.044
 454          0.035
 455          0.039
 456          0.088
 457          0.122
 458          0.040
 459          0.070
 460          0.102
 461          0.101
 462          0.076
 463          0.065
 464          0.061
 465          0.089
 466          0.128
 467          0.132
 468          0.136
 469          0.044
 470          0.136
 471          0.061
 472          0.057
 473          0.037
 474          0.045
 475          0.126
 476          0.115
 477          0.090
 478          0.109
 479          0.057
 480          0.078
 481          0.099
 482          0.079
 483          0.015
 484          0.020
 485          0.018
 486          0.057
 487          0.065

# Average distance: 0.077 nm
