# Atom index    Distance (nm)
   1          0.191
   2          0.370
   3          0.315
   4          0.160
   5          0.158
   6          0.131
   7          0.085
   8          0.114
   9          0.141
  10          0.094
  11          0.053
  12          0.053
  13          0.052
  14          0.038
  15          0.039
  16          0.052
  17          0.058
  18          0.037
  19          0.039
  20          0.039
  21          0.087
  22          0.060
  23          0.107
  24          0.097
  25          0.107
  26          0.078
  27          0.016
  28          0.022
  29          0.028
  30          0.029
  31          0.049
  32          0.096
  33          0.154
  34          0.151
  35          0.149
  36          0.101
  37          0.114
  38          0.116
  39          0.114
  40          0.089
  41          0.105
  42          0.108
  43          0.170
  44          0.234
  45          0.133
  46          0.184
  47          0.229
  48          0.256
  49          0.296
  50          0.278
  51          0.228
  52          0.237
  53          0.185
  54          0.156
  55          0.121
  56          0.051
  57          0.105
  58          0.111
  59          0.132
  60          0.166
  61          0.167
  62          0.125
  63          0.083
  64          0.038
  65          0.102
  66          0.104
  67          0.260
  68          0.274
  69          0.291
  70          0.255
  71          0.199
  72          0.105
  73          0.078
  74          0.107
  75          0.122
  76          0.068
  77          0.101
  78          0.095
  79          0.078
  80          0.120
  81          0.162
  82          0.138
  83          0.103
  84          0.169
  85          0.153
  86          0.200
  87          0.193
  88          0.181
  89          0.158
  90          0.126
  91          0.144
  92          0.147
  93          0.093
  94          0.128
  95          0.142
  96          0.124
  97          0.124
  98          0.193
  99          0.182
 100          0.152
 101          0.155
 102          0.219
 103          0.256
 104          0.237
 105          0.117
 106          0.062
 107          0.090
 108          0.120
 109          0.059
 110          0.042
 111          0.053
 112          0.092
 113          0.105
 114          0.087
 115          0.111
 116          0.161
 117          0.208
 118          0.146
 119          0.188
 120          0.109
 121          0.020
 122          0.047
 123          0.045
 124          0.050
 125          0.066
 126          0.073
 127          0.098
 128          0.092
 129          0.131
 130          0.117
 131          0.123
 132          0.162
 133          0.081
 134          0.062
 135          0.032
 136          0.031
 137          0.051
 138          0.060
 139          0.039
 140          0.051
 141          0.118
 142          0.131
 143          0.105
 144          0.071
 145          0.057
 146          0.048
 147          0.084
 148          0.061
 149          0.042
 150          0.093
 151          0.091
 152          0.094
 153          0.060
 154          0.059
 155          0.080
 156          0.069
 157          0.076
 158          0.124
 159          0.082
 160          0.073
 161          0.025
 162          0.066
 163          0.033
 164          0.024
 165          0.027
 166          0.026
 167          0.020
 168          0.024
 169          0.024
 170          0.027
 171          0.015
 172          0.035
 173          0.061
 174          0.091
 175          0.081
 176          0.124
 177          0.145
 178          0.115
 179          0.105
 180          0.080
 181          0.079
 182          0.075
 183          0.034
 184          0.054
 185          0.057
 186          0.050
 187          0.057
 188          0.025
 189          0.059
 190          0.062
 191          0.068
 192          0.099
 193          0.097
 194          0.074
 195          0.093
 196          0.063
 197          0.080
 198          0.098
 199          0.098
 200          0.111
 201          0.048
 202          0.032
 203          0.059
 204          0.042
 205          0.100
 206          0.118
 207          0.120
 208          0.129
 209          0.114
 210          0.089
 211          0.096
 212          0.146
 213          0.227
 214          0.068
 215          0.039
 216          0.036
 217          0.063
 218          0.133
 219          0.158
 220          0.128
 221          0.143
 222          0.091
 223          0.089
 224          0.059
 225          0.068
 226          0.077
 227          0.076
 228          0.134
 229          0.179
 230          0.182
 231          0.169
 232          0.159
 233          0.156
 234          0.100
 235          0.096
 236          0.090
 237          0.165
 238          0.246
 239          0.253
 240          0.145
 241          0.107
 242          0.125
 243          0.104
 244          0.060
 245          0.054
 246          0.112
 247          0.092
 248          0.049
 249          0.058
 250          0.057
 251          0.044
 252          0.056
 253          0.070
 254          0.069
 255          0.079
 256          0.025
 257          0.063
 258          0.066
 259          0.089
 260          0.085
 261          0.099
 262          0.158
 263          0.240
 264          0.254
 265          0.147
 266          0.107
 267          0.087
 268          0.109
 269          0.110
 270          0.110
 271          0.178
 272          0.191
 273          0.151
 274          0.133
 275          0.121
 276          0.131
 277          0.132
 278          0.149
 279          0.168
 280          0.206
 281          0.220
 282          0.154
 283          0.125
 284          0.084
 285          0.095
 286          0.080
 287          0.052
 288          0.009
 289          0.074
 290          0.075
 291          0.045
 292          0.061
 293          0.144
 294          0.148
 295          0.145
 296          0.146
 297          0.116
 298          0.097
 299          0.078
 300          0.075
 301          0.054
 302          0.049
 303          0.089
 304          0.083
 305          0.101
 306          0.089
 307          0.148
 308          0.090
 309          0.077
 310          0.106
 311          0.083
 312          0.078
 313          0.080
 314          0.150
 315          0.036
 316          0.062
 317          0.119
 318          0.122
 319          0.106
 320          0.169
 321          0.169
 322          0.215
 323          0.206
 324          0.138
 325          0.131
 326          0.108
 327          0.078
 328          0.102
 329          0.102
 330          0.050
 331          0.108
 332          0.107
 333          0.127
 334          0.090
 335          0.166
 336          0.141
 337          0.137
 338          0.166
 339          0.135
 340          0.087
 341          0.055
 342          0.052
 343          0.024
 344          0.080
 345          0.058
 346          0.040
 347          0.057
 348          0.052
 349          0.038
 350          0.033
 351          0.099
 352          0.157
 353          0.185
 354          0.185
 355          0.139
 356          0.132
 357          0.077
 358          0.087
 359          0.070
 360          0.070
 361          0.084
 362          0.049
 363          0.067
 364          0.064
 365          0.105
 366          0.112
 367          0.096
 368          0.086
 369          0.160
 370          0.142
 371          0.125
 372          0.090
 373          0.132
 374          0.060
 375          0.045
 376          0.022
 377          0.037
 378          0.045
 379          0.043
 380          0.052
 381          0.038
 382          0.052
 383          0.065
 384          0.144
 385          0.158
 386          0.095
 387          0.033
 388          0.063
 389          0.055
 390          0.042
 391          0.063
 392          0.096
 393          0.112
 394          0.119
 395          0.087
 396          0.073
 397          0.069
 398          0.049
 399          0.067
 400          0.067
 401          0.062
 402          0.047
 403          0.078
 404          0.071
 405          0.017
 406          0.015
 407          0.041
 408          0.043
 409          0.080
 410          0.026
 411          0.044
 412          0.069
 413          0.168
 414          0.169
 415          0.111
 416          0.101
 417          0.060
 418          0.091
 419          0.127
 420          0.157
 421          0.171
 422          0.225
 423          0.188
 424          0.148
 425          0.126
 426          0.156
 427          0.076
 428          0.107
 429          0.107
 430          0.107
 431          0.194
 432          0.072
 433          0.044
 434          0.037
 435          0.057
 436          0.056
 437          0.084
 438          0.092
 439          0.115
 440          0.091
 441          0.109
 442          0.078
 443          0.065
 444          0.053
 445          0.066
 446          0.064
 447          0.059
 448          0.061
 449          0.052
 450          0.063
 451          0.092
 452          0.106
 453          0.053
 454          0.025
 455          0.039
 456          0.056
 457          0.065
 458          0.105
 459          0.081
 460          0.033
 461          0.069
 462          0.053
 463          0.040
 464          0.043
 465          0.056
 466          0.063
 467          0.050
 468          0.051
 469          0.149
 470          0.100
 471          0.040
 472          0.038
 473          0.032
 474          0.050
 475          0.058
 476          0.061
 477          0.067
 478          0.109
 479          0.071
 480          0.052
 481          0.041
 482          0.042
 483          0.062
 484          0.064
 485          0.025
 486          0.037
 487          0.043

# Average distance: 0.100 nm
