# Atom index    Distance (nm)
   1          0.709
   2          0.649
   3          0.402
   4          0.342
   5          0.122
   6          0.058
   7          0.068
   8          0.057
   9          0.014
  10          0.023
  11          0.055
  12          0.054
  13          0.090
  14          0.028
  15          0.057
  16          0.063
  17          0.026
  18          0.047
  19          0.047
  20          0.065
  21          0.080
  22          0.106
  23          0.085
  24          0.098
  25          0.098
  26          0.113
  27          0.067
  28          0.030
  29          0.042
  30          0.041
  31          0.025
  32          0.087
  33          0.098
  34          0.057
  35          0.055
  36          0.068
  37          0.081
  38          0.061
  39          0.097
  40          0.074
  41          0.044
  42          0.059
  43          0.115
  44          0.131
  45          0.120
  46          0.143
  47          0.147
  48          0.184
  49          0.323
  50          0.183
  51          0.184
  52          0.176
  53          0.042
  54          0.082
  55          0.081
  56          0.124
  57          0.103
  58          0.099
  59          0.094
  60          0.088
  61          0.084
  62          0.061
  63          0.066
  64          0.066
  65          0.062
  66          0.092
  67          0.134
  68          0.080
  69          0.116
  70          0.104
  71          0.096
  72          0.063
  73          0.109
  74          0.075
  75          0.047
  76          0.075
  77          0.147
  78          0.129
  79          0.087
  80          0.124
  81          0.081
  82          0.073
  83          0.071
  84          0.045
  85          0.037
  86          0.048
  87          0.101
  88          0.075
  89          0.070
  90          0.092
  91          0.075
  92          0.076
  93          0.123
  94          0.064
  95          0.060
  96          0.058
  97          0.036
  98          0.045
  99          0.039
 100          0.051
 101          0.040
 102          0.062
 103          0.063
 104          0.072
 105          0.044
 106          0.047
 107          0.029
 108          0.084
 109          0.038
 110          0.021
 111          0.087
 112          0.102
 113          0.053
 114          0.025
 115          0.027
 116          0.046
 117          0.057
 118          0.086
 119          0.091
 120          0.086
 121          0.135
 122          0.134
 123          0.060
 124          0.029
 125          0.054
 126          0.045
 127          0.057
 128          0.049
 129          0.035
 130          0.066
 131          0.047
 132          0.042
 133          0.062
 134          0.071
 135          0.048
 136          0.066
 137          0.068
 138          0.087
 139          0.072
 140          0.074
 141          0.134
 142          0.059
 143          0.076
 144          0.100
 145          0.093
 146          0.101
 147          0.100
 148          0.078
 149          0.093
 150          0.099
 151          0.111
 152          0.202
 153          0.228
 154          0.153
 155          0.070
 156          0.047
 157          0.055
 158          0.053
 159          0.048
 160          0.066
 161          0.076
 162          0.156
 163          0.077
 164          0.070
 165          0.046
 166          0.026
 167          0.032
 168          0.029
 169          0.041
 170          0.053
 171          0.066
 172          0.031
 173          0.032
 174          0.061
 175          0.067
 176          0.050
 177          0.069
 178          0.069
 179          0.065
 180          0.052
 181          0.039
 182          0.043
 183          0.049
 184          0.026
 185          0.033
 186          0.081
 187          0.048
 188          0.050
 189          0.033
 190          0.044
 191          0.053
 192          0.062
 193          0.038
 194          0.042
 195          0.049
 196          0.051
 197          0.033
 198          0.040
 199          0.125
 200          0.133
 201          0.104
 202          0.131
 203          0.094
 204          0.042
 205          0.058
 206          0.076
 207          0.042
 208          0.052
 209          0.056
 210          0.090
 211          0.203
 212          0.365
 213          0.312
 214          0.103
 215          0.026
 216          0.054
 217          0.052
 218          0.071
 219          0.055
 220          0.081
 221          0.098
 222          0.128
 223          0.142
 224          0.078
 225          0.049
 226          0.024
 227          0.027
 228          0.007
 229          0.076
 230          0.097
 231          0.037
 232          0.064
 233          0.035
 234          0.043
 235          0.056
 236          0.041
 237          0.116
 238          0.164
 239          0.164
 240          0.094
 241          0.105
 242          0.070
 243          0.098
 244          0.089
 245          0.018
 246          0.014
 247          0.030
 248          0.055
 249          0.075
 250          0.030
 251          0.012
 252          0.050
 253          0.075
 254          0.048
 255          0.069
 256          0.020
 257          0.017
 258          0.064
 259          0.080
 260          0.106
 261          0.102
 262          0.058
 263          0.073
 264          0.084
 265          0.085
 266          0.073
 267          0.066
 268          0.107
 269          0.098
 270          0.116
 271          0.105
 272          0.141
 273          0.050
 274          0.143
 275          0.077
 276          0.100
 277          0.105
 278          0.178
 279          0.164
 280          0.176
 281          0.227
 282          0.099
 283          0.102
 284          0.070
 285          0.083
 286          0.077
 287          0.047
 288          0.023
 289          0.016
 290          0.034
 291          0.116
 292          0.177
 293          0.319
 294          0.532
 295          0.523
 296          0.422
 297          0.378
 298          0.211
 299          0.118
 300          0.115
 301          0.061
 302          0.064
 303          0.089
 304          0.095
 305          0.100
 306          0.037
 307          0.077
 308          0.072
 309          0.029
 310          0.059
 311          0.058
 312          0.085
 313          0.090
 314          0.073
 315          0.057
 316          0.077
 317          0.146
 318          0.170
 319          0.124
 320          0.154
 321          0.273
 322          0.117
 323          0.240
 324          0.217
 325          0.176
 326          0.045
 327          0.075
 328          0.064
 329          0.116
 330          0.115
 331          0.147
 332          0.150
 333          0.139
 334          0.113
 335          0.192
 336          0.229
 337          0.068
 338          0.080
 339          0.089
 340          0.092
 341          0.094
 342          0.110
 343          0.073
 344          0.089
 345          0.108
 346          0.155
 347          0.145
 348          0.119
 349          0.128
 350          0.132
 351          0.115
 352          0.112
 353          0.187
 354          0.230
 355          0.231
 356          0.130
 357          0.090
 358          0.070
 359          0.056
 360          0.159
 361          0.188
 362          0.214
 363          0.196
 364          0.114
 365          0.140
 366          0.135
 367          0.183
 368          0.189
 369          0.089
 370          0.075
 371          0.090
 372          0.103
 373          0.123
 374          0.086
 375          0.086
 376          0.012
 377          0.048
 378          0.056
 379          0.048
 380          0.049
 381          0.039
 382          0.039
 383          0.054
 384          0.057
 385          0.072
 386          0.057
 387          0.037
 388          0.056
 389          0.073
 390          0.023
 391          0.033
 392          0.034
 393          0.245
 394          0.066
 395          0.084
 396          0.100
 397          0.055
 398          0.032
 399          0.036
 400          0.077
 401          0.022
 402          0.036
 403          0.078
 404          0.029
 405          0.034
 406          0.074
 407          0.052
 408          0.038
 409          0.031
 410          0.042
 411          0.103
 412          0.092
 413          0.123
 414          0.402
 415          0.145
 416          0.103
 417          0.047
 418          0.036
 419          0.057
 420          0.075
 421          0.075
 422          0.248
 423          0.316
 424          0.236
 425          0.078
 426          0.047
 427          0.022
 428          0.048
 429          0.036
 430          0.099
 431          0.098
 432          0.112
 433          0.065
 434          0.034
 435          0.062
 436          0.053
 437          0.053
 438          0.061
 439          0.109
 440          0.129
 441          0.051
 442          0.188
 443          0.130
 444          0.062
 445          0.095
 446          0.110
 447          0.103
 448          0.117
 449          0.128
 450          0.134
 451          0.150
 452          0.162
 453          0.072
 454          0.089
 455          0.077
 456          0.074
 457          0.118
 458          0.127
 459          0.115
 460          0.151
 461          0.121
 462          0.086
 463          0.079
 464          0.028
 465          0.090
 466          0.106
 467          0.055
 468          0.094
 469          0.051
 470          0.127
 471          0.101
 472          0.056
 473          0.026
 474          0.009
 475          0.072
 476          0.067
 477          0.223
 478          0.103
 479          0.099
 480          0.086
 481          0.133
 482          0.140
 483          0.104
 484          0.095
 485          0.091
 486          0.083
 487          0.034

# Average distance: 0.094 nm
