# Atom index    Distance (nm)
   1          0.191
   2          0.199
   3          0.127
   4          0.109
   5          0.072
   6          0.058
   7          0.080
   8          0.073
   9          0.048
  10          0.047
  11          0.019
  12          0.024
  13          0.025
  14          0.055
  15          0.019
  16          0.040
  17          0.035
  18          0.029
  19          0.044
  20          0.076
  21          0.156
  22          0.222
  23          0.248
  24          0.289
  25          0.222
  26          0.183
  27          0.163
  28          0.093
  29          0.066
  30          0.044
  31          0.083
  32          0.082
  33          0.013
  34          0.032
  35          0.034
  36          0.067
  37          0.087
  38          0.062
  39          0.095
  40          0.077
  41          0.111
  42          0.109
  43          0.168
  44          0.144
  45          0.154
  46          0.232
  47          0.117
  48          0.164
  49          0.151
  50          0.146
  51          0.086
  52          0.066
  53          0.038
  54          0.085
  55          0.122
  56          0.100
  57          0.092
  58          0.062
  59          0.095
  60          0.095
  61          0.121
  62          0.129
  63          0.133
  64          0.107
  65          0.197
  66          0.210
  67          0.203
  68          0.182
  69          0.201
  70          0.180
  71          0.204
  72          0.181
  73          0.152
  74          0.151
  75          0.145
  76          0.188
  77          0.181
  78          0.178
  79          0.173
  80          0.168
  81          0.158
  82          0.174
  83          0.150
  84          0.124
  85          0.082
  86          0.052
  87          0.050
  88          0.109
  89          0.102
  90          0.082
  91          0.132
  92          0.146
  93          0.151
  94          0.128
  95          0.088
  96          0.053
  97          0.060
  98          0.092
  99          0.095
 100          0.115
 101          0.134
 102          0.126
 103          0.062
 104          0.107
 105          0.113
 106          0.090
 107          0.090
 108          0.085
 109          0.067
 110          0.069
 111          0.060
 112          0.066
 113          0.099
 114          0.186
 115          0.176
 116          0.195
 117          0.181
 118          0.196
 119          0.181
 120          0.164
 121          0.184
 122          0.128
 123          0.113
 124          0.065
 125          0.069
 126          0.070
 127          0.047
 128          0.038
 129          0.041
 130          0.062
 131          0.070
 132          0.051
 133          0.078
 134          0.066
 135          0.079
 136          0.070
 137          0.046
 138          0.017
 139          0.029
 140          0.047
 141          0.034
 142          0.028
 143          0.012
 144          0.029
 145          0.028
 146          0.043
 147          0.091
 148          0.072
 149          0.065
 150          0.079
 151          0.130
 152          0.140
 153          0.072
 154          0.097
 155          0.060
 156          0.056
 157          0.066
 158          0.054
 159          0.048
 160          0.037
 161          0.037
 162          0.051
 163          0.046
 164          0.044
 165          0.025
 166          0.035
 167          0.045
 168          0.056
 169          0.051
 170          0.088
 171          0.072
 172          0.069
 173          0.086
 174          0.084
 175          0.073
 176          0.091
 177          0.142
 178          0.060
 179          0.092
 180          0.083
 181          0.051
 182          0.077
 183          0.086
 184          0.038
 185          0.105
 186          0.054
 187          0.026
 188          0.058
 189          0.071
 190          0.040
 191          0.055
 192          0.078
 193          0.094
 194          0.048
 195          0.047
 196          0.054
 197          0.050
 198          0.034
 199          0.019
 200          0.025
 201          0.034
 202          0.013
 203          0.067
 204          0.028
 205          0.079
 206          0.090
 207          0.057
 208          0.059
 209          0.083
 210          0.094
 211          0.084
 212          0.124
 213          0.039
 214          0.044
 215          0.048
 216          0.049
 217          0.008
 218          0.050
 219          0.036
 220          0.052
 221          0.072
 222          0.047
 223          0.040
 224          0.026
 225          0.022
 226          0.037
 227          0.030
 228          0.123
 229          0.191
 230          0.151
 231          0.199
 232          0.114
 233          0.093
 234          0.080
 235          0.033
 236          0.052
 237          0.035
 238          0.041
 239          0.019
 240          0.075
 241          0.040
 242          0.050
 243          0.086
 244          0.059
 245          0.032
 246          0.020
 247          0.036
 248          0.035
 249          0.059
 250          0.023
 251          0.070
 252          0.051
 253          0.066
 254          0.051
 255          0.056
 256          0.067
 257          0.021
 258          0.028
 259          0.016
 260          0.119
 261          0.142
 262          0.166
 263          0.162
 264          0.116
 265          0.045
 266          0.039
 267          0.091
 268          0.088
 269          0.122
 270          0.166
 271          0.117
 272          0.122
 273          0.130
 274          0.087
 275          0.091
 276          0.091
 277          0.117
 278          0.071
 279          0.047
 280          0.076
 281          0.043
 282          0.022
 283          0.052
 284          0.068
 285          0.070
 286          0.060
 287          0.063
 288          0.080
 289          0.080
 290          0.068
 291          0.070
 292          0.060
 293          0.085
 294          0.189
 295          0.185
 296          0.142
 297          0.128
 298          0.063
 299          0.040
 300          0.069
 301          0.052
 302          0.074
 303          0.111
 304          0.072
 305          0.096
 306          0.111
 307          0.101
 308          0.078
 309          0.085
 310          0.095
 311          0.135
 312          0.146
 313          0.208
 314          0.201
 315          0.136
 316          0.090
 317          0.098
 318          0.091
 319          0.103
 320          0.121
 321          0.092
 322          0.136
 323          0.129
 324          0.181
 325          0.139
 326          0.139
 327          0.113
 328          0.088
 329          0.091
 330          0.092
 331          0.075
 332          0.061
 333          0.060
 334          0.074
 335          0.068
 336          0.087
 337          0.087
 338          0.076
 339          0.071
 340          0.053
 341          0.068
 342          0.062
 343          0.088
 344          0.085
 345          0.100
 346          0.148
 347          0.140
 348          0.097
 349          0.091
 350          0.151
 351          0.176
 352          0.077
 353          0.123
 354          0.171
 355          0.126
 356          0.125
 357          0.127
 358          0.089
 359          0.119
 360          0.204
 361          0.090
 362          0.142
 363          0.187
 364          0.139
 365          0.180
 366          0.171
 367          0.100
 368          0.069
 369          0.094
 370          0.050
 371          0.062
 372          0.047
 373          0.049
 374          0.040
 375          0.074
 376          0.072
 377          0.082
 378          0.083
 379          0.057
 380          0.058
 381          0.072
 382          0.081
 383          0.063
 384          0.071
 385          0.051
 386          0.076
 387          0.067
 388          0.044
 389          0.058
 390          0.047
 391          0.111
 392          0.121
 393          0.104
 394          0.127
 395          0.134
 396          0.109
 397          0.100
 398          0.053
 399          0.055
 400          0.060
 401          0.042
 402          0.024
 403          0.027
 404          0.038
 405          0.038
 406          0.060
 407          0.106
 408          0.045
 409          0.058
 410          0.064
 411          0.037
 412          0.021
 413          0.110
 414          0.084
 415          0.111
 416          0.096
 417          0.118
 418          0.017
 419          0.033
 420          0.065
 421          0.168
 422          0.208
 423          0.278
 424          0.236
 425          0.096
 426          0.085
 427          0.047
 428          0.021
 429          0.018
 430          0.135
 431          0.186
 432          0.265
 433          0.247
 434          0.171
 435          0.106
 436          0.096
 437          0.096
 438          0.131
 439          0.071
 440          0.116
 441          0.187
 442          0.168
 443          0.071
 444          0.022
 445          0.062
 446          0.067
 447          0.043
 448          0.012
 449          0.040
 450          0.098
 451          0.116
 452          0.099
 453          0.085
 454          0.090
 455          0.087
 456          0.052
 457          0.071
 458          0.057
 459          0.098
 460          0.164
 461          0.061
 462          0.101
 463          0.072
 464          0.055
 465          0.075
 466          0.074
 467          0.152
 468          0.173
 469          0.169
 470          0.226
 471          0.126
 472          0.087
 473          0.079
 474          0.106
 475          0.093
 476          0.095
 477          0.123
 478          0.096
 479          0.111
 480          0.110
 481          0.083
 482          0.083
 483          0.104
 484          0.113
 485          0.079
 486          0.106
 487          0.080

# Average distance: 0.092 nm
