# Atom index    Distance (nm)
   1          0.224
   2          0.162
   3          0.124
   4          0.154
   5          0.084
   6          0.035
   7          0.055
   8          0.061
   9          0.075
  10          0.069
  11          0.043
  12          0.049
  13          0.057
  14          0.055
  15          0.047
  16          0.036
  17          0.020
  18          0.071
  19          0.063
  20          0.019
  21          0.100
  22          0.125
  23          0.064
  24          0.054
  25          0.080
  26          0.084
  27          0.096
  28          0.064
  29          0.040
  30          0.069
  31          0.083
  32          0.117
  33          0.107
  34          0.088
  35          0.012
  36          0.048
  37          0.039
  38          0.062
  39          0.063
  40          0.080
  41          0.069
  42          0.087
  43          0.071
  44          0.083
  45          0.047
  46          0.123
  47          0.038
  48          0.095
  49          0.111
  50          0.191
  51          0.123
  52          0.183
  53          0.089
  54          0.072
  55          0.071
  56          0.062
  57          0.063
  58          0.050
  59          0.059
  60          0.051
  61          0.047
  62          0.058
  63          0.072
  64          0.074
  65          0.062
  66          0.054
  67          0.078
  68          0.168
  69          0.081
  70          0.052
  71          0.065
  72          0.015
  73          0.043
  74          0.046
  75          0.002
  76          0.023
  77          0.047
  78          0.154
  79          0.092
  80          0.084
  81          0.075
  82          0.095
  83          0.101
  84          0.050
  85          0.040
  86          0.060
  87          0.024
  88          0.021
  89          0.024
  90          0.042
  91          0.077
  92          0.020
  93          0.044
  94          0.046
  95          0.038
  96          0.062
  97          0.048
  98          0.047
  99          0.082
 100          0.071
 101          0.113
 102          0.108
 103          0.079
 104          0.071
 105          0.066
 106          0.022
 107          0.049
 108          0.121
 109          0.083
 110          0.089
 111          0.046
 112          0.072
 113          0.076
 114          0.009
 115          0.033
 116          0.038
 117          0.092
 118          0.103
 119          0.125
 120          0.082
 121          0.039
 122          0.074
 123          0.078
 124          0.050
 125          0.046
 126          0.057
 127          0.061
 128          0.059
 129          0.069
 130          0.054
 131          0.034
 132          0.042
 133          0.021
 134          0.024
 135          0.038
 136          0.036
 137          0.043
 138          0.074
 139          0.043
 140          0.064
 141          0.080
 142          0.122
 143          0.084
 144          0.051
 145          0.054
 146          0.044
 147          0.051
 148          0.025
 149          0.033
 150          0.054
 151          0.119
 152          0.107
 153          0.141
 154          0.141
 155          0.055
 156          0.065
 157          0.012
 158          0.049
 159          0.029
 160          0.036
 161          0.052
 162          0.064
 163          0.068
 164          0.063
 165          0.041
 166          0.059
 167          0.037
 168          0.054
 169          0.030
 170          0.013
 171          0.038
 172          0.118
 173          0.123
 174          0.114
 175          0.132
 176          0.091
 177          0.081
 178          0.101
 179          0.105
 180          0.121
 181          0.147
 182          0.123
 183          0.121
 184          0.100
 185          0.109
 186          0.156
 187          0.172
 188          0.137
 189          0.116
 190          0.111
 191          0.103
 192          0.119
 193          0.113
 194          0.108
 195          0.074
 196          0.077
 197          0.104
 198          0.083
 199          0.129
 200          0.135
 201          0.124
 202          0.164
 203          0.134
 204          0.131
 205          0.127
 206          0.107
 207          0.184
 208          0.185
 209          0.130
 210          0.036
 211          0.086
 212          0.125
 213          0.132
 214          0.057
 215          0.062
 216          0.042
 217          0.056
 218          0.089
 219          0.148
 220          0.225
 221          0.229
 222          0.170
 223          0.164
 224          0.079
 225          0.039
 226          0.044
 227          0.046
 228          0.063
 229          0.029
 230          0.035
 231          0.032
 232          0.018
 233          0.025
 234          0.030
 235          0.024
 236          0.144
 237          0.194
 238          0.287
 239          0.298
 240          0.234
 241          0.203
 242          0.191
 243          0.118
 244          0.093
 245          0.062
 246          0.079
 247          0.080
 248          0.056
 249          0.065
 250          0.128
 251          0.081
 252          0.079
 253          0.080
 254          0.079
 255          0.042
 256          0.081
 257          0.064
 258          0.087
 259          0.100
 260          0.068
 261          0.068
 262          0.097
 263          0.061
 264          0.028
 265          0.031
 266          0.053
 267          0.049
 268          0.015
 269          0.025
 270          0.066
 271          0.129
 272          0.127
 273          0.082
 274          0.096
 275          0.078
 276          0.075
 277          0.062
 278          0.069
 279          0.027
 280          0.034
 281          0.045
 282          0.036
 283          0.030
 284          0.037
 285          0.030
 286          0.045
 287          0.088
 288          0.087
 289          0.101
 290          0.126
 291          0.089
 292          0.041
 293          0.042
 294          0.097
 295          0.119
 296          0.116
 297          0.068
 298          0.032
 299          0.026
 300          0.038
 301          0.053
 302          0.069
 303          0.097
 304          0.108
 305          0.116
 306          0.136
 307          0.085
 308          0.058
 309          0.079
 310          0.118
 311          0.097
 312          0.103
 313          0.112
 314          0.039
 315          0.039
 316          0.078
 317          0.093
 318          0.094
 319          0.097
 320          0.089
 321          0.103
 322          0.136
 323          0.191
 324          0.172
 325          0.125
 326          0.038
 327          0.044
 328          0.032
 329          0.029
 330          0.013
 331          0.018
 332          0.050
 333          0.054
 334          0.066
 335          0.042
 336          0.091
 337          0.058
 338          0.032
 339          0.027
 340          0.062
 341          0.068
 342          0.064
 343          0.042
 344          0.059
 345          0.118
 346          0.117
 347          0.074
 348          0.074
 349          0.062
 350          0.066
 351          0.089
 352          0.145
 353          0.161
 354          0.151
 355          0.134
 356          0.079
 357          0.070
 358          0.086
 359          0.083
 360          0.085
 361          0.067
 362          0.080
 363          0.052
 364          0.042
 365          0.119
 366          0.221
 367          0.204
 368          0.099
 369          0.059
 370          0.032
 371          0.051
 372          0.086
 373          0.093
 374          0.044
 375          0.051
 376          0.059
 377          0.066
 378          0.082
 379          0.027
 380          0.030
 381          0.008
 382          0.018
 383          0.039
 384          0.068
 385          0.110
 386          0.116
 387          0.088
 388          0.060
 389          0.058
 390          0.066
 391          0.079
 392          0.121
 393          0.162
 394          0.197
 395          0.183
 396          0.121
 397          0.103
 398          0.099
 399          0.082
 400          0.060
 401          0.095
 402          0.073
 403          0.153
 404          0.105
 405          0.076
 406          0.066
 407          0.047
 408          0.047
 409          0.045
 410          0.062
 411          0.071
 412          0.149
 413          0.136
 414          0.096
 415          0.071
 416          0.086
 417          0.053
 418          0.068
 419          0.023
 420          0.028
 421          0.070
 422          0.033
 423          0.091
 424          0.081
 425          0.119
 426          0.047
 427          0.051
 428          0.064
 429          0.158
 430          0.452
 431          0.297
 432          0.248
 433          0.128
 434          0.097
 435          0.064
 436          0.084
 437          0.060
 438          0.016
 439          0.025
 440          0.032
 441          0.076
 442          0.177
 443          0.128
 444          0.069
 445          0.101
 446          0.085
 447          0.092
 448          0.102
 449          0.096
 450          0.021
 451          0.059
 452          0.110
 453          0.093
 454          0.092
 455          0.094
 456          0.097
 457          0.072
 458          0.063
 459          0.166
 460          0.249
 461          0.211
 462          0.172
 463          0.130
 464          0.113
 465          0.109
 466          0.104
 467          0.136
 468          0.203
 469          0.182
 470          0.114
 471          0.149
 472          0.142
 473          0.127
 474          0.147
 475          0.127
 476          0.138
 477          0.173
 478          0.168
 479          0.176
 480          0.142
 481          0.055
 482          0.109
 483          0.089
 484          0.069
 485          0.087
 486          0.062
 487          0.039

# Average distance: 0.085 nm
