# Atom index    Distance (nm)
   1          0.192
   2          0.185
   3          0.209
   4          0.128
   5          0.081
   6          0.051
   7          0.037
   8          0.041
   9          0.041
  10          0.075
  11          0.083
  12          0.081
  13          0.102
  14          0.071
  15          0.084
  16          0.036
  17          0.032
  18          0.024
  19          0.010
  20          0.069
  21          0.090
  22          0.096
  23          0.074
  24          0.095
  25          0.015
  26          0.024
  27          0.012
  28          0.026
  29          0.018
  30          0.052
  31          0.058
  32          0.056
  33          0.027
  34          0.039
  35          0.028
  36          0.055
  37          0.021
  38          0.020
  39          0.034
  40          0.009
  41          0.028
  42          0.046
  43          0.084
  44          0.073
  45          0.102
  46          0.181
  47          0.081
  48          0.226
  49          0.244
  50          0.098
  51          0.075
  52          0.053
  53          0.060
  54          0.062
  55          0.078
  56          0.039
  57          0.038
  58          0.039
  59          0.073
  60          0.065
  61          0.067
  62          0.063
  63          0.039
  64          0.048
  65          0.048
  66          0.073
  67          0.065
  68          0.024
  69          0.081
  70          0.063
  71          0.046
  72          0.050
  73          0.064
  74          0.028
  75          0.051
  76          0.064
  77          0.069
  78          0.091
  79          0.076
  80          0.060
  81          0.029
  82          0.028
  83          0.054
  84          0.048
  85          0.032
  86          0.057
  87          0.092
  88          0.097
  89          0.044
  90          0.047
  91          0.061
  92          0.089
  93          0.093
  94          0.065
  95          0.052
  96          0.058
  97          0.037
  98          0.052
  99          0.050
 100          0.063
 101          0.045
 102          0.090
 103          0.090
 104          0.072
 105          0.067
 106          0.032
 107          0.032
 108          0.046
 109          0.032
 110          0.023
 111          0.083
 112          0.084
 113          0.031
 114          0.066
 115          0.054
 116          0.093
 117          0.079
 118          0.031
 119          0.106
 120          0.057
 121          0.046
 122          0.040
 123          0.008
 124          0.029
 125          0.027
 126          0.047
 127          0.052
 128          0.067
 129          0.010
 130          0.005
 131          0.022
 132          0.058
 133          0.043
 134          0.047
 135          0.022
 136          0.028
 137          0.036
 138          0.030
 139          0.058
 140          0.059
 141          0.086
 142          0.114
 143          0.068
 144          0.064
 145          0.104
 146          0.091
 147          0.085
 148          0.077
 149          0.050
 150          0.070
 151          0.103
 152          0.079
 153          0.110
 154          0.072
 155          0.080
 156          0.076
 157          0.056
 158          0.091
 159          0.070
 160          0.078
 161          0.114
 162          0.127
 163          0.117
 164          0.018
 165          0.031
 166          0.013
 167          0.041
 168          0.035
 169          0.048
 170          0.043
 171          0.013
 172          0.022
 173          0.022
 174          0.077
 175          0.051
 176          0.046
 177          0.049
 178          0.060
 179          0.033
 180          0.034
 181          0.058
 182          0.052
 183          0.033
 184          0.040
 185          0.049
 186          0.038
 187          0.040
 188          0.040
 189          0.035
 190          0.021
 191          0.028
 192          0.040
 193          0.032
 194          0.053
 195          0.060
 196          0.055
 197          0.056
 198          0.107
 199          0.129
 200          0.076
 201          0.036
 202          0.059
 203          0.039
 204          0.012
 205          0.066
 206          0.036
 207          0.030
 208          0.022
 209          0.038
 210          0.054
 211          0.032
 212          0.175
 213          0.098
 214          0.087
 215          0.045
 216          0.035
 217          0.020
 218          0.044
 219          0.010
 220          0.052
 221          0.092
 222          0.108
 223          0.088
 224          0.064
 225          0.061
 226          0.042
 227          0.070
 228          0.107
 229          0.116
 230          0.139
 231          0.082
 232          0.085
 233          0.088
 234          0.043
 235          0.042
 236          0.029
 237          0.070
 238          0.081
 239          0.157
 240          0.069
 241          0.109
 242          0.138
 243          0.123
 244          0.097
 245          0.067
 246          0.079
 247          0.037
 248          0.045
 249          0.044
 250          0.033
 251          0.029
 252          0.011
 253          0.041
 254          0.041
 255          0.072
 256          0.014
 257          0.020
 258          0.049
 259          0.065
 260          0.028
 261          0.021
 262          0.039
 263          0.041
 264          0.037
 265          0.043
 266          0.041
 267          0.063
 268          0.037
 269          0.076
 270          0.127
 271          0.118
 272          0.074
 273          0.018
 274          0.025
 275          0.065
 276          0.048
 277          0.036
 278          0.026
 279          0.031
 280          0.043
 281          0.038
 282          0.046
 283          0.064
 284          0.094
 285          0.091
 286          0.067
 287          0.060
 288          0.051
 289          0.013
 290          0.041
 291          0.049
 292          0.027
 293          0.057
 294          0.060
 295          0.088
 296          0.141
 297          0.094
 298          0.037
 299          0.071
 300          0.075
 301          0.039
 302          0.037
 303          0.057
 304          0.121
 305          0.046
 306          0.078
 307          0.082
 308          0.067
 309          0.082
 310          0.088
 311          0.044
 312          0.060
 313          0.096
 314          0.156
 315          0.113
 316          0.096
 317          0.107
 318          0.108
 319          0.050
 320          0.148
 321          0.118
 322          0.149
 323          0.145
 324          0.091
 325          0.122
 326          0.083
 327          0.095
 328          0.061
 329          0.070
 330          0.064
 331          0.068
 332          0.101
 333          0.091
 334          0.026
 335          0.033
 336          0.032
 337          0.030
 338          0.041
 339          0.043
 340          0.057
 341          0.036
 342          0.040
 343          0.039
 344          0.082
 345          0.091
 346          0.038
 347          0.078
 348          0.059
 349          0.075
 350          0.040
 351          0.053
 352          0.073
 353          0.097
 354          0.127
 355          0.086
 356          0.068
 357          0.058
 358          0.066
 359          0.078
 360          0.069
 361          0.140
 362          0.099
 363          0.131
 364          0.141
 365          0.077
 366          0.073
 367          0.039
 368          0.044
 369          0.051
 370          0.037
 371          0.038
 372          0.061
 373          0.049
 374          0.037
 375          0.044
 376          0.032
 377          0.036
 378          0.025
 379          0.028
 380          0.025
 381          0.019
 382          0.029
 383          0.050
 384          0.099
 385          0.082
 386          0.027
 387          0.037
 388          0.028
 389          0.037
 390          0.018
 391          0.041
 392          0.057
 393          0.046
 394          0.113
 395          0.106
 396          0.080
 397          0.089
 398          0.037
 399          0.052
 400          0.047
 401          0.048
 402          0.043
 403          0.038
 404          0.041
 405          0.043
 406          0.039
 407          0.038
 408          0.035
 409          0.062
 410          0.064
 411          0.087
 412          0.064
 413          0.037
 414          0.053
 415          0.089
 416          0.079
 417          0.033
 418          0.036
 419          0.050
 420          0.068
 421          0.095
 422          0.114
 423          0.125
 424          0.055
 425          0.061
 426          0.049
 427          0.056
 428          0.100
 429          0.124
 430          0.106
 431          0.078
 432          0.084
 433          0.093
 434          0.088
 435          0.088
 436          0.105
 437          0.103
 438          0.078
 439          0.062
 440          0.118
 441          0.115
 442          0.050
 443          0.069
 444          0.043
 445          0.018
 446          0.061
 447          0.052
 448          0.075
 449          0.085
 450          0.069
 451          0.081
 452          0.085
 453          0.062
 454          0.045
 455          0.024
 456          0.027
 457          0.045
 458          0.047
 459          0.047
 460          0.102
 461          0.092
 462          0.086
 463          0.092
 464          0.048
 465          0.069
 466          0.065
 467          0.141
 468          0.075
 469          0.107
 470          0.170
 471          0.081
 472          0.051
 473          0.024
 474          0.030
 475          0.077
 476          0.091
 477          0.080
 478          0.075
 479          0.097
 480          0.122
 481          0.149
 482          0.128
 483          0.077
 484          0.070
 485          0.021
 486          0.025
 487          0.040

# Average distance: 0.064 nm
