# Atom index    Distance (nm)
   1          0.645
   2          0.235
   3          0.406
   4          0.253
   5          0.057
   6          0.065
   7          0.050
   8          0.031
   9          0.033
  10          0.010
  11          0.039
  12          0.036
  13          0.040
  14          0.064
  15          0.062
  16          0.046
  17          0.043
  18          0.056
  19          0.066
  20          0.077
  21          0.123
  22          0.152
  23          0.069
  24          0.077
  25          0.076
  26          0.089
  27          0.015
  28          0.024
  29          0.013
  30          0.039
  31          0.043
  32          0.088
  33          0.083
  34          0.050
  35          0.061
  36          0.111
  37          0.056
  38          0.030
  39          0.020
  40          0.035
  41          0.026
  42          0.029
  43          0.071
  44          0.122
  45          0.158
  46          0.139
  47          0.132
  48          0.268
  49          0.076
  50          0.101
  51          0.040
  52          0.077
  53          0.052
  54          0.108
  55          0.110
  56          0.049
  57          0.020
  58          0.080
  59          0.055
  60          0.075
  61          0.063
  62          0.058
  63          0.030
  64          0.024
  65          0.043
  66          0.105
  67          0.077
  68          0.037
  69          0.038
  70          0.118
  71          0.072
  72          0.039
  73          0.077
  74          0.046
  75          0.038
  76          0.028
  77          0.070
  78          0.104
  79          0.089
  80          0.097
  81          0.106
  82          0.114
  83          0.091
  84          0.095
  85          0.102
  86          0.113
  87          0.175
  88          0.180
  89          0.242
  90          0.215
  91          0.259
  92          0.256
  93          0.211
  94          0.148
  95          0.129
  96          0.095
  97          0.091
  98          0.097
  99          0.093
 100          0.098
 101          0.110
 102          0.107
 103          0.127
 104          0.098
 105          0.047
 106          0.035
 107          0.036
 108          0.029
 109          0.016
 110          0.030
 111          0.032
 112          0.042
 113          0.055
 114          0.070
 115          0.067
 116          0.114
 117          0.109
 118          0.094
 119          0.099
 120          0.086
 121          0.084
 122          0.081
 123          0.029
 124          0.072
 125          0.049
 126          0.022
 127          0.015
 128          0.047
 129          0.037
 130          0.048
 131          0.051
 132          0.051
 133          0.064
 134          0.041
 135          0.033
 136          0.043
 137          0.072
 138          0.054
 139          0.061
 140          0.077
 141          0.120
 142          0.115
 143          0.088
 144          0.082
 145          0.067
 146          0.082
 147          0.075
 148          0.038
 149          0.019
 150          0.141
 151          0.123
 152          0.278
 153          0.314
 154          0.163
 155          0.043
 156          0.039
 157          0.038
 158          0.072
 159          0.053
 160          0.041
 161          0.042
 162          0.069
 163          0.121
 164          0.040
 165          0.046
 166          0.069
 167          0.062
 168          0.047
 169          0.032
 170          0.079
 171          0.054
 172          0.064
 173          0.077
 174          0.099
 175          0.131
 176          0.118
 177          0.163
 178          0.100
 179          0.079
 180          0.119
 181          0.101
 182          0.052
 183          0.053
 184          0.034
 185          0.102
 186          0.063
 187          0.055
 188          0.048
 189          0.050
 190          0.017
 191          0.054
 192          0.111
 193          0.121
 194          0.063
 195          0.033
 196          0.038
 197          0.081
 198          0.128
 199          0.153
 200          0.188
 201          0.259
 202          0.287
 203          0.212
 204          0.128
 205          0.126
 206          0.106
 207          0.151
 208          0.128
 209          0.114
 210          0.147
 211          0.059
 212          0.102
 213          0.071
 214          0.076
 215          0.095
 216          0.109
 217          0.082
 218          0.104
 219          0.122
 220          0.140
 221          0.181
 222          0.142
 223          0.103
 224          0.131
 225          0.102
 226          0.100
 227          0.094
 228          0.142
 229          0.183
 230          0.174
 231          0.161
 232          0.124
 233          0.126
 234          0.091
 235          0.082
 236          0.161
 237          0.153
 238          0.079
 239          0.060
 240          0.090
 241          0.131
 242          0.076
 243          0.126
 244          0.054
 245          0.166
 246          0.104
 247          0.068
 248          0.007
 249          0.066
 250          0.065
 251          0.084
 252          0.055
 253          0.055
 254          0.046
 255          0.047
 256          0.056
 257          0.051
 258          0.036
 259          0.031
 260          0.034
 261          0.034
 262          0.178
 263          0.115
 264          0.112
 265          0.063
 266          0.045
 267          0.034
 268          0.060
 269          0.105
 270          0.085
 271          0.066
 272          0.281
 273          0.231
 274          0.124
 275          0.080
 276          0.068
 277          0.065
 278          0.075
 279          0.040
 280          0.057
 281          0.051
 282          0.048
 283          0.108
 284          0.039
 285          0.041
 286          0.052
 287          0.085
 288          0.056
 289          0.051
 290          0.090
 291          0.107
 292          0.051
 293          0.075
 294          0.131
 295          0.122
 296          0.086
 297          0.108
 298          0.082
 299          0.070
 300          0.069
 301          0.041
 302          0.034
 303          0.050
 304          0.083
 305          0.089
 306          0.079
 307          0.065
 308          0.033
 309          0.056
 310          0.075
 311          0.064
 312          0.095
 313          0.145
 314          0.102
 315          0.087
 316          0.071
 317          0.061
 318          0.104
 319          0.057
 320          0.065
 321          0.072
 322          0.079
 323          0.041
 324          0.031
 325          0.078
 326          0.028
 327          0.034
 328          0.033
 329          0.033
 330          0.059
 331          0.088
 332          0.121
 333          0.086
 334          0.077
 335          0.039
 336          0.063
 337          0.081
 338          0.063
 339          0.102
 340          0.093
 341          0.071
 342          0.069
 343          0.060
 344          0.065
 345          0.058
 346          0.084
 347          0.081
 348          0.081
 349          0.086
 350          0.082
 351          0.099
 352          0.108
 353          0.103
 354          0.255
 355          0.286
 356          0.073
 357          0.023
 358          0.065
 359          0.084
 360          0.092
 361          0.094
 362          0.127
 363          0.183
 364          0.176
 365          0.184
 366          0.229
 367          0.224
 368          0.117
 369          0.082
 370          0.022
 371          0.018
 372          0.037
 373          0.025
 374          0.081
 375          0.087
 376          0.053
 377          0.074
 378          0.067
 379          0.062
 380          0.062
 381          0.047
 382          0.039
 383          0.107
 384          0.134
 385          0.152
 386          0.166
 387          0.136
 388          0.093
 389          0.078
 390          0.079
 391          0.160
 392          0.248
 393          0.297
 394          0.363
 395          0.278
 396          0.190
 397          0.169
 398          0.104
 399          0.144
 400          0.111
 401          0.122
 402          0.087
 403          0.062
 404          0.061
 405          0.092
 406          0.089
 407          0.054
 408          0.056
 409          0.038
 410          0.080
 411          0.078
 412          0.076
 413          0.086
 414          0.175
 415          0.120
 416          0.045
 417          0.046
 418          0.061
 419          0.068
 420          0.048
 421          0.049
 422          0.106
 423          0.141
 424          0.119
 425          0.024
 426          0.043
 427          0.028
 428          0.082
 429          0.117
 430          0.118
 431          0.138
 432          0.126
 433          0.075
 434          0.099
 435          0.094
 436          0.074
 437          0.064
 438          0.109
 439          0.051
 440          0.082
 441          0.136
 442          0.097
 443          0.086
 444          0.041
 445          0.068
 446          0.067
 447          0.043
 448          0.025
 449          0.068
 450          0.060
 451          0.026
 452          0.025
 453          0.025
 454          0.029
 455          0.087
 456          0.031
 457          0.068
 458          0.062
 459          0.163
 460          0.228
 461          0.090
 462          0.108
 463          0.108
 464          0.115
 465          0.138
 466          0.172
 467          0.168
 468          0.109
 469          0.179
 470          0.097
 471          0.149
 472          0.130
 473          0.094
 474          0.048
 475          0.121
 476          0.145
 477          0.097
 478          0.043
 479          0.068
 480          0.019
 481          0.057
 482          0.095
 483          0.073
 484          0.037
 485          0.102
 486          0.110
 487          0.047

# Average distance: 0.091 nm
