# Atom index    Distance (nm)
   1          0.253
   2          0.250
   3          0.299
   4          0.133
   5          0.110
   6          0.084
   7          0.056
   8          0.062
   9          0.109
  10          0.094
  11          0.099
  12          0.093
  13          0.137
  14          0.171
  15          0.188
  16          0.125
  17          0.056
  18          0.095
  19          0.066
  20          0.083
  21          0.117
  22          0.165
  23          0.108
  24          0.121
  25          0.127
  26          0.123
  27          0.115
  28          0.131
  29          0.131
  30          0.131
  31          0.084
  32          0.058
  33          0.049
  34          0.064
  35          0.073
  36          0.093
  37          0.085
  38          0.035
  39          0.037
  40          0.037
  41          0.074
  42          0.052
  43          0.104
  44          0.155
  45          0.092
  46          0.267
  47          0.287
  48          0.317
  49          0.314
  50          0.317
  51          0.178
  52          0.125
  53          0.123
  54          0.121
  55          0.130
  56          0.102
  57          0.111
  58          0.108
  59          0.092
  60          0.141
  61          0.156
  62          0.152
  63          0.137
  64          0.116
  65          0.125
  66          0.178
  67          0.165
  68          0.180
  69          0.203
  70          0.176
  71          0.191
  72          0.160
  73          0.155
  74          0.149
  75          0.157
  76          0.168
  77          0.232
  78          0.278
  79          0.257
  80          0.259
  81          0.207
  82          0.162
  83          0.169
  84          0.178
  85          0.103
  86          0.076
  87          0.175
  88          0.185
  89          0.152
  90          0.087
  91          0.140
  92          0.160
  93          0.089
  94          0.078
  95          0.142
  96          0.119
  97          0.098
  98          0.129
  99          0.157
 100          0.191
 101          0.178
 102          0.206
 103          0.175
 104          0.195
 105          0.132
 106          0.128
 107          0.124
 108          0.139
 109          0.120
 110          0.111
 111          0.140
 112          0.139
 113          0.150
 114          0.103
 115          0.124
 116          0.163
 117          0.163
 118          0.170
 119          0.210
 120          0.171
 121          0.163
 122          0.111
 123          0.120
 124          0.112
 125          0.120
 126          0.100
 127          0.094
 128          0.060
 129          0.095
 130          0.088
 131          0.075
 132          0.047
 133          0.040
 134          0.059
 135          0.087
 136          0.098
 137          0.132
 138          0.125
 139          0.116
 140          0.139
 141          0.125
 142          0.025
 143          0.037
 144          0.107
 145          0.065
 146          0.084
 147          0.098
 148          0.047
 149          0.100
 150          0.118
 151          0.221
 152          0.316
 153          0.110
 154          0.079
 155          0.101
 156          0.094
 157          0.074
 158          0.070
 159          0.090
 160          0.099
 161          0.131
 162          0.129
 163          0.106
 164          0.032
 165          0.042
 166          0.033
 167          0.052
 168          0.050
 169          0.079
 170          0.125
 171          0.102
 172          0.076
 173          0.081
 174          0.141
 175          0.175
 176          0.191
 177          0.247
 178          0.235
 179          0.124
 180          0.101
 181          0.106
 182          0.100
 183          0.100
 184          0.088
 185          0.056
 186          0.056
 187          0.068
 188          0.069
 189          0.113
 190          0.115
 191          0.127
 192          0.108
 193          0.103
 194          0.136
 195          0.120
 196          0.111
 197          0.095
 198          0.080
 199          0.131
 200          0.164
 201          0.129
 202          0.183
 203          0.154
 204          0.129
 205          0.141
 206          0.105
 207          0.139
 208          0.161
 209          0.122
 210          0.070
 211          0.150
 212          0.129
 213          0.129
 214          0.140
 215          0.176
 216          0.187
 217          0.130
 218          0.130
 219          0.161
 220          0.249
 221          0.243
 222          0.179
 223          0.131
 224          0.120
 225          0.133
 226          0.209
 227          0.135
 228          0.221
 229          0.239
 230          0.299
 231          0.259
 232          0.160
 233          0.151
 234          0.101
 235          0.113
 236          0.144
 237          0.328
 238          0.466
 239          0.390
 240          0.490
 241          0.411
 242          0.337
 243          0.419
 244          0.345
 245          0.265
 246          0.239
 247          0.244
 248          0.139
 249          0.137
 250          0.142
 251          0.156
 252          0.125
 253          0.085
 254          0.104
 255          0.095
 256          0.056
 257          0.068
 258          0.069
 259          0.064
 260          0.103
 261          0.097
 262          0.114
 263          0.124
 264          0.125
 265          0.092
 266          0.070
 267          0.079
 268          0.113
 269          0.168
 270          0.116
 271          0.194
 272          0.235
 273          0.143
 274          0.076
 275          0.079
 276          0.094
 277          0.049
 278          0.130
 279          0.107
 280          0.167
 281          0.153
 282          0.148
 283          0.095
 284          0.077
 285          0.018
 286          0.050
 287          0.036
 288          0.063
 289          0.099
 290          0.097
 291          0.129
 292          0.153
 293          0.211
 294          0.143
 295          0.289
 296          0.272
 297          0.194
 298          0.188
 299          0.165
 300          0.098
 301          0.068
 302          0.063
 303          0.064
 304          0.100
 305          0.080
 306          0.106
 307          0.049
 308          0.057
 309          0.079
 310          0.120
 311          0.118
 312          0.106
 313          0.079
 314          0.067
 315          0.112
 316          0.162
 317          0.145
 318          0.067
 319          0.030
 320          0.080
 321          0.070
 322          0.068
 323          0.041
 324          0.064
 325          0.114
 326          0.139
 327          0.112
 328          0.063
 329          0.115
 330          0.168
 331          0.190
 332          0.174
 333          0.141
 334          0.132
 335          0.147
 336          0.109
 337          0.042
 338          0.052
 339          0.100
 340          0.167
 341          0.195
 342          0.221
 343          0.215
 344          0.321
 345          0.284
 346          0.328
 347          0.273
 348          0.216
 349          0.197
 350          0.232
 351          0.239
 352          0.254
 353          0.283
 354          0.250
 355          0.197
 356          0.158
 357          0.119
 358          0.135
 359          0.158
 360          0.239
 361          0.255
 362          0.284
 363          0.198
 364          0.178
 365          0.115
 366          0.171
 367          0.218
 368          0.208
 369          0.132
 370          0.102
 371          0.110
 372          0.055
 373          0.087
 374          0.071
 375          0.054
 376          0.052
 377          0.072
 378          0.054
 379          0.078
 380          0.076
 381          0.119
 382          0.125
 383          0.093
 384          0.087
 385          0.054
 386          0.057
 387          0.097
 388          0.099
 389          0.092
 390          0.088
 391          0.088
 392          0.077
 393          0.222
 394          0.276
 395          0.176
 396          0.152
 397          0.050
 398          0.054
 399          0.074
 400          0.087
 401          0.080
 402          0.078
 403          0.058
 404          0.135
 405          0.124
 406          0.103
 407          0.090
 408          0.104
 409          0.070
 410          0.084
 411          0.086
 412          0.034
 413          0.049
 414          0.046
 415          0.061
 416          0.063
 417          0.046
 418          0.018
 419          0.059
 420          0.037
 421          0.073
 422          0.108
 423          0.280
 424          0.219
 425          0.088
 426          0.086
 427          0.082
 428          0.115
 429          0.140
 430          0.137
 431          0.204
 432          0.173
 433          0.177
 434          0.118
 435          0.089
 436          0.072
 437          0.161
 438          0.129
 439          0.131
 440          0.115
 441          0.082
 442          0.029
 443          0.049
 444          0.061
 445          0.039
 446          0.031
 447          0.033
 448          0.073
 449          0.108
 450          0.088
 451          0.106
 452          0.105
 453          0.087
 454          0.088
 455          0.078
 456          0.074
 457          0.044
 458          0.034
 459          0.043
 460          0.041
 461          0.077
 462          0.062
 463          0.079
 464          0.018
 465          0.045
 466          0.096
 467          0.039
 468          0.067
 469          0.208
 470          0.123
 471          0.111
 472          0.116
 473          0.047
 474          0.060
 475          0.136
 476          0.144
 477          0.200
 478          0.189
 479          0.116
 480          0.101
 481          0.128
 482          0.058
 483          0.017
 484          0.098
 485          0.085
 486          0.104
 487          0.113

# Average distance: 0.129 nm
