# Atom index    Distance (nm)
   1          0.154
   2          0.131
   3          0.251
   4          0.187
   5          0.113
   6          0.035
   7          0.068
   8          0.051
   9          0.033
  10          0.043
  11          0.040
  12          0.048
  13          0.037
  14          0.071
  15          0.067
  16          0.049
  17          0.042
  18          0.081
  19          0.061
  20          0.056
  21          0.059
  22          0.091
  23          0.076
  24          0.075
  25          0.021
  26          0.040
  27          0.049
  28          0.098
  29          0.080
  30          0.072
  31          0.050
  32          0.056
  33          0.038
  34          0.071
  35          0.092
  36          0.107
  37          0.115
  38          0.112
  39          0.147
  40          0.136
  41          0.133
  42          0.135
  43          0.169
  44          0.219
  45          0.214
  46          0.201
  47          0.209
  48          0.359
  49          0.241
  50          0.258
  51          0.250
  52          0.234
  53          0.202
  54          0.163
  55          0.112
  56          0.097
  57          0.161
  58          0.173
  59          0.157
  60          0.115
  61          0.154
  62          0.127
  63          0.098
  64          0.039
  65          0.056
  66          0.088
  67          0.111
  68          0.135
  69          0.135
  70          0.057
  71          0.080
  72          0.047
  73          0.024
  74          0.039
  75          0.059
  76          0.054
  77          0.122
  78          0.192
  79          0.192
  80          0.189
  81          0.161
  82          0.114
  83          0.096
  84          0.111
  85          0.117
  86          0.183
  87          0.153
  88          0.058
  89          0.090
  90          0.079
  91          0.104
  92          0.072
  93          0.024
  94          0.027
  95          0.036
  96          0.037
  97          0.081
  98          0.151
  99          0.138
 100          0.150
 101          0.170
 102          0.158
 103          0.198
 104          0.162
 105          0.096
 106          0.072
 107          0.050
 108          0.069
 109          0.089
 110          0.091
 111          0.069
 112          0.058
 113          0.045
 114          0.040
 115          0.086
 116          0.132
 117          0.092
 118          0.124
 119          0.060
 120          0.027
 121          0.056
 122          0.058
 123          0.052
 124          0.046
 125          0.027
 126          0.066
 127          0.050
 128          0.052
 129          0.041
 130          0.028
 131          0.038
 132          0.048
 133          0.042
 134          0.040
 135          0.037
 136          0.042
 137          0.013
 138          0.038
 139          0.029
 140          0.045
 141          0.055
 142          0.027
 143          0.070
 144          0.041
 145          0.040
 146          0.057
 147          0.025
 148          0.052
 149          0.092
 150          0.085
 151          0.024
 152          0.059
 153          0.073
 154          0.016
 155          0.089
 156          0.024
 157          0.028
 158          0.033
 159          0.039
 160          0.035
 161          0.028
 162          0.027
 163          0.060
 164          0.065
 165          0.047
 166          0.048
 167          0.036
 168          0.036
 169          0.055
 170          0.080
 171          0.058
 172          0.046
 173          0.075
 174          0.073
 175          0.117
 176          0.132
 177          0.118
 178          0.085
 179          0.045
 180          0.052
 181          0.038
 182          0.036
 183          0.059
 184          0.065
 185          0.078
 186          0.051
 187          0.075
 188          0.036
 189          0.050
 190          0.020
 191          0.036
 192          0.071
 193          0.068
 194          0.040
 195          0.031
 196          0.044
 197          0.057
 198          0.054
 199          0.135
 200          0.080
 201          0.076
 202          0.074
 203          0.062
 204          0.068
 205          0.047
 206          0.025
 207          0.038
 208          0.024
 209          0.025
 210          0.028
 211          0.041
 212          0.043
 213          0.044
 214          0.030
 215          0.013
 216          0.009
 217          0.053
 218          0.071
 219          0.055
 220          0.065
 221          0.083
 222          0.120
 223          0.127
 224          0.092
 225          0.082
 226          0.071
 227          0.067
 228          0.077
 229          0.134
 230          0.113
 231          0.074
 232          0.065
 233          0.057
 234          0.065
 235          0.058
 236          0.060
 237          0.078
 238          0.180
 239          0.114
 240          0.097
 241          0.132
 242          0.018
 243          0.043
 244          0.024
 245          0.056
 246          0.062
 247          0.114
 248          0.027
 249          0.026
 250          0.072
 251          0.075
 252          0.032
 253          0.028
 254          0.070
 255          0.109
 256          0.076
 257          0.105
 258          0.048
 259          0.044
 260          0.027
 261          0.060
 262          0.094
 263          0.075
 264          0.066
 265          0.049
 266          0.044
 267          0.058
 268          0.049
 269          0.117
 270          0.143
 271          0.173
 272          0.070
 273          0.104
 274          0.114
 275          0.086
 276          0.095
 277          0.087
 278          0.062
 279          0.075
 280          0.071
 281          0.057
 282          0.029
 283          0.047
 284          0.081
 285          0.066
 286          0.034
 287          0.054
 288          0.115
 289          0.140
 290          0.104
 291          0.153
 292          0.131
 293          0.150
 294          0.157
 295          0.231
 296          0.252
 297          0.183
 298          0.219
 299          0.144
 300          0.132
 301          0.133
 302          0.120
 303          0.120
 304          0.154
 305          0.157
 306          0.159
 307          0.131
 308          0.138
 309          0.121
 310          0.134
 311          0.157
 312          0.142
 313          0.220
 314          0.230
 315          0.161
 316          0.135
 317          0.044
 318          0.097
 319          0.090
 320          0.121
 321          0.165
 322          0.212
 323          0.131
 324          0.112
 325          0.092
 326          0.067
 327          0.110
 328          0.122
 329          0.090
 330          0.132
 331          0.131
 332          0.099
 333          0.073
 334          0.080
 335          0.085
 336          0.064
 337          0.059
 338          0.016
 339          0.028
 340          0.047
 341          0.106
 342          0.089
 343          0.120
 344          0.222
 345          0.225
 346          0.179
 347          0.125
 348          0.077
 349          0.077
 350          0.073
 351          0.062
 352          0.114
 353          0.182
 354          0.278
 355          0.185
 356          0.079
 357          0.071
 358          0.086
 359          0.105
 360          0.127
 361          0.130
 362          0.114
 363          0.159
 364          0.094
 365          0.063
 366          0.112
 367          0.049
 368          0.062
 369          0.081
 370          0.035
 371          0.023
 372          0.092
 373          0.065
 374          0.075
 375          0.095
 376          0.042
 377          0.067
 378          0.055
 379          0.059
 380          0.036
 381          0.055
 382          0.060
 383          0.082
 384          0.192
 385          0.109
 386          0.070
 387          0.034
 388          0.058
 389          0.069
 390          0.087
 391          0.052
 392          0.054
 393          0.049
 394          0.061
 395          0.063
 396          0.022
 397          0.064
 398          0.061
 399          0.041
 400          0.044
 401          0.059
 402          0.057
 403          0.030
 404          0.048
 405          0.105
 406          0.104
 407          0.047
 408          0.051
 409          0.014
 410          0.028
 411          0.035
 412          0.026
 413          0.055
 414          0.022
 415          0.082
 416          0.054
 417          0.063
 418          0.052
 419          0.017
 420          0.013
 421          0.018
 422          0.097
 423          0.156
 424          0.068
 425          0.057
 426          0.034
 427          0.031
 428          0.073
 429          0.064
 430          0.077
 431          0.150
 432          0.083
 433          0.052
 434          0.075
 435          0.063
 436          0.052
 437          0.029
 438          0.027
 439          0.027
 440          0.034
 441          0.072
 442          0.071
 443          0.039
 444          0.071
 445          0.084
 446          0.043
 447          0.050
 448          0.018
 449          0.054
 450          0.053
 451          0.098
 452          0.103
 453          0.048
 454          0.087
 455          0.052
 456          0.037
 457          0.027
 458          0.076
 459          0.073
 460          0.070
 461          0.069
 462          0.071
 463          0.045
 464          0.048
 465          0.036
 466          0.035
 467          0.025
 468          0.053
 469          0.066
 470          0.112
 471          0.021
 472          0.012
 473          0.028
 474          0.065
 475          0.057
 476          0.033
 477          0.020
 478          0.025
 479          0.035
 480          0.038
 481          0.055
 482          0.038
 483          0.049
 484          0.043
 485          0.044
 486          0.046
 487          0.070

# Average distance: 0.082 nm
