# Atom index    Distance (nm)
   1          0.697
   2          0.816
   3          0.663
   4          0.255
   5          0.076
   6          0.119
   7          0.074
   8          0.027
   9          0.042
  10          0.037
  11          0.082
  12          0.127
  13          0.124
  14          0.135
  15          0.116
  16          0.097
  17          0.101
  18          0.077
  19          0.133
  20          0.168
  21          0.226
  22          0.321
  23          0.394
  24          0.312
  25          0.240
  26          0.222
  27          0.139
  28          0.142
  29          0.149
  30          0.149
  31          0.131
  32          0.096
  33          0.066
  34          0.072
  35          0.046
  36          0.041
  37          0.111
  38          0.102
  39          0.077
  40          0.093
  41          0.106
  42          0.135
  43          0.144
  44          0.232
  45          0.259
  46          0.396
  47          0.438
  48          0.641
  49          0.464
  50          0.459
  51          0.315
  52          0.279
  53          0.208
  54          0.194
  55          0.172
  56          0.131
  57          0.145
  58          0.122
  59          0.169
  60          0.207
  61          0.224
  62          0.207
  63          0.184
  64          0.147
  65          0.157
  66          0.079
  67          0.131
  68          0.111
  69          0.124
  70          0.161
  71          0.148
  72          0.122
  73          0.165
  74          0.185
  75          0.261
  76          0.273
  77          0.286
  78          0.284
  79          0.246
  80          0.262
  81          0.273
  82          0.310
  83          0.168
  84          0.164
  85          0.144
  86          0.180
  87          0.186
  88          0.181
  89          0.262
  90          0.255
  91          0.271
  92          0.329
  93          0.321
  94          0.257
  95          0.232
  96          0.142
  97          0.101
  98          0.082
  99          0.131
 100          0.149
 101          0.146
 102          0.081
 103          0.071
 104          0.027
 105          0.051
 106          0.071
 107          0.084
 108          0.092
 109          0.168
 110          0.176
 111          0.163
 112          0.157
 113          0.036
 114          0.070
 115          0.015
 116          0.088
 117          0.135
 118          0.087
 119          0.106
 120          0.134
 121          0.128
 122          0.154
 123          0.148
 124          0.141
 125          0.149
 126          0.131
 127          0.089
 128          0.138
 129          0.065
 130          0.040
 131          0.026
 132          0.021
 133          0.044
 134          0.015
 135          0.005
 136          0.034
 137          0.066
 138          0.096
 139          0.115
 140          0.149
 141          0.124
 142          0.162
 143          0.150
 144          0.144
 145          0.158
 146          0.155
 147          0.138
 148          0.111
 149          0.108
 150          0.106
 151          0.146
 152          0.180
 153          0.119
 154          0.131
 155          0.148
 156          0.119
 157          0.106
 158          0.134
 159          0.140
 160          0.257
 161          0.167
 162          0.148
 163          0.084
 164          0.058
 165          0.061
 166          0.075
 167          0.089
 168          0.094
 169          0.085
 170          0.070
 171          0.028
 172          0.031
 173          0.031
 174          0.049
 175          0.079
 176          0.097
 177          0.083
 178          0.105
 179          0.128
 180          0.076
 181          0.033
 182          0.065
 183          0.054
 184          0.065
 185          0.106
 186          0.097
 187          0.036
 188          0.071
 189          0.062
 190          0.040
 191          0.037
 192          0.045
 193          0.072
 194          0.107
 195          0.119
 196          0.088
 197          0.090
 198          0.066
 199          0.057
 200          0.061
 201          0.028
 202          0.032
 203          0.044
 204          0.033
 205          0.053
 206          0.057
 207          0.063
 208          0.107
 209          0.140
 210          0.092
 211          0.152
 212          0.244
 213          0.225
 214          0.133
 215          0.095
 216          0.138
 217          0.096
 218          0.036
 219          0.016
 220          0.035
 221          0.025
 222          0.022
 223          0.051
 224          0.058
 225          0.062
 226          0.083
 227          0.102
 228          0.115
 229          0.109
 230          0.108
 231          0.098
 232          0.065
 233          0.062
 234          0.117
 235          0.119
 236          0.066
 237          0.143
 238          0.329
 239          0.282
 240          0.410
 241          0.328
 242          0.226
 243          0.063
 244          0.084
 245          0.101
 246          0.125
 247          0.117
 248          0.136
 249          0.130
 250          0.140
 251          0.130
 252          0.051
 253          0.023
 254          0.037
 255          0.037
 256          0.030
 257          0.029
 258          0.050
 259          0.060
 260          0.043
 261          0.094
 262          0.184
 263          0.108
 264          0.068
 265          0.038
 266          0.050
 267          0.052
 268          0.079
 269          0.124
 270          0.088
 271          0.145
 272          0.179
 273          0.148
 274          0.061
 275          0.088
 276          0.057
 277          0.104
 278          0.098
 279          0.069
 280          0.050
 281          0.076
 282          0.084
 283          0.097
 284          0.101
 285          0.093
 286          0.058
 287          0.048
 288          0.042
 289          0.064
 290          0.071
 291          0.117
 292          0.135
 293          0.123
 294          0.138
 295          0.058
 296          0.076
 297          0.144
 298          0.153
 299          0.138
 300          0.149
 301          0.090
 302          0.083
 303          0.084
 304          0.096
 305          0.165
 306          0.226
 307          0.124
 308          0.134
 309          0.115
 310          0.098
 311          0.069
 312          0.120
 313          0.151
 314          0.075
 315          0.075
 316          0.063
 317          0.072
 318          0.094
 319          0.138
 320          0.159
 321          0.146
 322          0.136
 323          0.141
 324          0.167
 325          0.151
 326          0.135
 327          0.096
 328          0.121
 329          0.157
 330          0.157
 331          0.199
 332          0.196
 333          0.184
 334          0.166
 335          0.189
 336          0.174
 337          0.108
 338          0.134
 339          0.151
 340          0.156
 341          0.164
 342          0.141
 343          0.147
 344          0.116
 345          0.142
 346          0.156
 347          0.122
 348          0.150
 349          0.143
 350          0.112
 351          0.080
 352          0.050
 353          0.096
 354          0.095
 355          0.061
 356          0.059
 357          0.075
 358          0.100
 359          0.106
 360          0.161
 361          0.159
 362          0.130
 363          0.160
 364          0.183
 365          0.206
 366          0.179
 367          0.228
 368          0.192
 369          0.171
 370          0.112
 371          0.100
 372          0.086
 373          0.030
 374          0.016
 375          0.061
 376          0.011
 377          0.047
 378          0.053
 379          0.050
 380          0.024
 381          0.028
 382          0.072
 383          0.082
 384          0.069
 385          0.114
 386          0.087
 387          0.068
 388          0.067
 389          0.061
 390          0.108
 391          0.071
 392          0.206
 393          0.273
 394          0.383
 395          0.332
 396          0.179
 397          0.161
 398          0.088
 399          0.077
 400          0.062
 401          0.080
 402          0.074
 403          0.060
 404          0.037
 405          0.087
 406          0.051
 407          0.029
 408          0.035
 409          0.058
 410          0.069
 411          0.043
 412          0.063
 413          0.052
 414          0.075
 415          0.108
 416          0.074
 417          0.079
 418          0.067
 419          0.051
 420          0.045
 421          0.063
 422          0.086
 423          0.221
 424          0.118
 425          0.102
 426          0.033
 427          0.040
 428          0.034
 429          0.071
 430          0.200
 431          0.118
 432          0.150
 433          0.041
 434          0.035
 435          0.028
 436          0.040
 437          0.064
 438          0.085
 439          0.064
 440          0.076
 441          0.158
 442          0.219
 443          0.195
 444          0.141
 445          0.103
 446          0.144
 447          0.129
 448          0.120
 449          0.119
 450          0.116
 451          0.105
 452          0.104
 453          0.090
 454          0.112
 455          0.138
 456          0.109
 457          0.114
 458          0.106
 459          0.104
 460          0.085
 461          0.090
 462          0.043
 463          0.078
 464          0.064
 465          0.095
 466          0.102
 467          0.072
 468          0.044
 469          0.089
 470          0.129
 471          0.063
 472          0.048
 473          0.043
 474          0.075
 475          0.157
 476          0.113
 477          0.099
 478          0.082
 479          0.114
 480          0.149
 481          0.124
 482          0.156
 483          0.139
 484          0.161
 485          0.113
 486          0.043
 487          0.028

# Average distance: 0.123 nm
