# Atom index    Distance (nm)
   1          0.296
   2          0.217
   3          0.326
   4          0.187
   5          0.054
   6          0.040
   7          0.037
   8          0.053
   9          0.099
  10          0.027
  11          0.055
  12          0.053
  13          0.057
  14          0.050
  15          0.017
  16          0.045
  17          0.032
  18          0.020
  19          0.045
  20          0.069
  21          0.070
  22          0.095
  23          0.099
  24          0.089
  25          0.052
  26          0.034
  27          0.055
  28          0.062
  29          0.040
  30          0.042
  31          0.092
  32          0.067
  33          0.109
  34          0.113
  35          0.146
  36          0.165
  37          0.135
  38          0.077
  39          0.116
  40          0.072
  41          0.099
  42          0.086
  43          0.088
  44          0.131
  45          0.173
  46          0.200
  47          0.336
  48          0.271
  49          0.241
  50          0.217
  51          0.194
  52          0.162
  53          0.128
  54          0.127
  55          0.121
  56          0.128
  57          0.127
  58          0.085
  59          0.185
  60          0.182
  61          0.211
  62          0.176
  63          0.159
  64          0.134
  65          0.136
  66          0.125
  67          0.121
  68          0.127
  69          0.101
  70          0.070
  71          0.096
  72          0.074
  73          0.047
  74          0.078
  75          0.098
  76          0.199
  77          0.252
  78          0.260
  79          0.157
  80          0.140
  81          0.154
  82          0.098
  83          0.070
  84          0.088
  85          0.151
  86          0.130
  87          0.178
  88          0.162
  89          0.105
  90          0.060
  91          0.117
  92          0.114
  93          0.109
  94          0.054
  95          0.032
  96          0.025
  97          0.065
  98          0.119
  99          0.120
 100          0.066
 101          0.119
 102          0.122
 103          0.109
 104          0.078
 105          0.056
 106          0.010
 107          0.045
 108          0.039
 109          0.056
 110          0.038
 111          0.055
 112          0.080
 113          0.045
 114          0.054
 115          0.063
 116          0.100
 117          0.084
 118          0.076
 119          0.093
 120          0.062
 121          0.047
 122          0.024
 123          0.026
 124          0.053
 125          0.054
 126          0.039
 127          0.056
 128          0.107
 129          0.105
 130          0.077
 131          0.080
 132          0.049
 133          0.020
 134          0.049
 135          0.031
 136          0.028
 137          0.043
 138          0.025
 139          0.054
 140          0.065
 141          0.112
 142          0.045
 143          0.057
 144          0.052
 145          0.014
 146          0.023
 147          0.037
 148          0.051
 149          0.023
 150          0.055
 151          0.092
 152          0.103
 153          0.181
 154          0.110
 155          0.121
 156          0.051
 157          0.018
 158          0.023
 159          0.047
 160          0.051
 161          0.037
 162          0.074
 163          0.051
 164          0.078
 165          0.066
 166          0.064
 167          0.079
 168          0.050
 169          0.031
 170          0.038
 171          0.044
 172          0.051
 173          0.051
 174          0.064
 175          0.083
 176          0.091
 177          0.097
 178          0.080
 179          0.063
 180          0.091
 181          0.054
 182          0.071
 183          0.057
 184          0.033
 185          0.043
 186          0.039
 187          0.021
 188          0.039
 189          0.048
 190          0.054
 191          0.049
 192          0.033
 193          0.031
 194          0.074
 195          0.080
 196          0.073
 197          0.066
 198          0.063
 199          0.102
 200          0.122
 201          0.131
 202          0.125
 203          0.057
 204          0.041
 205          0.017
 206          0.061
 207          0.148
 208          0.098
 209          0.069
 210          0.076
 211          0.080
 212          0.080
 213          0.085
 214          0.085
 215          0.075
 216          0.051
 217          0.081
 218          0.085
 219          0.126
 220          0.198
 221          0.161
 222          0.110
 223          0.069
 224          0.090
 225          0.113
 226          0.100
 227          0.049
 228          0.062
 229          0.074
 230          0.061
 231          0.039
 232          0.054
 233          0.068
 234          0.078
 235          0.011
 236          0.060
 237          0.052
 238          0.340
 239          0.588
 240          0.987
 241          1.041
 242          0.885
 243          0.476
 244          0.092
 245          0.071
 246          0.097
 247          0.075
 248          0.074
 249          0.106
 250          0.042
 251          0.023
 252          0.028
 253          0.048
 254          0.133
 255          0.045
 256          0.052
 257          0.059
 258          0.072
 259          0.073
 260          0.078
 261          0.081
 262          0.130
 263          0.198
 264          0.153
 265          0.031
 266          0.058
 267          0.088
 268          0.115
 269          0.155
 270          0.094
 271          0.205
 272          0.295
 273          0.195
 274          0.167
 275          0.101
 276          0.117
 277          0.073
 278          0.044
 279          0.060
 280          0.084
 281          0.067
 282          0.061
 283          0.084
 284          0.095
 285          0.091
 286          0.088
 287          0.070
 288          0.040
 289          0.050
 290          0.053
 291          0.068
 292          0.073
 293          0.122
 294          0.104
 295          0.039
 296          0.022
 297          0.035
 298          0.054
 299          0.095
 300          0.128
 301          0.084
 302          0.053
 303          0.043
 304          0.070
 305          0.111
 306          0.104
 307          0.106
 308          0.107
 309          0.103
 310          0.104
 311          0.092
 312          0.164
 313          0.188
 314          0.199
 315          0.211
 316          0.157
 317          0.119
 318          0.109
 319          0.161
 320          0.166
 321          0.148
 322          0.225
 323          0.208
 324          0.146
 325          0.115
 326          0.055
 327          0.039
 328          0.080
 329          0.092
 330          0.127
 331          0.073
 332          0.068
 333          0.061
 334          0.082
 335          0.083
 336          0.071
 337          0.068
 338          0.046
 339          0.048
 340          0.063
 341          0.089
 342          0.083
 343          0.069
 344          0.090
 345          0.086
 346          0.081
 347          0.072
 348          0.100
 349          0.171
 350          0.188
 351          0.150
 352          0.143
 353          0.182
 354          0.191
 355          0.133
 356          0.116
 357          0.144
 358          0.164
 359          0.088
 360          0.145
 361          0.139
 362          0.106
 363          0.186
 364          0.078
 365          0.100
 366          0.092
 367          0.101
 368          0.083
 369          0.063
 370          0.042
 371          0.071
 372          0.065
 373          0.054
 374          0.057
 375          0.072
 376          0.059
 377          0.056
 378          0.051
 379          0.043
 380          0.042
 381          0.043
 382          0.026
 383          0.041
 384          0.149
 385          0.065
 386          0.064
 387          0.046
 388          0.045
 389          0.041
 390          0.065
 391          0.069
 392          0.097
 393          0.199
 394          0.203
 395          0.201
 396          0.069
 397          0.064
 398          0.017
 399          0.043
 400          0.052
 401          0.066
 402          0.055
 403          0.042
 404          0.059
 405          0.075
 406          0.062
 407          0.088
 408          0.048
 409          0.033
 410          0.028
 411          0.051
 412          0.054
 413          0.061
 414          0.053
 415          0.045
 416          0.085
 417          0.023
 418          0.043
 419          0.049
 420          0.088
 421          0.021
 422          0.186
 423          0.084
 424          0.064
 425          0.055
 426          0.016
 427          0.029
 428          0.044
 429          0.034
 430          0.099
 431          0.041
 432          0.014
 433          0.032
 434          0.080
 435          0.071
 436          0.087
 437          0.087
 438          0.133
 439          0.130
 440          0.139
 441          0.130
 442          0.186
 443          0.108
 444          0.069
 445          0.086
 446          0.080
 447          0.079
 448          0.061
 449          0.079
 450          0.084
 451          0.102
 452          0.095
 453          0.066
 454          0.058
 455          0.056
 456          0.060
 457          0.086
 458          0.076
 459          0.073
 460          0.148
 461          0.124
 462          0.088
 463          0.096
 464          0.068
 465          0.124
 466          0.069
 467          0.025
 468          0.032
 469          0.048
 470          0.085
 471          0.091
 472          0.040
 473          0.069
 474          0.078
 475          0.156
 476          0.139
 477          0.120
 478          0.148
 479          0.107
 480          0.132
 481          0.137
 482          0.130
 483          0.133
 484          0.098
 485          0.065
 486          0.050
 487          0.053

# Average distance: 0.096 nm
