# Atom index    Distance (nm)
   1          0.778
   2          0.379
   3          0.347
   4          0.167
   5          0.040
   6          0.055
   7          0.027
   8          0.026
   9          0.018
  10          0.014
  11          0.042
  12          0.076
  13          0.107
  14          0.110
  15          0.102
  16          0.083
  17          0.066
  18          0.045
  19          0.072
  20          0.084
  21          0.113
  22          0.256
  23          0.213
  24          0.205
  25          0.103
  26          0.058
  27          0.059
  28          0.053
  29          0.100
  30          0.120
  31          0.116
  32          0.120
  33          0.109
  34          0.057
  35          0.064
  36          0.064
  37          0.067
  38          0.047
  39          0.038
  40          0.031
  41          0.031
  42          0.060
  43          0.081
  44          0.080
  45          0.052
  46          0.075
  47          0.077
  48          0.046
  49          0.135
  50          0.009
  51          0.086
  52          0.109
  53          0.101
  54          0.110
  55          0.090
  56          0.035
  57          0.037
  58          0.044
  59          0.022
  60          0.014
  61          0.029
  62          0.063
  63          0.083
  64          0.084
  65          0.112
  66          0.167
  67          0.179
  68          0.126
  69          0.142
  70          0.166
  71          0.208
  72          0.132
  73          0.102
  74          0.058
  75          0.101
  76          0.078
  77          0.061
  78          0.060
  79          0.108
  80          0.073
  81          0.117
  82          0.087
  83          0.062
  84          0.078
  85          0.099
  86          0.102
  87          0.076
  88          0.151
  89          0.165
  90          0.110
  91          0.111
  92          0.100
  93          0.140
  94          0.109
  95          0.106
  96          0.094
  97          0.090
  98          0.108
  99          0.126
 100          0.136
 101          0.119
 102          0.154
 103          0.197
 104          0.183
 105          0.149
 106          0.105
 107          0.099
 108          0.119
 109          0.118
 110          0.124
 111          0.207
 112          0.205
 113          0.148
 114          0.189
 115          0.149
 116          0.233
 117          0.221
 118          0.280
 119          0.265
 120          0.223
 121          0.216
 122          0.157
 123          0.156
 124          0.130
 125          0.074
 126          0.099
 127          0.032
 128          0.012
 129          0.028
 130          0.035
 131          0.073
 132          0.139
 133          0.092
 134          0.128
 135          0.053
 136          0.114
 137          0.129
 138          0.113
 139          0.141
 140          0.132
 141          0.136
 142          0.198
 143          0.186
 144          0.206
 145          0.189
 146          0.139
 147          0.116
 148          0.102
 149          0.108
 150          0.124
 151          0.153
 152          0.163
 153          0.237
 154          0.197
 155          0.151
 156          0.100
 157          0.092
 158          0.145
 159          0.122
 160          0.229
 161          0.224
 162          0.271
 163          0.245
 164          0.214
 165          0.206
 166          0.183
 167          0.093
 168          0.133
 169          0.119
 170          0.071
 171          0.069
 172          0.046
 173          0.050
 174          0.112
 175          0.155
 176          0.151
 177          0.122
 178          0.122
 179          0.115
 180          0.139
 181          0.100
 182          0.040
 183          0.045
 184          0.065
 185          0.152
 186          0.171
 187          0.137
 188          0.108
 189          0.076
 190          0.067
 191          0.101
 192          0.126
 193          0.089
 194          0.084
 195          0.121
 196          0.056
 197          0.136
 198          0.194
 199          0.244
 200          0.281
 201          0.279
 202          0.294
 203          0.194
 204          0.137
 205          0.176
 206          0.118
 207          0.090
 208          0.126
 209          0.128
 210          0.088
 211          0.154
 212          0.151
 213          0.087
 214          0.106
 215          0.086
 216          0.098
 217          0.039
 218          0.127
 219          0.199
 220          0.255
 221          0.302
 222          0.216
 223          0.257
 224          0.171
 225          0.061
 226          0.129
 227          0.081
 228          0.137
 229          0.179
 230          0.330
 231          0.215
 232          0.182
 233          0.102
 234          0.106
 235          0.124
 236          0.193
 237          0.194
 238          0.176
 239          0.184
 240          0.245
 241          0.292
 242          0.353
 243          0.173
 244          0.152
 245          0.177
 246          0.157
 247          0.132
 248          0.109
 249          0.122
 250          0.086
 251          0.155
 252          0.056
 253          0.058
 254          0.076
 255          0.085
 256          0.089
 257          0.088
 258          0.093
 259          0.077
 260          0.127
 261          0.130
 262          0.155
 263          0.191
 264          0.191
 265          0.177
 266          0.141
 267          0.087
 268          0.091
 269          0.060
 270          0.108
 271          0.130
 272          0.099
 273          0.020
 274          0.013
 275          0.025
 276          0.096
 277          0.130
 278          0.181
 279          0.182
 280          0.229
 281          0.202
 282          0.157
 283          0.164
 284          0.152
 285          0.146
 286          0.094
 287          0.096
 288          0.079
 289          0.111
 290          0.085
 291          0.166
 292          0.184
 293          0.245
 294          0.303
 295          0.293
 296          0.265
 297          0.239
 298          0.174
 299          0.135
 300          0.129
 301          0.101
 302          0.146
 303          0.143
 304          0.168
 305          0.133
 306          0.146
 307          0.095
 308          0.090
 309          0.053
 310          0.105
 311          0.128
 312          0.169
 313          0.212
 314          0.229
 315          0.274
 316          0.163
 317          0.099
 318          0.067
 319          0.046
 320          0.020
 321          0.082
 322          0.115
 323          0.186
 324          0.186
 325          0.193
 326          0.254
 327          0.184
 328          0.159
 329          0.155
 330          0.129
 331          0.167
 332          0.084
 333          0.093
 334          0.068
 335          0.061
 336          0.101
 337          0.044
 338          0.073
 339          0.053
 340          0.073
 341          0.097
 342          0.148
 343          0.151
 344          0.174
 345          0.183
 346          0.236
 347          0.199
 348          0.163
 349          0.106
 350          0.114
 351          0.108
 352          0.184
 353          0.267
 354          0.238
 355          0.182
 356          0.111
 357          0.100
 358          0.153
 359          0.151
 360          0.234
 361          0.240
 362          0.256
 363          0.335
 364          0.278
 365          0.261
 366          0.213
 367          0.175
 368          0.159
 369          0.140
 370          0.102
 371          0.086
 372          0.026
 373          0.089
 374          0.106
 375          0.038
 376          0.056
 377          0.040
 378          0.049
 379          0.035
 380          0.038
 381          0.033
 382          0.073
 383          0.096
 384          0.054
 385          0.074
 386          0.100
 387          0.125
 388          0.105
 389          0.085
 390          0.079
 391          0.098
 392          0.075
 393          0.064
 394          0.135
 395          0.214
 396          0.120
 397          0.064
 398          0.052
 399          0.106
 400          0.100
 401          0.115
 402          0.078
 403          0.077
 404          0.062
 405          0.069
 406          0.066
 407          0.068
 408          0.018
 409          0.047
 410          0.063
 411          0.053
 412          0.050
 413          0.059
 414          0.074
 415          0.022
 416          0.092
 417          0.069
 418          0.039
 419          0.026
 420          0.049
 421          0.071
 422          0.177
 423          0.128
 424          0.104
 425          0.061
 426          0.038
 427          0.030
 428          0.039
 429          0.059
 430          0.102
 431          0.212
 432          0.085
 433          0.039
 434          0.053
 435          0.030
 436          0.036
 437          0.090
 438          0.065
 439          0.065
 440          0.067
 441          0.073
 442          0.105
 443          0.066
 444          0.081
 445          0.055
 446          0.058
 447          0.088
 448          0.110
 449          0.106
 450          0.049
 451          0.061
 452          0.167
 453          0.078
 454          0.056
 455          0.092
 456          0.080
 457          0.041
 458          0.051
 459          0.068
 460          0.094
 461          0.090
 462          0.053
 463          0.045
 464          0.053
 465          0.071
 466          0.047
 467          0.014
 468          0.080
 469          0.059
 470          0.044
 471          0.048
 472          0.031
 473          0.065
 474          0.044
 475          0.073
 476          0.078
 477          0.076
 478          0.065
 479          0.038
 480          0.049
 481          0.053
 482          0.079
 483          0.130
 484          0.137
 485          0.095
 486          0.100
 487          0.087

# Average distance: 0.119 nm
