# Atom index    Distance (nm)
   1          0.307
   2          0.409
   3          0.536
   4          0.384
   5          0.217
   6          0.165
   7          0.109
   8          0.074
   9          0.030
  10          0.064
  11          0.083
  12          0.068
  13          0.112
  14          0.126
  15          0.146
  16          0.109
  17          0.053
  18          0.069
  19          0.095
  20          0.148
  21          0.199
  22          0.185
  23          0.205
  24          0.268
  25          0.241
  26          0.212
  27          0.140
  28          0.060
  29          0.059
  30          0.073
  31          0.087
  32          0.086
  33          0.038
  34          0.038
  35          0.071
  36          0.069
  37          0.067
  38          0.009
  39          0.057
  40          0.141
  41          0.168
  42          0.119
  43          0.196
  44          0.253
  45          0.257
  46          0.314
  47          0.418
  48          0.356
  49          0.203
  50          0.183
  51          0.185
  52          0.199
  53          0.201
  54          0.142
  55          0.167
  56          0.172
  57          0.148
  58          0.147
  59          0.148
  60          0.178
  61          0.155
  62          0.158
  63          0.165
  64          0.158
  65          0.207
  66          0.184
  67          0.250
  68          0.284
  69          0.284
  70          0.255
  71          0.261
  72          0.201
  73          0.193
  74          0.180
  75          0.232
  76          0.267
  77          0.266
  78          0.326
  79          0.327
  80          0.326
  81          0.243
  82          0.254
  83          0.206
  84          0.134
  85          0.072
  86          0.077
  87          0.066
  88          0.036
  89          0.087
  90          0.095
  91          0.183
  92          0.216
  93          0.175
  94          0.115
  95          0.052
  96          0.061
  97          0.047
  98          0.049
  99          0.101
 100          0.153
 101          0.214
 102          0.153
 103          0.050
 104          0.082
 105          0.080
 106          0.125
 107          0.111
 108          0.128
 109          0.073
 110          0.037
 111          0.046
 112          0.154
 113          0.139
 114          0.234
 115          0.174
 116          0.179
 117          0.144
 118          0.103
 119          0.148
 120          0.127
 121          0.143
 122          0.169
 123          0.154
 124          0.095
 125          0.053
 126          0.063
 127          0.068
 128          0.092
 129          0.097
 130          0.079
 131          0.063
 132          0.104
 133          0.088
 134          0.143
 135          0.048
 136          0.050
 137          0.061
 138          0.088
 139          0.107
 140          0.106
 141          0.129
 142          0.128
 143          0.132
 144          0.117
 145          0.102
 146          0.090
 147          0.041
 148          0.054
 149          0.050
 150          0.053
 151          0.057
 152          0.103
 153          0.083
 154          0.070
 155          0.076
 156          0.088
 157          0.078
 158          0.081
 159          0.062
 160          0.136
 161          0.110
 162          0.168
 163          0.100
 164          0.031
 165          0.048
 166          0.035
 167          0.062
 168          0.057
 169          0.076
 170          0.079
 171          0.050
 172          0.040
 173          0.052
 174          0.056
 175          0.072
 176          0.065
 177          0.092
 178          0.102
 179          0.096
 180          0.091
 181          0.098
 182          0.084
 183          0.077
 184          0.073
 185          0.079
 186          0.145
 187          0.144
 188          0.092
 189          0.108
 190          0.060
 191          0.096
 192          0.121
 193          0.106
 194          0.107
 195          0.074
 196          0.069
 197          0.064
 198          0.116
 199          0.147
 200          0.134
 201          0.191
 202          0.138
 203          0.062
 204          0.071
 205          0.090
 206          0.133
 207          0.203
 208          0.232
 209          0.218
 210          0.139
 211          0.173
 212          0.203
 213          0.239
 214          0.201
 215          0.181
 216          0.165
 217          0.174
 218          0.192
 219          0.158
 220          0.189
 221          0.201
 222          0.203
 223          0.072
 224          0.101
 225          0.157
 226          0.171
 227          0.123
 228          0.144
 229          0.169
 230          0.151
 231          0.156
 232          0.051
 233          0.046
 234          0.041
 235          0.108
 236          0.105
 237          0.075
 238          0.467
 239          0.612
 240          0.530
 241          0.592
 242          0.337
 243          0.256
 244          0.250
 245          0.224
 246          0.168
 247          0.263
 248          0.172
 249          0.081
 250          0.026
 251          0.092
 252          0.118
 253          0.089
 254          0.077
 255          0.071
 256          0.032
 257          0.032
 258          0.045
 259          0.051
 260          0.107
 261          0.166
 262          0.182
 263          0.132
 264          0.118
 265          0.142
 266          0.116
 267          0.096
 268          0.139
 269          0.136
 270          0.110
 271          0.183
 272          0.127
 273          0.205
 274          0.253
 275          0.171
 276          0.193
 277          0.193
 278          0.119
 279          0.126
 280          0.121
 281          0.150
 282          0.053
 283          0.049
 284          0.069
 285          0.080
 286          0.034
 287          0.037
 288          0.024
 289          0.040
 290          0.034
 291          0.123
 292          0.118
 293          0.087
 294          0.150
 295          0.061
 296          0.102
 297          0.157
 298          0.073
 299          0.078
 300          0.086
 301          0.086
 302          0.119
 303          0.127
 304          0.151
 305          0.169
 306          0.186
 307          0.218
 308          0.185
 309          0.160
 310          0.144
 311          0.141
 312          0.149
 313          0.197
 314          0.194
 315          0.129
 316          0.166
 317          0.133
 318          0.175
 319          0.150
 320          0.184
 321          0.172
 322          0.190
 323          0.178
 324          0.139
 325          0.150
 326          0.144
 327          0.137
 328          0.071
 329          0.070
 330          0.012
 331          0.054
 332          0.055
 333          0.096
 334          0.069
 335          0.104
 336          0.076
 337          0.124
 338          0.076
 339          0.089
 340          0.118
 341          0.134
 342          0.092
 343          0.088
 344          0.156
 345          0.152
 346          0.172
 347          0.102
 348          0.075
 349          0.092
 350          0.116
 351          0.158
 352          0.193
 353          0.267
 354          0.273
 355          0.255
 356          0.200
 357          0.095
 358          0.061
 359          0.111
 360          0.100
 361          0.132
 362          0.105
 363          0.069
 364          0.123
 365          0.094
 366          0.105
 367          0.045
 368          0.052
 369          0.024
 370          0.087
 371          0.073
 372          0.047
 373          0.059
 374          0.043
 375          0.025
 376          0.044
 377          0.056
 378          0.041
 379          0.044
 380          0.037
 381          0.062
 382          0.060
 383          0.133
 384          0.153
 385          0.118
 386          0.063
 387          0.060
 388          0.080
 389          0.044
 390          0.041
 391          0.100
 392          0.212
 393          0.286
 394          0.378
 395          0.213
 396          0.161
 397          0.122
 398          0.062
 399          0.065
 400          0.062
 401          0.091
 402          0.099
 403          0.108
 404          0.084
 405          0.063
 406          0.071
 407          0.072
 408          0.080
 409          0.070
 410          0.094
 411          0.079
 412          0.040
 413          0.139
 414          0.127
 415          0.135
 416          0.112
 417          0.052
 418          0.116
 419          0.095
 420          0.108
 421          0.168
 422          0.293
 423          0.240
 424          0.232
 425          0.216
 426          0.129
 427          0.105
 428          0.083
 429          0.007
 430          0.117
 431          0.131
 432          0.087
 433          0.085
 434          0.055
 435          0.050
 436          0.067
 437          0.112
 438          0.101
 439          0.103
 440          0.108
 441          0.151
 442          0.139
 443          0.149
 444          0.112
 445          0.122
 446          0.056
 447          0.052
 448          0.078
 449          0.087
 450          0.084
 451          0.059
 452          0.076
 453          0.097
 454          0.090
 455          0.068
 456          0.090
 457          0.091
 458          0.104
 459          0.081
 460          0.159
 461          0.177
 462          0.097
 463          0.110
 464          0.101
 465          0.102
 466          0.083
 467          0.324
 468          0.399
 469          0.156
 470          0.108
 471          0.032
 472          0.060
 473          0.078
 474          0.055
 475          0.116
 476          0.113
 477          0.171
 478          0.197
 479          0.132
 480          0.179
 481          0.222
 482          0.236
 483          0.199
 484          0.163
 485          0.075
 486          0.072
 487          0.079

# Average distance: 0.130 nm
