# Atom index    Distance (nm)
   1          0.247
   2          0.293
   3          0.287
   4          0.186
   5          0.141
   6          0.144
   7          0.069
   8          0.072
   9          0.057
  10          0.032
  11          0.052
  12          0.068
  13          0.126
  14          0.110
  15          0.093
  16          0.090
  17          0.058
  18          0.020
  19          0.066
  20          0.166
  21          0.264
  22          0.271
  23          0.284
  24          0.245
  25          0.267
  26          0.218
  27          0.107
  28          0.054
  29          0.033
  30          0.086
  31          0.112
  32          0.084
  33          0.151
  34          0.139
  35          0.178
  36          0.206
  37          0.181
  38          0.130
  39          0.095
  40          0.051
  41          0.054
  42          0.088
  43          0.132
  44          0.182
  45          0.234
  46          0.151
  47          0.241
  48          0.210
  49          0.359
  50          0.414
  51          0.304
  52          0.261
  53          0.133
  54          0.054
  55          0.067
  56          0.135
  57          0.137
  58          0.153
  59          0.158
  60          0.198
  61          0.170
  62          0.215
  63          0.201
  64          0.154
  65          0.157
  66          0.192
  67          0.280
  68          0.401
  69          0.233
  70          0.145
  71          0.118
  72          0.126
  73          0.155
  74          0.173
  75          0.297
  76          0.257
  77          0.219
  78          0.229
  79          0.190
  80          0.236
  81          0.176
  82          0.204
  83          0.196
  84          0.159
  85          0.108
  86          0.127
  87          0.111
  88          0.076
  89          0.106
  90          0.097
  91          0.090
  92          0.090
  93          0.065
  94          0.087
  95          0.087
  96          0.059
  97          0.084
  98          0.094
  99          0.107
 100          0.138
 101          0.185
 102          0.172
 103          0.145
 104          0.154
 105          0.070
 106          0.058
 107          0.060
 108          0.140
 109          0.111
 110          0.172
 111          0.224
 112          0.106
 113          0.065
 114          0.062
 115          0.113
 116          0.095
 117          0.096
 118          0.087
 119          0.084
 120          0.070
 121          0.079
 122          0.094
 123          0.092
 124          0.096
 125          0.082
 126          0.053
 127          0.046
 128          0.098
 129          0.058
 130          0.100
 131          0.087
 132          0.096
 133          0.098
 134          0.084
 135          0.066
 136          0.095
 137          0.129
 138          0.146
 139          0.106
 140          0.084
 141          0.141
 142          0.143
 143          0.127
 144          0.148
 145          0.142
 146          0.094
 147          0.105
 148          0.136
 149          0.132
 150          0.144
 151          0.164
 152          0.162
 153          0.258
 154          0.192
 155          0.124
 156          0.111
 157          0.106
 158          0.086
 159          0.090
 160          0.095
 161          0.095
 162          0.094
 163          0.088
 164          0.100
 165          0.122
 166          0.108
 167          0.120
 168          0.107
 169          0.107
 170          0.115
 171          0.076
 172          0.063
 173          0.072
 174          0.073
 175          0.051
 176          0.091
 177          0.141
 178          0.042
 179          0.041
 180          0.080
 181          0.086
 182          0.061
 183          0.079
 184          0.113
 185          0.157
 186          0.154
 187          0.134
 188          0.109
 189          0.110
 190          0.083
 191          0.084
 192          0.078
 193          0.098
 194          0.092
 195          0.109
 196          0.132
 197          0.105
 198          0.152
 199          0.156
 200          0.187
 201          0.178
 202          0.131
 203          0.084
 204          0.103
 205          0.103
 206          0.127
 207          0.138
 208          0.113
 209          0.130
 210          0.121
 211          0.154
 212          0.169
 213          0.111
 214          0.061
 215          0.100
 216          0.118
 217          0.096
 218          0.131
 219          0.086
 220          0.064
 221          0.109
 222          0.073
 223          0.068
 224          0.094
 225          0.077
 226          0.052
 227          0.039
 228          0.062
 229          0.171
 230          0.259
 231          0.171
 232          0.047
 233          0.048
 234          0.086
 235          0.099
 236          0.030
 237          0.183
 238          0.166
 239          0.147
 240          0.697
 241          0.754
 242          0.402
 243          0.293
 244          0.365
 245          0.224
 246          0.112
 247          0.121
 248          0.091
 249          0.104
 250          0.094
 251          0.112
 252          0.134
 253          0.102
 254          0.106
 255          0.137
 256          0.101
 257          0.118
 258          0.088
 259          0.037
 260          0.068
 261          0.084
 262          0.091
 263          0.120
 264          0.094
 265          0.160
 266          0.087
 267          0.033
 268          0.020
 269          0.049
 270          0.058
 271          0.115
 272          0.069
 273          0.098
 274          0.083
 275          0.064
 276          0.093
 277          0.122
 278          0.166
 279          0.169
 280          0.222
 281          0.227
 282          0.173
 283          0.175
 284          0.183
 285          0.161
 286          0.143
 287          0.132
 288          0.112
 289          0.114
 290          0.104
 291          0.178
 292          0.176
 293          0.165
 294          0.156
 295          0.217
 296          0.190
 297          0.185
 298          0.148
 299          0.142
 300          0.122
 301          0.087
 302          0.080
 303          0.086
 304          0.167
 305          0.161
 306          0.150
 307          0.039
 308          0.051
 309          0.042
 310          0.080
 311          0.145
 312          0.147
 313          0.109
 314          0.124
 315          0.204
 316          0.140
 317          0.111
 318          0.080
 319          0.076
 320          0.174
 321          0.060
 322          0.047
 323          0.098
 324          0.113
 325          0.189
 326          0.168
 327          0.133
 328          0.103
 329          0.142
 330          0.150
 331          0.182
 332          0.129
 333          0.164
 334          0.176
 335          0.175
 336          0.120
 337          0.090
 338          0.106
 339          0.111
 340          0.133
 341          0.157
 342          0.174
 343          0.177
 344          0.292
 345          0.374
 346          0.292
 347          0.195
 348          0.159
 349          0.144
 350          0.148
 351          0.147
 352          0.180
 353          0.181
 354          0.143
 355          0.137
 356          0.132
 357          0.133
 358          0.155
 359          0.193
 360          0.172
 361          0.157
 362          0.123
 363          0.087
 364          0.144
 365          0.118
 366          0.156
 367          0.156
 368          0.147
 369          0.140
 370          0.078
 371          0.063
 372          0.060
 373          0.098
 374          0.108
 375          0.091
 376          0.111
 377          0.106
 378          0.118
 379          0.115
 380          0.098
 381          0.058
 382          0.035
 383          0.047
 384          0.112
 385          0.092
 386          0.094
 387          0.060
 388          0.055
 389          0.017
 390          0.050
 391          0.070
 392          0.082
 393          0.179
 394          0.168
 395          0.123
 396          0.100
 397          0.073
 398          0.032
 399          0.035
 400          0.026
 401          0.057
 402          0.063
 403          0.082
 404          0.101
 405          0.085
 406          0.122
 407          0.065
 408          0.087
 409          0.103
 410          0.097
 411          0.088
 412          0.083
 413          0.164
 414          0.073
 415          0.076
 416          0.134
 417          0.105
 418          0.077
 419          0.056
 420          0.058
 421          0.077
 422          0.162
 423          0.182
 424          0.133
 425          0.068
 426          0.030
 427          0.010
 428          0.064
 429          0.024
 430          0.174
 431          0.228
 432          0.053
 433          0.042
 434          0.033
 435          0.057
 436          0.055
 437          0.026
 438          0.107
 439          0.132
 440          0.167
 441          0.171
 442          0.184
 443          0.165
 444          0.074
 445          0.059
 446          0.086
 447          0.120
 448          0.090
 449          0.078
 450          0.098
 451          0.132
 452          0.147
 453          0.057
 454          0.053
 455          0.056
 456          0.073
 457          0.074
 458          0.089
 459          0.099
 460          0.129
 461          0.127
 462          0.074
 463          0.053
 464          0.054
 465          0.072
 466          0.066
 467          0.093
 468          0.136
 469          0.043
 470          0.056
 471          0.056
 472          0.045
 473          0.031
 474          0.058
 475          0.099
 476          0.150
 477          0.131
 478          0.077
 479          0.070
 480          0.110
 481          0.211
 482          0.253
 483          0.160
 484          0.114
 485          0.091
 486          0.066
 487          0.069

# Average distance: 0.125 nm
