# Atom index    Distance (nm)
   1          0.125
   2          0.081
   3          0.068
   4          0.064
   5          0.076
   6          0.071
   7          0.060
   8          0.060
   9          0.066
  10          0.047
  11          0.087
  12          0.083
  13          0.076
  14          0.088
  15          0.082
  16          0.081
  17          0.033
  18          0.041
  19          0.057
  20          0.063
  21          0.131
  22          0.170
  23          0.161
  24          0.156
  25          0.110
  26          0.095
  27          0.050
  28          0.049
  29          0.064
  30          0.077
  31          0.066
  32          0.033
  33          0.065
  34          0.056
  35          0.023
  36          0.017
  37          0.014
  38          0.026
  39          0.062
  40          0.050
  41          0.073
  42          0.053
  43          0.075
  44          0.081
  45          0.127
  46          0.238
  47          0.160
  48          0.217
  49          0.253
  50          0.294
  51          0.194
  52          0.109
  53          0.102
  54          0.028
  55          0.070
  56          0.068
  57          0.048
  58          0.042
  59          0.055
  60          0.101
  61          0.103
  62          0.074
  63          0.061
  64          0.082
  65          0.080
  66          0.123
  67          0.115
  68          0.199
  69          0.146
  70          0.135
  71          0.115
  72          0.085
  73          0.074
  74          0.081
  75          0.065
  76          0.099
  77          0.126
  78          0.154
  79          0.062
  80          0.156
  81          0.157
  82          0.138
  83          0.072
  84          0.076
  85          0.085
  86          0.111
  87          0.113
  88          0.060
  89          0.051
  90          0.013
  91          0.016
  92          0.050
  93          0.047
  94          0.044
  95          0.019
  96          0.034
  97          0.064
  98          0.051
  99          0.027
 100          0.021
 101          0.018
 102          0.063
 103          0.092
 104          0.062
 105          0.070
 106          0.074
 107          0.085
 108          0.090
 109          0.095
 110          0.073
 111          0.036
 112          0.114
 113          0.111
 114          0.106
 115          0.127
 116          0.093
 117          0.030
 118          0.037
 119          0.085
 120          0.067
 121          0.056
 122          0.063
 123          0.101
 124          0.064
 125          0.041
 126          0.034
 127          0.068
 128          0.082
 129          0.044
 130          0.039
 131          0.034
 132          0.056
 133          0.040
 134          0.034
 135          0.065
 136          0.095
 137          0.089
 138          0.126
 139          0.061
 140          0.067
 141          0.069
 142          0.087
 143          0.075
 144          0.074
 145          0.072
 146          0.063
 147          0.091
 148          0.076
 149          0.089
 150          0.170
 151          0.135
 152          0.138
 153          0.125
 154          0.150
 155          0.090
 156          0.091
 157          0.086
 158          0.109
 159          0.097
 160          0.081
 161          0.083
 162          0.105
 163          0.095
 164          0.022
 165          0.030
 166          0.069
 167          0.052
 168          0.058
 169          0.091
 170          0.091
 171          0.083
 172          0.057
 173          0.060
 174          0.053
 175          0.047
 176          0.046
 177          0.085
 178          0.045
 179          0.031
 180          0.048
 181          0.030
 182          0.031
 183          0.025
 184          0.080
 185          0.047
 186          0.079
 187          0.060
 188          0.065
 189          0.061
 190          0.066
 191          0.100
 192          0.151
 193          0.091
 194          0.120
 195          0.119
 196          0.091
 197          0.080
 198          0.069
 199          0.105
 200          0.133
 201          0.118
 202          0.060
 203          0.107
 204          0.075
 205          0.074
 206          0.066
 207          0.047
 208          0.050
 209          0.048
 210          0.038
 211          0.044
 212          0.063
 213          0.074
 214          0.077
 215          0.077
 216          0.082
 217          0.081
 218          0.074
 219          0.067
 220          0.056
 221          0.096
 222          0.092
 223          0.100
 224          0.089
 225          0.101
 226          0.112
 227          0.122
 228          0.090
 229          0.051
 230          0.132
 231          0.127
 232          0.112
 233          0.093
 234          0.109
 235          0.120
 236          0.138
 237          0.113
 238          0.067
 239          0.049
 240          0.022
 241          0.058
 242          0.035
 243          0.070
 244          0.066
 245          0.119
 246          0.113
 247          0.108
 248          0.111
 249          0.115
 250          0.130
 251          0.137
 252          0.104
 253          0.047
 254          0.080
 255          0.143
 256          0.132
 257          0.079
 258          0.110
 259          0.057
 260          0.077
 261          0.068
 262          0.060
 263          0.051
 264          0.058
 265          0.085
 266          0.082
 267          0.078
 268          0.075
 269          0.075
 270          0.125
 271          0.142
 272          0.151
 273          0.091
 274          0.106
 275          0.081
 276          0.072
 277          0.059
 278          0.132
 279          0.130
 280          0.155
 281          0.176
 282          0.116
 283          0.113
 284          0.088
 285          0.123
 286          0.115
 287          0.135
 288          0.137
 289          0.127
 290          0.124
 291          0.146
 292          0.138
 293          0.155
 294          0.175
 295          0.155
 296          0.133
 297          0.146
 298          0.131
 299          0.118
 300          0.134
 301          0.141
 302          0.121
 303          0.137
 304          0.149
 305          0.219
 306          0.195
 307          0.124
 308          0.119
 309          0.100
 310          0.086
 311          0.069
 312          0.127
 313          0.173
 314          0.091
 315          0.083
 316          0.036
 317          0.065
 318          0.096
 319          0.105
 320          0.082
 321          0.114
 322          0.149
 323          0.178
 324          0.155
 325          0.149
 326          0.132
 327          0.087
 328          0.123
 329          0.138
 330          0.086
 331          0.080
 332          0.067
 333          0.066
 334          0.075
 335          0.093
 336          0.103
 337          0.094
 338          0.063
 339          0.052
 340          0.060
 341          0.067
 342          0.116
 343          0.116
 344          0.061
 345          0.096
 346          0.096
 347          0.084
 348          0.063
 349          0.043
 350          0.032
 351          0.029
 352          0.056
 353          0.142
 354          0.118
 355          0.085
 356          0.076
 357          0.078
 358          0.054
 359          0.049
 360          0.098
 361          0.087
 362          0.125
 363          0.079
 364          0.055
 365          0.094
 366          0.080
 367          0.077
 368          0.091
 369          0.066
 370          0.046
 371          0.085
 372          0.049
 373          0.051
 374          0.059
 375          0.058
 376          0.062
 377          0.043
 378          0.035
 379          0.015
 380          0.017
 381          0.019
 382          0.044
 383          0.030
 384          0.073
 385          0.062
 386          0.081
 387          0.061
 388          0.025
 389          0.041
 390          0.039
 391          0.034
 392          0.045
 393          0.071
 394          0.188
 395          0.111
 396          0.079
 397          0.136
 398          0.056
 399          0.061
 400          0.043
 401          0.069
 402          0.071
 403          0.064
 404          0.069
 405          0.042
 406          0.038
 407          0.050
 408          0.033
 409          0.035
 410          0.059
 411          0.096
 412          0.107
 413          0.059
 414          0.067
 415          0.073
 416          0.085
 417          0.104
 418          0.038
 419          0.050
 420          0.077
 421          0.135
 422          0.164
 423          0.145
 424          0.076
 425          0.067
 426          0.095
 427          0.072
 428          0.107
 429          0.132
 430          0.201
 431          0.239
 432          0.264
 433          0.182
 434          0.128
 435          0.112
 436          0.165
 437          0.130
 438          0.149
 439          0.119
 440          0.147
 441          0.142
 442          0.114
 443          0.106
 444          0.097
 445          0.085
 446          0.086
 447          0.075
 448          0.076
 449          0.061
 450          0.054
 451          0.056
 452          0.077
 453          0.075
 454          0.067
 455          0.080
 456          0.046
 457          0.059
 458          0.068
 459          0.055
 460          0.054
 461          0.062
 462          0.051
 463          0.043
 464          0.063
 465          0.054
 466          0.043
 467          0.086
 468          0.109
 469          0.118
 470          0.142
 471          0.073
 472          0.021
 473          0.025
 474          0.054
 475          0.057
 476          0.066
 477          0.090
 478          0.074
 479          0.047
 480          0.031
 481          0.039
 482          0.049
 483          0.055
 484          0.050
 485          0.048
 486          0.048
 487          0.036

# Average distance: 0.086 nm
