# Atom index    Distance (nm)
   1          0.155
   2          0.126
   3          0.143
   4          0.110
   5          0.172
   6          0.098
   7          0.057
   8          0.039
   9          0.069
  10          0.037
  11          0.070
  12          0.109
  13          0.137
  14          0.134
  15          0.073
  16          0.059
  17          0.061
  18          0.064
  19          0.069
  20          0.106
  21          0.066
  22          0.197
  23          0.107
  24          0.193
  25          0.174
  26          0.140
  27          0.079
  28          0.102
  29          0.104
  30          0.076
  31          0.050
  32          0.079
  33          0.078
  34          0.076
  35          0.025
  36          0.063
  37          0.063
  38          0.040
  39          0.078
  40          0.080
  41          0.053
  42          0.098
  43          0.071
  44          0.060
  45          0.046
  46          0.060
  47          0.120
  48          0.132
  49          0.160
  50          0.147
  51          0.120
  52          0.118
  53          0.060
  54          0.076
  55          0.084
  56          0.137
  57          0.139
  58          0.096
  59          0.094
  60          0.102
  61          0.116
  62          0.114
  63          0.110
  64          0.117
  65          0.193
  66          0.178
  67          0.077
  68          0.166
  69          0.137
  70          0.087
  71          0.077
  72          0.092
  73          0.104
  74          0.062
  75          0.079
  76          0.143
  77          0.148
  78          0.196
  79          0.150
  80          0.130
  81          0.117
  82          0.131
  83          0.115
  84          0.098
  85          0.075
  86          0.085
  87          0.081
  88          0.067
  89          0.112
  90          0.090
  91          0.127
  92          0.090
  93          0.044
  94          0.029
  95          0.028
  96          0.094
  97          0.139
  98          0.113
  99          0.112
 100          0.098
 101          0.068
 102          0.144
 103          0.109
 104          0.092
 105          0.088
 106          0.108
 107          0.058
 108          0.067
 109          0.043
 110          0.052
 111          0.039
 112          0.099
 113          0.095
 114          0.070
 115          0.063
 116          0.059
 117          0.101
 118          0.123
 119          0.128
 120          0.125
 121          0.157
 122          0.123
 123          0.138
 124          0.110
 125          0.095
 126          0.079
 127          0.051
 128          0.020
 129          0.060
 130          0.062
 131          0.069
 132          0.116
 133          0.084
 134          0.060
 135          0.075
 136          0.050
 137          0.049
 138          0.044
 139          0.097
 140          0.077
 141          0.126
 142          0.113
 143          0.115
 144          0.144
 145          0.154
 146          0.097
 147          0.094
 148          0.089
 149          0.089
 150          0.139
 151          0.178
 152          0.174
 153          0.170
 154          0.082
 155          0.140
 156          0.106
 157          0.099
 158          0.105
 159          0.106
 160          0.123
 161          0.101
 162          0.112
 163          0.099
 164          0.094
 165          0.082
 166          0.157
 167          0.142
 168          0.070
 169          0.062
 170          0.055
 171          0.045
 172          0.053
 173          0.059
 174          0.035
 175          0.032
 176          0.035
 177          0.028
 178          0.053
 179          0.058
 180          0.050
 181          0.049
 182          0.045
 183          0.050
 184          0.061
 185          0.055
 186          0.073
 187          0.075
 188          0.053
 189          0.039
 190          0.063
 191          0.070
 192          0.076
 193          0.083
 194          0.092
 195          0.064
 196          0.075
 197          0.052
 198          0.065
 199          0.084
 200          0.086
 201          0.093
 202          0.071
 203          0.075
 204          0.020
 205          0.022
 206          0.058
 207          0.079
 208          0.065
 209          0.110
 210          0.127
 211          0.130
 212          0.145
 213          0.090
 214          0.090
 215          0.114
 216          0.077
 217          0.058
 218          0.055
 219          0.073
 220          0.101
 221          0.152
 222          0.087
 223          0.028
 224          0.054
 225          0.045
 226          0.070
 227          0.094
 228          0.109
 229          0.080
 230          0.051
 231          0.054
 232          0.081
 233          0.083
 234          0.047
 235          0.064
 236          0.117
 237          0.234
 238          0.229
 239          0.070
 240          0.084
 241          0.037
 242          0.080
 243          0.118
 244          0.187
 245          0.125
 246          0.111
 247          0.144
 248          0.105
 249          0.078
 250          0.061
 251          0.072
 252          0.032
 253          0.023
 254          0.070
 255          0.053
 256          0.072
 257          0.056
 258          0.044
 259          0.045
 260          0.032
 261          0.058
 262          0.067
 263          0.110
 264          0.097
 265          0.107
 266          0.091
 267          0.075
 268          0.059
 269          0.050
 270          0.087
 271          0.069
 272          0.085
 273          0.073
 274          0.077
 275          0.045
 276          0.066
 277          0.082
 278          0.089
 279          0.082
 280          0.097
 281          0.083
 282          0.061
 283          0.053
 284          0.044
 285          0.056
 286          0.022
 287          0.045
 288          0.048
 289          0.047
 290          0.072
 291          0.090
 292          0.073
 293          0.076
 294          0.084
 295          0.137
 296          0.121
 297          0.103
 298          0.106
 299          0.089
 300          0.095
 301          0.050
 302          0.040
 303          0.068
 304          0.056
 305          0.044
 306          0.081
 307          0.090
 308          0.105
 309          0.110
 310          0.119
 311          0.132
 312          0.102
 313          0.112
 314          0.112
 315          0.095
 316          0.113
 317          0.118
 318          0.101
 319          0.105
 320          0.134
 321          0.129
 322          0.161
 323          0.143
 324          0.153
 325          0.189
 326          0.182
 327          0.173
 328          0.163
 329          0.103
 330          0.060
 331          0.076
 332          0.055
 333          0.070
 334          0.057
 335          0.059
 336          0.013
 337          0.030
 338          0.066
 339          0.059
 340          0.060
 341          0.070
 342          0.111
 343          0.149
 344          0.224
 345          0.227
 346          0.180
 347          0.129
 348          0.087
 349          0.096
 350          0.091
 351          0.117
 352          0.169
 353          0.309
 354          0.142
 355          0.102
 356          0.103
 357          0.075
 358          0.104
 359          0.176
 360          0.121
 361          0.150
 362          0.183
 363          0.172
 364          0.164
 365          0.201
 366          0.229
 367          0.158
 368          0.082
 369          0.086
 370          0.039
 371          0.072
 372          0.057
 373          0.076
 374          0.061
 375          0.044
 376          0.038
 377          0.037
 378          0.064
 379          0.028
 380          0.051
 381          0.069
 382          0.067
 383          0.098
 384          0.089
 385          0.077
 386          0.039
 387          0.050
 388          0.059
 389          0.100
 390          0.089
 391          0.042
 392          0.067
 393          0.102
 394          0.370
 395          0.208
 396          0.122
 397          0.064
 398          0.081
 399          0.070
 400          0.088
 401          0.074
 402          0.032
 403          0.029
 404          0.024
 405          0.060
 406          0.058
 407          0.045
 408          0.042
 409          0.038
 410          0.077
 411          0.091
 412          0.100
 413          0.096
 414          0.210
 415          0.140
 416          0.068
 417          0.025
 418          0.041
 419          0.064
 420          0.063
 421          0.055
 422          0.132
 423          0.105
 424          0.116
 425          0.104
 426          0.095
 427          0.069
 428          0.069
 429          0.091
 430          0.079
 431          0.092
 432          0.148
 433          0.049
 434          0.073
 435          0.081
 436          0.031
 437          0.088
 438          0.060
 439          0.076
 440          0.125
 441          0.143
 442          0.073
 443          0.037
 444          0.053
 445          0.043
 446          0.036
 447          0.026
 448          0.039
 449          0.030
 450          0.075
 451          0.086
 452          0.083
 453          0.034
 454          0.066
 455          0.051
 456          0.027
 457          0.039
 458          0.049
 459          0.041
 460          0.039
 461          0.078
 462          0.082
 463          0.035
 464          0.033
 465          0.045
 466          0.087
 467          0.133
 468          0.192
 469          0.214
 470          0.072
 471          0.103
 472          0.058
 473          0.048
 474          0.047
 475          0.152
 476          0.067
 477          0.047
 478          0.065
 479          0.081
 480          0.081
 481          0.105
 482          0.119
 483          0.056
 484          0.061
 485          0.058
 486          0.048
 487          0.061

# Average distance: 0.090 nm
