# Atom index    Distance (nm)
   1          0.199
   2          0.058
   3          0.030
   4          0.073
   5          0.097
   6          0.130
   7          0.150
   8          0.114
   9          0.078
  10          0.050
  11          0.045
  12          0.072
  13          0.138
  14          0.128
  15          0.036
  16          0.027
  17          0.026
  18          0.020
  19          0.030
  20          0.028
  21          0.042
  22          0.101
  23          0.112
  24          0.087
  25          0.030
  26          0.056
  27          0.016
  28          0.029
  29          0.047
  30          0.053
  31          0.050
  32          0.110
  33          0.103
  34          0.113
  35          0.108
  36          0.143
  37          0.118
  38          0.062
  39          0.089
  40          0.091
  41          0.135
  42          0.212
  43          0.252
  44          0.261
  45          0.172
  46          0.249
  47          0.293
  48          0.430
  49          0.393
  50          0.332
  51          0.248
  52          0.294
  53          0.197
  54          0.202
  55          0.160
  56          0.165
  57          0.152
  58          0.143
  59          0.155
  60          0.157
  61          0.157
  62          0.127
  63          0.138
  64          0.122
  65          0.142
  66          0.133
  67          0.199
  68          0.302
  69          0.253
  70          0.212
  71          0.185
  72          0.148
  73          0.125
  74          0.096
  75          0.060
  76          0.142
  77          0.142
  78          0.162
  79          0.223
  80          0.255
  81          0.220
  82          0.165
  83          0.139
  84          0.162
  85          0.161
  86          0.192
  87          0.160
  88          0.126
  89          0.121
  90          0.087
  91          0.082
  92          0.094
  93          0.081
  94          0.071
  95          0.089
  96          0.091
  97          0.154
  98          0.164
  99          0.170
 100          0.156
 101          0.186
 102          0.189
 103          0.189
 104          0.154
 105          0.130
 106          0.152
 107          0.132
 108          0.189
 109          0.173
 110          0.111
 111          0.134
 112          0.153
 113          0.155
 114          0.201
 115          0.179
 116          0.178
 117          0.159
 118          0.178
 119          0.178
 120          0.103
 121          0.094
 122          0.094
 123          0.165
 124          0.075
 125          0.077
 126          0.065
 127          0.033
 128          0.021
 129          0.090
 130          0.090
 131          0.099
 132          0.070
 133          0.133
 134          0.117
 135          0.084
 136          0.060
 137          0.036
 138          0.047
 139          0.057
 140          0.063
 141          0.078
 142          0.061
 143          0.074
 144          0.062
 145          0.044
 146          0.061
 147          0.076
 148          0.045
 149          0.043
 150          0.057
 151          0.115
 152          0.133
 153          0.131
 154          0.100
 155          0.063
 156          0.031
 157          0.038
 158          0.080
 159          0.076
 160          0.049
 161          0.074
 162          0.058
 163          0.019
 164          0.073
 165          0.046
 166          0.019
 167          0.032
 168          0.085
 169          0.035
 170          0.033
 171          0.027
 172          0.033
 173          0.024
 174          0.019
 175          0.041
 176          0.048
 177          0.066
 178          0.045
 179          0.054
 180          0.036
 181          0.014
 182          0.038
 183          0.048
 184          0.061
 185          0.084
 186          0.060
 187          0.023
 188          0.046
 189          0.034
 190          0.025
 191          0.078
 192          0.097
 193          0.068
 194          0.034
 195          0.038
 196          0.024
 197          0.058
 198          0.042
 199          0.043
 200          0.031
 201          0.067
 202          0.059
 203          0.082
 204          0.078
 205          0.059
 206          0.058
 207          0.062
 208          0.073
 209          0.074
 210          0.100
 211          0.089
 212          0.064
 213          0.089
 214          0.084
 215          0.068
 216          0.070
 217          0.093
 218          0.065
 219          0.076
 220          0.079
 221          0.131
 222          0.131
 223          0.039
 224          0.034
 225          0.051
 226          0.123
 227          0.126
 228          0.122
 229          0.080
 230          0.104
 231          0.118
 232          0.089
 233          0.063
 234          0.044
 235          0.076
 236          0.150
 237          0.117
 238          0.175
 239          0.283
 240          0.103
 241          0.076
 242          0.122
 243          0.146
 244          0.188
 245          0.125
 246          0.082
 247          0.106
 248          0.075
 249          0.029
 250          0.021
 251          0.029
 252          0.038
 253          0.056
 254          0.077
 255          0.081
 256          0.068
 257          0.049
 258          0.037
 259          0.083
 260          0.087
 261          0.082
 262          0.065
 263          0.079
 264          0.098
 265          0.080
 266          0.076
 267          0.068
 268          0.105
 269          0.085
 270          0.209
 271          0.213
 272          0.186
 273          0.120
 274          0.117
 275          0.091
 276          0.089
 277          0.086
 278          0.069
 279          0.085
 280          0.076
 281          0.129
 282          0.150
 283          0.101
 284          0.043
 285          0.077
 286          0.072
 287          0.077
 288          0.078
 289          0.061
 290          0.107
 291          0.066
 292          0.125
 293          0.111
 294          0.083
 295          0.173
 296          0.126
 297          0.074
 298          0.131
 299          0.120
 300          0.130
 301          0.132
 302          0.090
 303          0.073
 304          0.046
 305          0.061
 306          0.083
 307          0.111
 308          0.129
 309          0.118
 310          0.159
 311          0.182
 312          0.230
 313          0.262
 314          0.273
 315          0.150
 316          0.173
 317          0.120
 318          0.132
 319          0.107
 320          0.159
 321          0.190
 322          0.225
 323          0.229
 324          0.120
 325          0.133
 326          0.196
 327          0.144
 328          0.099
 329          0.118
 330          0.099
 331          0.083
 332          0.072
 333          0.074
 334          0.101
 335          0.114
 336          0.082
 337          0.059
 338          0.071
 339          0.075
 340          0.043
 341          0.064
 342          0.073
 343          0.106
 344          0.141
 345          0.128
 346          0.100
 347          0.080
 348          0.055
 349          0.033
 350          0.049
 351          0.055
 352          0.164
 353          0.248
 354          0.223
 355          0.128
 356          0.132
 357          0.097
 358          0.110
 359          0.110
 360          0.100
 361          0.056
 362          0.039
 363          0.065
 364          0.109
 365          0.096
 366          0.112
 367          0.078
 368          0.069
 369          0.052
 370          0.037
 371          0.039
 372          0.085
 373          0.047
 374          0.048
 375          0.073
 376          0.040
 377          0.052
 378          0.101
 379          0.063
 380          0.074
 381          0.106
 382          0.056
 383          0.037
 384          0.067
 385          0.069
 386          0.094
 387          0.105
 388          0.074
 389          0.068
 390          0.077
 391          0.043
 392          0.042
 393          0.223
 394          0.060
 395          0.035
 396          0.016
 397          0.048
 398          0.052
 399          0.074
 400          0.055
 401          0.055
 402          0.102
 403          0.112
 404          0.054
 405          0.061
 406          0.144
 407          0.074
 408          0.022
 409          0.021
 410          0.063
 411          0.042
 412          0.042
 413          0.027
 414          0.035
 415          0.041
 416          0.026
 417          0.034
 418          0.060
 419          0.066
 420          0.049
 421          0.054
 422          0.136
 423          0.124
 424          0.077
 425          0.022
 426          0.059
 427          0.043
 428          0.051
 429          0.022
 430          0.060
 431          0.053
 432          0.112
 433          0.050
 434          0.052
 435          0.047
 436          0.043
 437          0.040
 438          0.063
 439          0.062
 440          0.082
 441          0.055
 442          0.060
 443          0.050
 444          0.051
 445          0.035
 446          0.037
 447          0.024
 448          0.017
 449          0.011
 450          0.030
 451          0.007
 452          0.022
 453          0.037
 454          0.023
 455          0.026
 456          0.030
 457          0.053
 458          0.057
 459          0.013
 460          0.054
 461          0.056
 462          0.047
 463          0.020
 464          0.040
 465          0.055
 466          0.071
 467          0.092
 468          0.085
 469          0.084
 470          0.089
 471          0.101
 472          0.010
 473          0.051
 474          0.072
 475          0.070
 476          0.094
 477          0.040
 478          0.027
 479          0.075
 480          0.084
 481          0.067
 482          0.066
 483          0.054
 484          0.029
 485          0.043
 486          0.068
 487          0.074

# Average distance: 0.094 nm
