# Atom index    Distance (nm)
   1          0.902
   2          0.250
   3          0.119
   4          0.046
   5          0.096
   6          0.153
   7          0.192
   8          0.071
   9          0.113
  10          0.134
  11          0.116
  12          0.086
  13          0.154
  14          0.153
  15          0.147
  16          0.125
  17          0.066
  18          0.041
  19          0.093
  20          0.162
  21          0.053
  22          0.120
  23          0.125
  24          0.159
  25          0.230
  26          0.178
  27          0.170
  28          0.098
  29          0.081
  30          0.083
  31          0.096
  32          0.222
  33          0.277
  34          0.221
  35          0.297
  36          0.358
  37          0.208
  38          0.176
  39          0.185
  40          0.203
  41          0.285
  42          0.312
  43          0.428
  44          0.517
  45          0.425
  46          0.470
  47          0.497
  48          0.587
  49          0.594
  50          0.552
  51          0.561
  52          0.487
  53          0.449
  54          0.311
  55          0.354
  56          0.281
  57          0.288
  58          0.268
  59          0.279
  60          0.272
  61          0.338
  62          0.324
  63          0.318
  64          0.292
  65          0.340
  66          0.358
  67          0.452
  68          0.510
  69          0.473
  70          0.419
  71          0.386
  72          0.304
  73          0.297
  74          0.292
  75          0.337
  76          0.387
  77          0.417
  78          0.364
  79          0.471
  80          0.537
  81          0.469
  82          0.477
  83          0.418
  84          0.363
  85          0.330
  86          0.332
  87          0.199
  88          0.206
  89          0.162
  90          0.095
  91          0.070
  92          0.050
  93          0.066
  94          0.017
  95          0.114
  96          0.163
  97          0.217
  98          0.288
  99          0.380
 100          0.452
 101          0.541
 102          0.506
 103          0.483
 104          0.377
 105          0.272
 106          0.152
 107          0.151
 108          0.187
 109          0.185
 110          0.237
 111          0.254
 112          0.243
 113          0.181
 114          0.197
 115          0.276
 116          0.376
 117          0.360
 118          0.428
 119          0.483
 120          0.325
 121          0.293
 122          0.200
 123          0.222
 124          0.159
 125          0.102
 126          0.014
 127          0.094
 128          0.116
 129          0.122
 130          0.090
 131          0.139
 132          0.147
 133          0.092
 134          0.070
 135          0.090
 136          0.086
 137          0.125
 138          0.124
 139          0.145
 140          0.191
 141          0.210
 142          0.225
 143          0.327
 144          0.333
 145          0.285
 146          0.246
 147          0.135
 148          0.122
 149          0.101
 150          0.137
 151          0.143
 152          0.108
 153          0.147
 154          0.130
 155          0.084
 156          0.093
 157          0.117
 158          0.139
 159          0.202
 160          0.190
 161          0.183
 162          0.235
 163          0.222
 164          0.148
 165          0.110
 166          0.093
 167          0.106
 168          0.108
 169          0.122
 170          0.132
 171          0.108
 172          0.105
 173          0.097
 174          0.085
 175          0.078
 176          0.127
 177          0.151
 178          0.116
 179          0.119
 180          0.125
 181          0.163
 182          0.166
 183          0.104
 184          0.096
 185          0.118
 186          0.148
 187          0.125
 188          0.111
 189          0.127
 190          0.124
 191          0.156
 192          0.234
 193          0.193
 194          0.156
 195          0.138
 196          0.120
 197          0.137
 198          0.117
 199          0.159
 200          0.163
 201          0.173
 202          0.159
 203          0.195
 204          0.181
 205          0.169
 206          0.176
 207          0.148
 208          0.182
 209          0.201
 210          0.195
 211          0.164
 212          0.291
 213          0.269
 214          0.161
 215          0.142
 216          0.182
 217          0.184
 218          0.158
 219          0.174
 220          0.195
 221          0.207
 222          0.208
 223          0.203
 224          0.159
 225          0.150
 226          0.206
 227          0.222
 228          0.228
 229          0.243
 230          0.278
 231          0.188
 232          0.214
 233          0.201
 234          0.171
 235          0.207
 236          0.219
 237          0.222
 238          0.273
 239          0.471
 240          0.312
 241          0.388
 242          0.333
 243          0.294
 244          0.282
 245          0.244
 246          0.223
 247          0.213
 248          0.144
 249          0.144
 250          0.134
 251          0.127
 252          0.126
 253          0.132
 254          0.128
 255          0.079
 256          0.097
 257          0.105
 258          0.104
 259          0.098
 260          0.106
 261          0.136
 262          0.180
 263          0.167
 264          0.063
 265          0.092
 266          0.088
 267          0.054
 268          0.024
 269          0.082
 270          0.088
 271          0.214
 272          0.236
 273          0.215
 274          0.122
 275          0.107
 276          0.117
 277          0.113
 278          0.119
 279          0.121
 280          0.132
 281          0.098
 282          0.072
 283          0.113
 284          0.119
 285          0.071
 286          0.091
 287          0.083
 288          0.078
 289          0.096
 290          0.133
 291          0.146
 292          0.156
 293          0.195
 294          0.136
 295          0.207
 296          0.232
 297          0.203
 298          0.202
 299          0.193
 300          0.164
 301          0.120
 302          0.082
 303          0.093
 304          0.053
 305          0.065
 306          0.072
 307          0.093
 308          0.103
 309          0.120
 310          0.159
 311          0.176
 312          0.178
 313          0.104
 314          0.157
 315          0.090
 316          0.099
 317          0.197
 318          0.172
 319          0.173
 320          0.212
 321          0.204
 322          0.232
 323          0.202
 324          0.160
 325          0.131
 326          0.153
 327          0.142
 328          0.177
 329          0.192
 330          0.199
 331          0.198
 332          0.163
 333          0.179
 334          0.136
 335          0.162
 336          0.098
 337          0.156
 338          0.169
 339          0.179
 340          0.219
 341          0.256
 342          0.232
 343          0.216
 344          0.208
 345          0.174
 346          0.195
 347          0.202
 348          0.227
 349          0.215
 350          0.195
 351          0.204
 352          0.231
 353          0.260
 354          0.224
 355          0.144
 356          0.146
 357          0.162
 358          0.176
 359          0.195
 360          0.126
 361          0.224
 362          0.251
 363          0.322
 364          0.276
 365          0.238
 366          0.313
 367          0.332
 368          0.291
 369          0.223
 370          0.179
 371          0.130
 372          0.115
 373          0.120
 374          0.117
 375          0.089
 376          0.103
 377          0.110
 378          0.104
 379          0.103
 380          0.099
 381          0.109
 382          0.119
 383          0.112
 384          0.120
 385          0.147
 386          0.178
 387          0.168
 388          0.157
 389          0.171
 390          0.158
 391          0.155
 392          0.168
 393          0.282
 394          0.207
 395          0.143
 396          0.202
 397          0.097
 398          0.153
 399          0.175
 400          0.109
 401          0.081
 402          0.066
 403          0.109
 404          0.114
 405          0.128
 406          0.137
 407          0.162
 408          0.102
 409          0.117
 410          0.071
 411          0.132
 412          0.089
 413          0.087
 414          0.145
 415          0.140
 416          0.190
 417          0.086
 418          0.065
 419          0.072
 420          0.098
 421          0.065
 422          0.109
 423          0.098
 424          0.104
 425          0.177
 426          0.103
 427          0.085
 428          0.091
 429          0.039
 430          0.086
 431          0.117
 432          0.116
 433          0.153
 434          0.176
 435          0.095
 436          0.102
 437          0.125
 438          0.115
 439          0.101
 440          0.125
 441          0.128
 442          0.132
 443          0.123
 444          0.133
 445          0.093
 446          0.097
 447          0.030
 448          0.083
 449          0.084
 450          0.069
 451          0.111
 452          0.067
 453          0.075
 454          0.085
 455          0.033
 456          0.070
 457          0.075
 458          0.094
 459          0.060
 460          0.157
 461          0.250
 462          0.211
 463          0.203
 464          0.208
 465          0.270
 466          0.236
 467          0.264
 468          0.340
 469          0.303
 470          0.373
 471          0.294
 472          0.302
 473          0.254
 474          0.244
 475          0.239
 476          0.209
 477          0.174
 478          0.206
 479          0.100
 480          0.153
 481          0.137
 482          0.155
 483          0.076
 484          0.128
 485          0.122
 486          0.103
 487          0.102

# Average distance: 0.187 nm
