# Atom index    Distance (nm)
   1          0.139
   2          0.122
   3          0.113
   4          0.066
   5          0.104
   6          0.081
   7          0.143
   8          0.170
   9          0.118
  10          0.028
  11          0.102
  12          0.173
  13          0.287
  14          0.245
  15          0.247
  16          0.173
  17          0.105
  18          0.067
  19          0.138
  20          0.210
  21          0.364
  22          0.414
  23          0.390
  24          0.459
  25          0.448
  26          0.340
  27          0.256
  28          0.141
  29          0.047
  30          0.097
  31          0.161
  32          0.241
  33          0.233
  34          0.234
  35          0.297
  36          0.307
  37          0.266
  38          0.202
  39          0.218
  40          0.187
  41          0.247
  42          0.288
  43          0.315
  44          0.328
  45          0.305
  46          0.486
  47          0.533
  48          0.905
  49          1.058
  50          0.983
  51          0.734
  52          0.431
  53          0.365
  54          0.273
  55          0.298
  56          0.319
  57          0.328
  58          0.280
  59          0.322
  60          0.379
  61          0.378
  62          0.347
  63          0.334
  64          0.328
  65          0.353
  66          0.345
  67          0.420
  68          0.456
  69          0.393
  70          0.290
  71          0.293
  72          0.293
  73          0.301
  74          0.313
  75          0.325
  76          0.351
  77          0.398
  78          0.376
  79          0.375
  80          0.406
  81          0.411
  82          0.375
  83          0.373
  84          0.374
  85          0.276
  86          0.262
  87          0.164
  88          0.180
  89          0.099
  90          0.123
  91          0.112
  92          0.114
  93          0.079
  94          0.090
  95          0.094
  96          0.118
  97          0.149
  98          0.230
  99          0.322
 100          0.404
 101          0.440
 102          0.464
 103          0.426
 104          0.322
 105          0.217
 106          0.180
 107          0.183
 108          0.198
 109          0.169
 110          0.123
 111          0.119
 112          0.120
 113          0.150
 114          0.171
 115          0.235
 116          0.287
 117          0.310
 118          0.354
 119          0.295
 120          0.227
 121          0.244
 122          0.232
 123          0.159
 124          0.150
 125          0.163
 126          0.112
 127          0.091
 128          0.141
 129          0.170
 130          0.141
 131          0.153
 132          0.131
 133          0.137
 134          0.138
 135          0.132
 136          0.101
 137          0.140
 138          0.179
 139          0.152
 140          0.128
 141          0.147
 142          0.079
 143          0.107
 144          0.107
 145          0.138
 146          0.125
 147          0.120
 148          0.083
 149          0.065
 150          0.107
 151          0.163
 152          0.258
 153          0.260
 154          0.297
 155          0.155
 156          0.122
 157          0.112
 158          0.104
 159          0.157
 160          0.130
 161          0.126
 162          0.144
 163          0.127
 164          0.100
 165          0.079
 166          0.083
 167          0.087
 168          0.085
 169          0.082
 170          0.116
 171          0.080
 172          0.133
 173          0.173
 174          0.171
 175          0.132
 176          0.136
 177          0.137
 178          0.134
 179          0.134
 180          0.134
 181          0.142
 182          0.110
 183          0.116
 184          0.102
 185          0.128
 186          0.132
 187          0.120
 188          0.149
 189          0.120
 190          0.127
 191          0.107
 192          0.101
 193          0.095
 194          0.119
 195          0.113
 196          0.111
 197          0.124
 198          0.085
 199          0.101
 200          0.129
 201          0.117
 202          0.133
 203          0.129
 204          0.137
 205          0.078
 206          0.062
 207          0.074
 208          0.080
 209          0.077
 210          0.063
 211          0.059
 212          0.068
 213          0.056
 214          0.097
 215          0.048
 216          0.064
 217          0.053
 218          0.088
 219          0.091
 220          0.136
 221          0.133
 222          0.128
 223          0.106
 224          0.096
 225          0.083
 226          0.097
 227          0.138
 228          0.182
 229          0.167
 230          0.125
 231          0.092
 232          0.159
 233          0.156
 234          0.112
 235          0.101
 236          0.095
 237          0.268
 238          0.061
 239          0.340
 240          0.123
 241          0.124
 242          0.064
 243          0.060
 244          0.125
 245          0.151
 246          0.089
 247          0.084
 248          0.123
 249          0.143
 250          0.134
 251          0.127
 252          0.117
 253          0.122
 254          0.088
 255          0.086
 256          0.104
 257          0.089
 258          0.064
 259          0.119
 260          0.129
 261          0.110
 262          0.157
 263          0.181
 264          0.214
 265          0.111
 266          0.074
 267          0.071
 268          0.067
 269          0.136
 270          0.264
 271          0.309
 272          0.236
 273          0.201
 274          0.173
 275          0.108
 276          0.096
 277          0.099
 278          0.093
 279          0.093
 280          0.086
 281          0.087
 282          0.049
 283          0.037
 284          0.041
 285          0.054
 286          0.021
 287          0.032
 288          0.055
 289          0.074
 290          0.087
 291          0.106
 292          0.170
 293          0.199
 294          0.212
 295          0.247
 296          0.246
 297          0.216
 298          0.152
 299          0.127
 300          0.107
 301          0.142
 302          0.108
 303          0.049
 304          0.054
 305          0.089
 306          0.148
 307          0.125
 308          0.115
 309          0.117
 310          0.191
 311          0.231
 312          0.219
 313          0.135
 314          0.150
 315          0.203
 316          0.233
 317          0.228
 318          0.181
 319          0.119
 320          0.207
 321          0.208
 322          0.228
 323          0.201
 324          0.193
 325          0.203
 326          0.204
 327          0.179
 328          0.162
 329          0.174
 330          0.175
 331          0.160
 332          0.171
 333          0.179
 334          0.117
 335          0.112
 336          0.113
 337          0.150
 338          0.178
 339          0.173
 340          0.192
 341          0.242
 342          0.229
 343          0.271
 344          0.262
 345          0.258
 346          0.246
 347          0.235
 348          0.216
 349          0.257
 350          0.266
 351          0.227
 352          0.240
 353          0.251
 354          0.246
 355          0.178
 356          0.156
 357          0.190
 358          0.251
 359          0.235
 360          0.266
 361          0.232
 362          0.238
 363          0.200
 364          0.179
 365          0.187
 366          0.194
 367          0.226
 368          0.207
 369          0.179
 370          0.183
 371          0.172
 372          0.158
 373          0.068
 374          0.064
 375          0.053
 376          0.094
 377          0.129
 378          0.116
 379          0.092
 380          0.083
 381          0.036
 382          0.070
 383          0.109
 384          0.173
 385          0.115
 386          0.127
 387          0.105
 388          0.084
 389          0.054
 390          0.042
 391          0.031
 392          0.035
 393          0.194
 394          0.148
 395          0.137
 396          0.064
 397          0.078
 398          0.084
 399          0.086
 400          0.068
 401          0.119
 402          0.121
 403          0.200
 404          0.139
 405          0.087
 406          0.090
 407          0.026
 408          0.011
 409          0.066
 410          0.042
 411          0.062
 412          0.068
 413          0.032
 414          0.075
 415          0.081
 416          0.042
 417          0.059
 418          0.053
 419          0.053
 420          0.059
 421          0.063
 422          0.033
 423          0.081
 424          0.070
 425          0.069
 426          0.043
 427          0.056
 428          0.070
 429          0.104
 430          0.205
 431          0.223
 432          0.201
 433          0.121
 434          0.149
 435          0.092
 436          0.054
 437          0.048
 438          0.032
 439          0.063
 440          0.068
 441          0.107
 442          0.102
 443          0.111
 444          0.097
 445          0.091
 446          0.085
 447          0.101
 448          0.147
 449          0.131
 450          0.152
 451          0.153
 452          0.137
 453          0.082
 454          0.094
 455          0.100
 456          0.089
 457          0.065
 458          0.108
 459          0.110
 460          0.167
 461          0.205
 462          0.115
 463          0.117
 464          0.099
 465          0.085
 466          0.077
 467          0.083
 468          0.091
 469          0.113
 470          0.119
 471          0.112
 472          0.090
 473          0.102
 474          0.093
 475          0.107
 476          0.159
 477          0.190
 478          0.157
 479          0.102
 480          0.100
 481          0.108
 482          0.089
 483          0.109
 484          0.124
 485          0.105
 486          0.110
 487          0.065

# Average distance: 0.166 nm
