# Atom index    Distance (nm)
   1          0.169
   2          0.150
   3          0.140
   4          0.111
   5          0.189
   6          0.071
   7          0.096
   8          0.116
   9          0.049
  10          0.094
  11          0.085
  12          0.109
  13          0.128
  14          0.203
  15          0.172
  16          0.131
  17          0.085
  18          0.102
  19          0.093
  20          0.178
  21          0.141
  22          0.116
  23          0.150
  24          0.095
  25          0.154
  26          0.207
  27          0.187
  28          0.147
  29          0.114
  30          0.174
  31          0.044
  32          0.111
  33          0.135
  34          0.077
  35          0.098
  36          0.095
  37          0.076
  38          0.070
  39          0.064
  40          0.092
  41          0.229
  42          0.322
  43          0.227
  44          0.256
  45          0.150
  46          0.143
  47          0.249
  48          0.224
  49          0.407
  50          0.293
  51          0.249
  52          0.239
  53          0.192
  54          0.245
  55          0.253
  56          0.247
  57          0.191
  58          0.182
  59          0.161
  60          0.162
  61          0.161
  62          0.168
  63          0.200
  64          0.220
  65          0.241
  66          0.278
  67          0.308
  68          0.321
  69          0.290
  70          0.199
  71          0.289
  72          0.185
  73          0.188
  74          0.181
  75          0.267
  76          0.267
  77          0.343
  78          0.249
  79          0.184
  80          0.215
  81          0.193
  82          0.220
  83          0.247
  84          0.205
  85          0.223
  86          0.157
  87          0.083
  88          0.057
  89          0.055
  90          0.089
  91          0.173
  92          0.124
  93          0.058
  94          0.074
  95          0.049
  96          0.065
  97          0.053
  98          0.128
  99          0.204
 100          0.253
 101          0.280
 102          0.264
 103          0.236
 104          0.181
 105          0.099
 106          0.089
 107          0.099
 108          0.085
 109          0.074
 110          0.065
 111          0.125
 112          0.095
 113          0.105
 114          0.161
 115          0.193
 116          0.267
 117          0.232
 118          0.212
 119          0.121
 120          0.121
 121          0.126
 122          0.105
 123          0.112
 124          0.098
 125          0.044
 126          0.020
 127          0.023
 128          0.046
 129          0.064
 130          0.105
 131          0.126
 132          0.085
 133          0.056
 134          0.056
 135          0.046
 136          0.051
 137          0.071
 138          0.078
 139          0.105
 140          0.108
 141          0.092
 142          0.147
 143          0.165
 144          0.187
 145          0.138
 146          0.130
 147          0.127
 148          0.118
 149          0.116
 150          0.078
 151          0.113
 152          0.148
 153          0.094
 154          0.112
 155          0.135
 156          0.126
 157          0.143
 158          0.115
 159          0.077
 160          0.097
 161          0.108
 162          0.099
 163          0.116
 164          0.082
 165          0.081
 166          0.063
 167          0.064
 168          0.077
 169          0.041
 170          0.039
 171          0.031
 172          0.042
 173          0.044
 174          0.036
 175          0.070
 176          0.074
 177          0.117
 178          0.101
 179          0.139
 180          0.137
 181          0.063
 182          0.070
 183          0.025
 184          0.052
 185          0.114
 186          0.164
 187          0.111
 188          0.084
 189          0.059
 190          0.085
 191          0.084
 192          0.095
 193          0.140
 194          0.143
 195          0.093
 196          0.091
 197          0.077
 198          0.085
 199          0.091
 200          0.092
 201          0.146
 202          0.171
 203          0.096
 204          0.095
 205          0.133
 206          0.158
 207          0.154
 208          0.175
 209          0.208
 210          0.291
 211          0.263
 212          0.137
 213          0.095
 214          0.224
 215          0.164
 216          0.145
 217          0.147
 218          0.148
 219          0.146
 220          0.171
 221          0.225
 222          0.205
 223          0.194
 224          0.167
 225          0.113
 226          0.136
 227          0.141
 228          0.158
 229          0.104
 230          0.078
 231          0.193
 232          0.156
 233          0.123
 234          0.159
 235          0.160
 236          0.148
 237          0.376
 238          0.487
 239          0.532
 240          0.519
 241          0.275
 242          0.253
 243          0.342
 244          0.250
 245          0.220
 246          0.187
 247          0.225
 248          0.138
 249          0.103
 250          0.078
 251          0.079
 252          0.073
 253          0.054
 254          0.047
 255          0.058
 256          0.067
 257          0.074
 258          0.076
 259          0.076
 260          0.035
 261          0.117
 262          0.155
 263          0.174
 264          0.099
 265          0.059
 266          0.065
 267          0.062
 268          0.060
 269          0.096
 270          0.153
 271          0.147
 272          0.113
 273          0.130
 274          0.132
 275          0.088
 276          0.033
 277          0.040
 278          0.111
 279          0.077
 280          0.104
 281          0.123
 282          0.138
 283          0.143
 284          0.128
 285          0.077
 286          0.071
 287          0.075
 288          0.065
 289          0.076
 290          0.110
 291          0.140
 292          0.112
 293          0.099
 294          0.196
 295          0.233
 296          0.221
 297          0.119
 298          0.132
 299          0.112
 300          0.175
 301          0.131
 302          0.099
 303          0.105
 304          0.106
 305          0.125
 306          0.111
 307          0.066
 308          0.097
 309          0.080
 310          0.122
 311          0.066
 312          0.045
 313          0.043
 314          0.084
 315          0.060
 316          0.067
 317          0.093
 318          0.099
 319          0.095
 320          0.074
 321          0.053
 322          0.068
 323          0.051
 324          0.112
 325          0.135
 326          0.153
 327          0.139
 328          0.164
 329          0.129
 330          0.111
 331          0.129
 332          0.084
 333          0.072
 334          0.082
 335          0.057
 336          0.053
 337          0.017
 338          0.027
 339          0.019
 340          0.031
 341          0.106
 342          0.095
 343          0.065
 344          0.137
 345          0.161
 346          0.198
 347          0.184
 348          0.139
 349          0.077
 350          0.098
 351          0.143
 352          0.122
 353          0.138
 354          0.119
 355          0.103
 356          0.093
 357          0.092
 358          0.086
 359          0.088
 360          0.218
 361          0.259
 362          0.353
 363          0.227
 364          0.131
 365          0.116
 366          0.139
 367          0.128
 368          0.086
 369          0.061
 370          0.073
 371          0.045
 372          0.095
 373          0.105
 374          0.078
 375          0.084
 376          0.087
 377          0.076
 378          0.062
 379          0.056
 380          0.029
 381          0.044
 382          0.114
 383          0.074
 384          0.063
 385          0.087
 386          0.222
 387          0.127
 388          0.127
 389          0.126
 390          0.077
 391          0.159
 392          0.164
 393          0.437
 394          0.252
 395          0.134
 396          0.187
 397          0.101
 398          0.113
 399          0.105
 400          0.145
 401          0.108
 402          0.129
 403          0.122
 404          0.104
 405          0.096
 406          0.082
 407          0.091
 408          0.093
 409          0.071
 410          0.092
 411          0.097
 412          0.084
 413          0.130
 414          0.083
 415          0.069
 416          0.077
 417          0.061
 418          0.079
 419          0.086
 420          0.096
 421          0.174
 422          0.312
 423          0.218
 424          0.185
 425          0.116
 426          0.105
 427          0.089
 428          0.075
 429          0.069
 430          0.087
 431          0.056
 432          0.080
 433          0.119
 434          0.097
 435          0.063
 436          0.089
 437          0.102
 438          0.196
 439          0.184
 440          0.164
 441          0.135
 442          0.104
 443          0.100
 444          0.050
 445          0.065
 446          0.095
 447          0.090
 448          0.062
 449          0.053
 450          0.052
 451          0.087
 452          0.163
 453          0.059
 454          0.059
 455          0.055
 456          0.058
 457          0.082
 458          0.085
 459          0.043
 460          0.039
 461          0.078
 462          0.048
 463          0.027
 464          0.065
 465          0.077
 466          0.125
 467          0.108
 468          0.064
 469          0.122
 470          0.186
 471          0.105
 472          0.065
 473          0.052
 474          0.045
 475          0.042
 476          0.024
 477          0.101
 478          0.101
 479          0.087
 480          0.093
 481          0.074
 482          0.061
 483          0.054
 484          0.051
 485          0.061
 486          0.056
 487          0.057

# Average distance: 0.126 nm
