# Atom index    Distance (nm)
   1          0.194
   2          0.151
   3          0.101
   4          0.042
   5          0.048
   6          0.079
   7          0.086
   8          0.080
   9          0.044
  10          0.033
  11          0.076
  12          0.076
  13          0.086
  14          0.105
  15          0.082
  16          0.079
  17          0.090
  18          0.092
  19          0.094
  20          0.100
  21          0.120
  22          0.141
  23          0.161
  24          0.225
  25          0.183
  26          0.189
  27          0.162
  28          0.153
  29          0.145
  30          0.162
  31          0.115
  32          0.106
  33          0.065
  34          0.030
  35          0.078
  36          0.110
  37          0.087
  38          0.071
  39          0.107
  40          0.134
  41          0.203
  42          0.231
  43          0.202
  44          0.296
  45          0.264
  46          0.309
  47          0.381
  48          0.683
  49          0.756
  50          0.755
  51          0.737
  52          0.662
  53          0.426
  54          0.303
  55          0.231
  56          0.168
  57          0.159
  58          0.121
  59          0.105
  60          0.100
  61          0.091
  62          0.091
  63          0.117
  64          0.129
  65          0.175
  66          0.201
  67          0.226
  68          0.168
  69          0.136
  70          0.134
  71          0.131
  72          0.106
  73          0.114
  74          0.109
  75          0.087
  76          0.098
  77          0.100
  78          0.063
  79          0.148
  80          0.211
  81          0.259
  82          0.241
  83          0.237
  84          0.248
  85          0.253
  86          0.287
  87          0.279
  88          0.137
  89          0.142
  90          0.159
  91          0.158
  92          0.166
  93          0.086
  94          0.160
  95          0.159
  96          0.133
  97          0.183
  98          0.218
  99          0.210
 100          0.244
 101          0.245
 102          0.217
 103          0.207
 104          0.153
 105          0.143
 106          0.091
 107          0.114
 108          0.106
 109          0.116
 110          0.137
 111          0.094
 112          0.124
 113          0.061
 114          0.080
 115          0.115
 116          0.099
 117          0.113
 118          0.086
 119          0.091
 120          0.066
 121          0.056
 122          0.137
 123          0.061
 124          0.085
 125          0.137
 126          0.090
 127          0.085
 128          0.111
 129          0.080
 130          0.050
 131          0.082
 132          0.092
 133          0.118
 134          0.061
 135          0.039
 136          0.073
 137          0.089
 138          0.107
 139          0.081
 140          0.144
 141          0.181
 142          0.182
 143          0.191
 144          0.188
 145          0.153
 146          0.119
 147          0.104
 148          0.088
 149          0.085
 150          0.076
 151          0.053
 152          0.085
 153          0.182
 154          0.146
 155          0.194
 156          0.126
 157          0.089
 158          0.108
 159          0.121
 160          0.136
 161          0.110
 162          0.127
 163          0.108
 164          0.048
 165          0.104
 166          0.120
 167          0.072
 168          0.043
 169          0.066
 170          0.064
 171          0.050
 172          0.041
 173          0.032
 174          0.095
 175          0.127
 176          0.163
 177          0.212
 178          0.076
 179          0.133
 180          0.060
 181          0.092
 182          0.047
 183          0.036
 184          0.038
 185          0.033
 186          0.057
 187          0.090
 188          0.089
 189          0.115
 190          0.121
 191          0.146
 192          0.142
 193          0.154
 194          0.187
 195          0.195
 196          0.142
 197          0.119
 198          0.129
 199          0.120
 200          0.133
 201          0.114
 202          0.110
 203          0.113
 204          0.128
 205          0.129
 206          0.099
 207          0.092
 208          0.086
 209          0.054
 210          0.140
 211          0.130
 212          0.191
 213          0.238
 214          0.173
 215          0.159
 216          0.129
 217          0.142
 218          0.136
 219          0.099
 220          0.124
 221          0.182
 222          0.199
 223          0.137
 224          0.189
 225          0.172
 226          0.178
 227          0.219
 228          0.236
 229          0.187
 230          0.134
 231          0.104
 232          0.178
 233          0.140
 234          0.196
 235          0.156
 236          0.166
 237          0.128
 238          0.086
 239          0.243
 240          0.262
 241          0.252
 242          0.200
 243          0.270
 244          0.271
 245          0.216
 246          0.167
 247          0.106
 248          0.125
 249          0.124
 250          0.078
 251          0.085
 252          0.060
 253          0.078
 254          0.131
 255          0.096
 256          0.067
 257          0.074
 258          0.057
 259          0.090
 260          0.099
 261          0.061
 262          0.056
 263          0.025
 264          0.049
 265          0.063
 266          0.054
 267          0.065
 268          0.109
 269          0.132
 270          0.062
 271          0.144
 272          0.130
 273          0.139
 274          0.144
 275          0.100
 276          0.105
 277          0.056
 278          0.107
 279          0.123
 280          0.144
 281          0.112
 282          0.124
 283          0.122
 284          0.097
 285          0.094
 286          0.100
 287          0.076
 288          0.083
 289          0.096
 290          0.087
 291          0.085
 292          0.094
 293          0.122
 294          0.144
 295          0.170
 296          0.116
 297          0.107
 298          0.087
 299          0.073
 300          0.085
 301          0.064
 302          0.101
 303          0.128
 304          0.155
 305          0.196
 306          0.208
 307          0.182
 308          0.133
 309          0.128
 310          0.178
 311          0.174
 312          0.209
 313          0.190
 314          0.196
 315          0.218
 316          0.238
 317          0.177
 318          0.184
 319          0.193
 320          0.187
 321          0.218
 322          0.303
 323          0.260
 324          0.154
 325          0.132
 326          0.085
 327          0.163
 328          0.126
 329          0.058
 330          0.062
 331          0.075
 332          0.071
 333          0.080
 334          0.078
 335          0.054
 336          0.062
 337          0.066
 338          0.054
 339          0.078
 340          0.087
 341          0.082
 342          0.116
 343          0.132
 344          0.153
 345          0.227
 346          0.224
 347          0.177
 348          0.157
 349          0.132
 350          0.152
 351          0.141
 352          0.189
 353          0.195
 354          0.195
 355          0.119
 356          0.146
 357          0.111
 358          0.170
 359          0.135
 360          0.279
 361          0.284
 362          0.246
 363          0.214
 364          0.172
 365          0.160
 366          0.111
 367          0.094
 368          0.045
 369          0.045
 370          0.046
 371          0.088
 372          0.075
 373          0.055
 374          0.072
 375          0.082
 376          0.091
 377          0.057
 378          0.028
 379          0.059
 380          0.079
 381          0.098
 382          0.130
 383          0.102
 384          0.057
 385          0.063
 386          0.201
 387          0.076
 388          0.052
 389          0.078
 390          0.139
 391          0.104
 392          0.106
 393          0.147
 394          0.196
 395          0.085
 396          0.049
 397          0.104
 398          0.029
 399          0.051
 400          0.103
 401          0.127
 402          0.127
 403          0.103
 404          0.106
 405          0.056
 406          0.036
 407          0.050
 408          0.043
 409          0.032
 410          0.051
 411          0.063
 412          0.030
 413          0.026
 414          0.048
 415          0.068
 416          0.085
 417          0.133
 418          0.112
 419          0.069
 420          0.050
 421          0.138
 422          0.252
 423          0.274
 424          0.225
 425          0.118
 426          0.088
 427          0.067
 428          0.076
 429          0.133
 430          0.129
 431          0.147
 432          0.180
 433          0.137
 434          0.085
 435          0.059
 436          0.053
 437          0.060
 438          0.103
 439          0.147
 440          0.148
 441          0.138
 442          0.132
 443          0.127
 444          0.128
 445          0.083
 446          0.090
 447          0.088
 448          0.085
 449          0.096
 450          0.126
 451          0.139
 452          0.123
 453          0.173
 454          0.128
 455          0.087
 456          0.084
 457          0.087
 458          0.089
 459          0.095
 460          0.151
 461          0.071
 462          0.078
 463          0.061
 464          0.088
 465          0.104
 466          0.101
 467          0.135
 468          0.206
 469          0.179
 470          0.112
 471          0.114
 472          0.054
 473          0.081
 474          0.091
 475          0.155
 476          0.122
 477          0.079
 478          0.094
 479          0.056
 480          0.108
 481          0.179
 482          0.166
 483          0.145
 484          0.125
 485          0.126
 486          0.131
 487          0.126

# Average distance: 0.131 nm
