# Atom index    Distance (nm)
   1          0.189
   2          0.134
   3          0.115
   4          0.133
   5          0.126
   6          0.106
   7          0.038
   8          0.064
   9          0.080
  10          0.065
  11          0.033
  12          0.032
  13          0.048
  14          0.086
  15          0.083
  16          0.072
  17          0.073
  18          0.074
  19          0.048
  20          0.037
  21          0.044
  22          0.097
  23          0.090
  24          0.085
  25          0.049
  26          0.050
  27          0.037
  28          0.044
  29          0.071
  30          0.078
  31          0.075
  32          0.104
  33          0.084
  34          0.043
  35          0.056
  36          0.054
  37          0.080
  38          0.051
  39          0.037
  40          0.046
  41          0.043
  42          0.059
  43          0.058
  44          0.172
  45          0.190
  46          0.209
  47          0.310
  48          0.281
  49          0.462
  50          0.301
  51          0.292
  52          0.295
  53          0.169
  54          0.134
  55          0.095
  56          0.084
  57          0.070
  58          0.066
  59          0.077
  60          0.046
  61          0.041
  62          0.039
  63          0.031
  64          0.076
  65          0.098
  66          0.069
  67          0.183
  68          0.283
  69          0.138
  70          0.063
  71          0.158
  72          0.101
  73          0.080
  74          0.073
  75          0.085
  76          0.085
  77          0.085
  78          0.136
  79          0.143
  80          0.107
  81          0.143
  82          0.112
  83          0.113
  84          0.105
  85          0.076
  86          0.085
  87          0.087
  88          0.077
  89          0.128
  90          0.096
  91          0.103
  92          0.043
  93          0.041
  94          0.024
  95          0.057
  96          0.068
  97          0.078
  98          0.117
  99          0.109
 100          0.075
 101          0.106
 102          0.117
 103          0.145
 104          0.109
 105          0.099
 106          0.088
 107          0.061
 108          0.040
 109          0.117
 110          0.074
 111          0.078
 112          0.098
 113          0.059
 114          0.114
 115          0.095
 116          0.188
 117          0.181
 118          0.204
 119          0.160
 120          0.091
 121          0.051
 122          0.029
 123          0.065
 124          0.092
 125          0.073
 126          0.027
 127          0.032
 128          0.060
 129          0.064
 130          0.062
 131          0.071
 132          0.103
 133          0.116
 134          0.109
 135          0.067
 136          0.036
 137          0.040
 138          0.031
 139          0.056
 140          0.083
 141          0.108
 142          0.169
 143          0.153
 144          0.115
 145          0.104
 146          0.079
 147          0.062
 148          0.059
 149          0.049
 150          0.246
 151          0.359
 152          0.385
 153          0.166
 154          0.254
 155          0.065
 156          0.065
 157          0.057
 158          0.082
 159          0.056
 160          0.036
 161          0.061
 162          0.062
 163          0.042
 164          0.106
 165          0.043
 166          0.049
 167          0.047
 168          0.034
 169          0.039
 170          0.054
 171          0.031
 172          0.058
 173          0.062
 174          0.019
 175          0.047
 176          0.071
 177          0.078
 178          0.030
 179          0.036
 180          0.038
 181          0.068
 182          0.058
 183          0.061
 184          0.059
 185          0.088
 186          0.090
 187          0.079
 188          0.064
 189          0.060
 190          0.064
 191          0.065
 192          0.072
 193          0.109
 194          0.074
 195          0.084
 196          0.053
 197          0.047
 198          0.029
 199          0.093
 200          0.090
 201          0.038
 202          0.029
 203          0.043
 204          0.067
 205          0.049
 206          0.038
 207          0.036
 208          0.039
 209          0.070
 210          0.080
 211          0.188
 212          0.299
 213          0.217
 214          0.123
 215          0.072
 216          0.083
 217          0.088
 218          0.066
 219          0.066
 220          0.113
 221          0.150
 222          0.152
 223          0.124
 224          0.097
 225          0.093
 226          0.096
 227          0.123
 228          0.150
 229          0.134
 230          0.100
 231          0.061
 232          0.113
 233          0.115
 234          0.091
 235          0.110
 236          0.100
 237          0.142
 238          0.168
 239          0.187
 240          0.195
 241          0.207
 242          0.176
 243          0.205
 244          0.172
 245          0.114
 246          0.145
 247          0.128
 248          0.091
 249          0.095
 250          0.086
 251          0.063
 252          0.092
 253          0.040
 254          0.040
 255          0.069
 256          0.049
 257          0.067
 258          0.049
 259          0.036
 260          0.062
 261          0.054
 262          0.096
 263          0.077
 264          0.026
 265          0.104
 266          0.100
 267          0.080
 268          0.073
 269          0.071
 270          0.115
 271          0.118
 272          0.128
 273          0.137
 274          0.111
 275          0.077
 276          0.074
 277          0.092
 278          0.140
 279          0.135
 280          0.130
 281          0.145
 282          0.157
 283          0.119
 284          0.112
 285          0.113
 286          0.072
 287          0.053
 288          0.022
 289          0.054
 290          0.082
 291          0.081
 292          0.084
 293          0.219
 294          0.236
 295          0.396
 296          0.384
 297          0.241
 298          0.325
 299          0.182
 300          0.053
 301          0.077
 302          0.080
 303          0.056
 304          0.068
 305          0.096
 306          0.040
 307          0.038
 308          0.024
 309          0.067
 310          0.091
 311          0.067
 312          0.063
 313          0.138
 314          0.125
 315          0.112
 316          0.094
 317          0.083
 318          0.113
 319          0.109
 320          0.078
 321          0.081
 322          0.165
 323          0.192
 324          0.176
 325          0.147
 326          0.154
 327          0.170
 328          0.086
 329          0.088
 330          0.089
 331          0.114
 332          0.024
 333          0.044
 334          0.057
 335          0.050
 336          0.119
 337          0.123
 338          0.091
 339          0.102
 340          0.101
 341          0.151
 342          0.122
 343          0.187
 344          0.188
 345          0.188
 346          0.247
 347          0.160
 348          0.154
 349          0.133
 350          0.101
 351          0.142
 352          0.125
 353          0.126
 354          0.170
 355          0.161
 356          0.137
 357          0.132
 358          0.144
 359          0.147
 360          0.171
 361          0.133
 362          0.158
 363          0.118
 364          0.150
 365          0.121
 366          0.036
 367          0.062
 368          0.099
 369          0.095
 370          0.083
 371          0.073
 372          0.081
 373          0.068
 374          0.056
 375          0.073
 376          0.095
 377          0.059
 378          0.056
 379          0.066
 380          0.057
 381          0.038
 382          0.051
 383          0.041
 384          0.029
 385          0.039
 386          0.045
 387          0.061
 388          0.068
 389          0.046
 390          0.050
 391          0.036
 392          0.045
 393          0.125
 394          0.187
 395          0.088
 396          0.105
 397          0.095
 398          0.053
 399          0.070
 400          0.030
 401          0.082
 402          0.061
 403          0.079
 404          0.098
 405          0.045
 406          0.053
 407          0.053
 408          0.065
 409          0.071
 410          0.106
 411          0.095
 412          0.083
 413          0.040
 414          0.033
 415          0.049
 416          0.053
 417          0.069
 418          0.102
 419          0.037
 420          0.027
 421          0.092
 422          0.047
 423          0.034
 424          0.045
 425          0.028
 426          0.027
 427          0.039
 428          0.048
 429          0.074
 430          0.251
 431          0.262
 432          0.128
 433          0.048
 434          0.099
 435          0.057
 436          0.065
 437          0.065
 438          0.059
 439          0.077
 440          0.076
 441          0.129
 442          0.183
 443          0.132
 444          0.095
 445          0.067
 446          0.045
 447          0.053
 448          0.059
 449          0.057
 450          0.036
 451          0.105
 452          0.136
 453          0.073
 454          0.040
 455          0.039
 456          0.038
 457          0.046
 458          0.058
 459          0.044
 460          0.252
 461          0.087
 462          0.047
 463          0.071
 464          0.052
 465          0.054
 466          0.057
 467          0.037
 468          0.119
 469          0.065
 470          0.082
 471          0.044
 472          0.056
 473          0.038
 474          0.052
 475          0.121
 476          0.153
 477          0.197
 478          0.097
 479          0.039
 480          0.055
 481          0.072
 482          0.055
 483          0.017
 484          0.025
 485          0.060
 486          0.055
 487          0.050

# Average distance: 0.095 nm
