# Atom index    Distance (nm)
   1          0.114
   2          0.181
   3          0.117
   4          0.090
   5          0.165
   6          0.100
   7          0.095
   8          0.083
   9          0.081
  10          0.111
  11          0.097
  12          0.084
  13          0.066
  14          0.087
  15          0.100
  16          0.097
  17          0.106
  18          0.101
  19          0.087
  20          0.110
  21          0.126
  22          0.199
  23          0.265
  24          0.220
  25          0.151
  26          0.112
  27          0.080
  28          0.076
  29          0.080
  30          0.086
  31          0.104
  32          0.097
  33          0.076
  34          0.106
  35          0.116
  36          0.111
  37          0.093
  38          0.102
  39          0.106
  40          0.088
  41          0.050
  42          0.078
  43          0.155
  44          0.249
  45          0.143
  46          0.251
  47          0.313
  48          0.414
  49          0.559
  50          0.377
  51          0.251
  52          0.231
  53          0.157
  54          0.142
  55          0.106
  56          0.082
  57          0.092
  58          0.105
  59          0.161
  60          0.066
  61          0.083
  62          0.099
  63          0.084
  64          0.074
  65          0.062
  66          0.039
  67          0.088
  68          0.097
  69          0.047
  70          0.061
  71          0.065
  72          0.052
  73          0.092
  74          0.108
  75          0.170
  76          0.170
  77          0.146
  78          0.137
  79          0.127
  80          0.118
  81          0.082
  82          0.082
  83          0.113
  84          0.114
  85          0.121
  86          0.166
  87          0.176
  88          0.139
  89          0.132
  90          0.151
  91          0.160
  92          0.135
  93          0.088
  94          0.069
  95          0.099
  96          0.152
  97          0.115
  98          0.105
  99          0.071
 100          0.105
 101          0.059
 102          0.087
 103          0.109
 104          0.069
 105          0.069
 106          0.065
 107          0.037
 108          0.025
 109          0.047
 110          0.042
 111          0.020
 112          0.051
 113          0.052
 114          0.050
 115          0.056
 116          0.087
 117          0.032
 118          0.091
 119          0.080
 120          0.127
 121          0.089
 122          0.076
 123          0.084
 124          0.090
 125          0.081
 126          0.031
 127          0.128
 128          0.113
 129          0.086
 130          0.068
 131          0.076
 132          0.060
 133          0.051
 134          0.060
 135          0.057
 136          0.069
 137          0.093
 138          0.121
 139          0.097
 140          0.054
 141          0.052
 142          0.103
 143          0.077
 144          0.050
 145          0.047
 146          0.114
 147          0.089
 148          0.037
 149          0.026
 150          0.081
 151          0.109
 152          0.090
 153          0.116
 154          0.099
 155          0.073
 156          0.056
 157          0.041
 158          0.037
 159          0.056
 160          0.081
 161          0.071
 162          0.159
 163          0.078
 164          0.053
 165          0.044
 166          0.062
 167          0.066
 168          0.063
 169          0.044
 170          0.038
 171          0.049
 172          0.076
 173          0.063
 174          0.095
 175          0.069
 176          0.108
 177          0.167
 178          0.193
 179          0.100
 180          0.056
 181          0.042
 182          0.074
 183          0.051
 184          0.028
 185          0.070
 186          0.123
 187          0.104
 188          0.064
 189          0.058
 190          0.071
 191          0.142
 192          0.160
 193          0.116
 194          0.121
 195          0.113
 196          0.032
 197          0.068
 198          0.066
 199          0.065
 200          0.070
 201          0.102
 202          0.116
 203          0.106
 204          0.063
 205          0.054
 206          0.081
 207          0.112
 208          0.064
 209          0.110
 210          0.073
 211          0.452
 212          0.476
 213          0.322
 214          0.039
 215          0.079
 216          0.118
 217          0.093
 218          0.111
 219          0.071
 220          0.108
 221          0.138
 222          0.155
 223          0.095
 224          0.083
 225          0.079
 226          0.043
 227          0.078
 228          0.060
 229          0.053
 230          0.038
 231          0.188
 232          0.098
 233          0.112
 234          0.058
 235          0.119
 236          0.152
 237          0.147
 238          0.192
 239          0.362
 240          0.138
 241          0.063
 242          0.086
 243          0.098
 244          0.101
 245          0.063
 246          0.086
 247          0.092
 248          0.099
 249          0.110
 250          0.039
 251          0.112
 252          0.170
 253          0.052
 254          0.080
 255          0.069
 256          0.037
 257          0.027
 258          0.037
 259          0.053
 260          0.047
 261          0.106
 262          0.216
 263          0.153
 264          0.174
 265          0.122
 266          0.063
 267          0.048
 268          0.043
 269          0.071
 270          0.167
 271          0.155
 272          0.082
 273          0.119
 274          0.035
 275          0.036
 276          0.054
 277          0.079
 278          0.066
 279          0.114
 280          0.147
 281          0.228
 282          0.151
 283          0.046
 284          0.035
 285          0.064
 286          0.035
 287          0.009
 288          0.019
 289          0.054
 290          0.053
 291          0.028
 292          0.045
 293          0.050
 294          0.116
 295          0.069
 296          0.091
 297          0.073
 298          0.044
 299          0.028
 300          0.031
 301          0.037
 302          0.081
 303          0.083
 304          0.086
 305          0.074
 306          0.079
 307          0.042
 308          0.040
 309          0.053
 310          0.019
 311          0.056
 312          0.114
 313          0.118
 314          0.120
 315          0.134
 316          0.126
 317          0.091
 318          0.081
 319          0.057
 320          0.075
 321          0.063
 322          0.074
 323          0.070
 324          0.048
 325          0.057
 326          0.073
 327          0.067
 328          0.064
 329          0.067
 330          0.029
 331          0.058
 332          0.070
 333          0.066
 334          0.049
 335          0.066
 336          0.068
 337          0.061
 338          0.064
 339          0.061
 340          0.060
 341          0.056
 342          0.051
 343          0.056
 344          0.070
 345          0.083
 346          0.063
 347          0.039
 348          0.040
 349          0.053
 350          0.068
 351          0.102
 352          0.013
 353          0.044
 354          0.095
 355          0.075
 356          0.025
 357          0.049
 358          0.069
 359          0.067
 360          0.068
 361          0.050
 362          0.077
 363          0.139
 364          0.148
 365          0.133
 366          0.088
 367          0.074
 368          0.058
 369          0.031
 370          0.105
 371          0.100
 372          0.066
 373          0.027
 374          0.050
 375          0.044
 376          0.046
 377          0.073
 378          0.038
 379          0.031
 380          0.038
 381          0.013
 382          0.062
 383          0.095
 384          0.063
 385          0.064
 386          0.061
 387          0.048
 388          0.048
 389          0.026
 390          0.072
 391          0.068
 392          0.063
 393          0.119
 394          0.073
 395          0.079
 396          0.102
 397          0.078
 398          0.088
 399          0.042
 400          0.090
 401          0.125
 402          0.101
 403          0.106
 404          0.114
 405          0.069
 406          0.045
 407          0.038
 408          0.058
 409          0.092
 410          0.117
 411          0.181
 412          0.135
 413          0.090
 414          0.140
 415          0.118
 416          0.024
 417          0.045
 418          0.066
 419          0.065
 420          0.024
 421          0.053
 422          0.092
 423          0.160
 424          0.148
 425          0.104
 426          0.090
 427          0.095
 428          0.110
 429          0.206
 430          0.308
 431          0.412
 432          0.298
 433          0.262
 434          0.149
 435          0.061
 436          0.067
 437          0.067
 438          0.114
 439          0.054
 440          0.054
 441          0.062
 442          0.075
 443          0.108
 444          0.079
 445          0.070
 446          0.075
 447          0.060
 448          0.042
 449          0.074
 450          0.050
 451          0.067
 452          0.118
 453          0.119
 454          0.083
 455          0.063
 456          0.101
 457          0.096
 458          0.063
 459          0.087
 460          0.217
 461          0.105
 462          0.095
 463          0.069
 464          0.071
 465          0.088
 466          0.169
 467          0.188
 468          0.150
 469          0.103
 470          0.144
 471          0.123
 472          0.096
 473          0.084
 474          0.032
 475          0.054
 476          0.048
 477          0.128
 478          0.121
 479          0.090
 480          0.093
 481          0.096
 482          0.077
 483          0.047
 484          0.074
 485          0.047
 486          0.076
 487          0.072

# Average distance: 0.094 nm
