# Atom index    Distance (nm)
   1          0.108
   2          0.127
   3          0.113
   4          0.102
   5          0.095
   6          0.026
   7          0.042
   8          0.056
   9          0.070
  10          0.035
  11          0.033
  12          0.206
  13          0.259
  14          0.239
  15          0.156
  16          0.086
  17          0.129
  18          0.135
  19          0.158
  20          0.142
  21          0.060
  22          0.085
  23          0.120
  24          0.106
  25          0.097
  26          0.069
  27          0.041
  28          0.122
  29          0.184
  30          0.141
  31          0.144
  32          0.102
  33          0.113
  34          0.142
  35          0.138
  36          0.112
  37          0.127
  38          0.125
  39          0.113
  40          0.074
  41          0.051
  42          0.076
  43          0.091
  44          0.107
  45          0.167
  46          0.211
  47          0.252
  48          0.375
  49          0.442
  50          0.444
  51          0.456
  52          0.274
  53          0.038
  54          0.079
  55          0.058
  56          0.060
  57          0.059
  58          0.100
  59          0.126
  60          0.164
  61          0.183
  62          0.114
  63          0.076
  64          0.070
  65          0.047
  66          0.065
  67          0.058
  68          0.092
  69          0.085
  70          0.069
  71          0.089
  72          0.114
  73          0.101
  74          0.079
  75          0.098
  76          0.099
  77          0.111
  78          0.092
  79          0.041
  80          0.068
  81          0.088
  82          0.069
  83          0.033
  84          0.033
  85          0.057
  86          0.146
  87          0.133
  88          0.092
  89          0.105
  90          0.107
  91          0.093
  92          0.092
  93          0.098
  94          0.064
  95          0.062
  96          0.060
  97          0.068
  98          0.076
  99          0.061
 100          0.063
 101          0.122
 102          0.306
 103          0.244
 104          0.171
 105          0.059
 106          0.045
 107          0.127
 108          0.187
 109          0.232
 110          0.251
 111          0.275
 112          0.245
 113          0.163
 114          0.162
 115          0.142
 116          0.231
 117          0.158
 118          0.231
 119          0.204
 120          0.119
 121          0.090
 122          0.090
 123          0.071
 124          0.034
 125          0.044
 126          0.053
 127          0.023
 128          0.079
 129          0.043
 130          0.032
 131          0.011
 132          0.007
 133          0.024
 134          0.029
 135          0.046
 136          0.052
 137          0.031
 138          0.023
 139          0.028
 140          0.040
 141          0.049
 142          0.041
 143          0.042
 144          0.029
 145          0.029
 146          0.015
 147          0.008
 148          0.010
 149          0.012
 150          0.085
 151          0.089
 152          0.119
 153          0.100
 154          0.108
 155          0.072
 156          0.029
 157          0.035
 158          0.025
 159          0.065
 160          0.089
 161          0.040
 162          0.015
 163          0.025
 164          0.065
 165          0.049
 166          0.069
 167          0.047
 168          0.061
 169          0.042
 170          0.027
 171          0.012
 172          0.040
 173          0.033
 174          0.028
 175          0.064
 176          0.056
 177          0.082
 178          0.091
 179          0.037
 180          0.018
 181          0.025
 182          0.048
 183          0.060
 184          0.024
 185          0.065
 186          0.105
 187          0.092
 188          0.033
 189          0.070
 190          0.058
 191          0.050
 192          0.083
 193          0.047
 194          0.104
 195          0.109
 196          0.055
 197          0.094
 198          0.115
 199          0.165
 200          0.120
 201          0.092
 202          0.053
 203          0.057
 204          0.040
 205          0.013
 206          0.030
 207          0.056
 208          0.069
 209          0.049
 210          0.084
 211          0.134
 212          0.141
 213          0.267
 214          0.059
 215          0.063
 216          0.042
 217          0.033
 218          0.036
 219          0.138
 220          0.178
 221          0.244
 222          0.175
 223          0.109
 224          0.047
 225          0.078
 226          0.107
 227          0.064
 228          0.052
 229          0.238
 230          0.335
 231          0.343
 232          0.185
 233          0.043
 234          0.057
 235          0.029
 236          0.034
 237          0.069
 238          0.078
 239          0.141
 240          0.105
 241          0.100
 242          0.118
 243          0.143
 244          0.099
 245          0.109
 246          0.081
 247          0.059
 248          0.025
 249          0.035
 250          0.036
 251          0.030
 252          0.026
 253          0.038
 254          0.072
 255          0.033
 256          0.018
 257          0.049
 258          0.083
 259          0.074
 260          0.061
 261          0.064
 262          0.085
 263          0.087
 264          0.047
 265          0.045
 266          0.026
 267          0.039
 268          0.041
 269          0.089
 270          0.083
 271          0.042
 272          0.062
 273          0.081
 274          0.070
 275          0.078
 276          0.069
 277          0.056
 278          0.036
 279          0.031
 280          0.030
 281          0.054
 282          0.051
 283          0.080
 284          0.092
 285          0.041
 286          0.051
 287          0.075
 288          0.107
 289          0.094
 290          0.125
 291          0.116
 292          0.114
 293          0.160
 294          0.160
 295          0.221
 296          0.218
 297          0.174
 298          0.217
 299          0.131
 300          0.121
 301          0.101
 302          0.072
 303          0.078
 304          0.107
 305          0.065
 306          0.068
 307          0.068
 308          0.059
 309          0.041
 310          0.034
 311          0.072
 312          0.025
 313          0.065
 314          0.116
 315          0.099
 316          0.036
 317          0.042
 318          0.056
 319          0.054
 320          0.086
 321          0.095
 322          0.194
 323          0.224
 324          0.215
 325          0.147
 326          0.150
 327          0.099
 328          0.107
 329          0.054
 330          0.101
 331          0.077
 332          0.074
 333          0.063
 334          0.073
 335          0.025
 336          0.059
 337          0.036
 338          0.015
 339          0.020
 340          0.066
 341          0.050
 342          0.097
 343          0.126
 344          0.124
 345          0.147
 346          0.164
 347          0.094
 348          0.077
 349          0.061
 350          0.064
 351          0.131
 352          0.140
 353          0.114
 354          0.118
 355          0.109
 356          0.089
 357          0.063
 358          0.104
 359          0.085
 360          0.066
 361          0.097
 362          0.110
 363          0.088
 364          0.084
 365          0.080
 366          0.159
 367          0.118
 368          0.096
 369          0.039
 370          0.038
 371          0.065
 372          0.059
 373          0.012
 374          0.098
 375          0.078
 376          0.051
 377          0.051
 378          0.094
 379          0.034
 380          0.033
 381          0.031
 382          0.046
 383          0.035
 384          0.024
 385          0.027
 386          0.060
 387          0.064
 388          0.057
 389          0.064
 390          0.080
 391          0.091
 392          0.086
 393          0.060
 394          0.030
 395          0.125
 396          0.069
 397          0.058
 398          0.045
 399          0.055
 400          0.057
 401          0.063
 402          0.057
 403          0.060
 404          0.048
 405          0.047
 406          0.045
 407          0.050
 408          0.042
 409          0.063
 410          0.077
 411          0.086
 412          0.088
 413          0.080
 414          0.042
 415          0.056
 416          0.061
 417          0.072
 418          0.074
 419          0.042
 420          0.031
 421          0.037
 422          0.192
 423          0.200
 424          0.064
 425          0.049
 426          0.047
 427          0.066
 428          0.061
 429          0.061
 430          0.071
 431          0.109
 432          0.080
 433          0.078
 434          0.046
 435          0.045
 436          0.050
 437          0.058
 438          0.040
 439          0.054
 440          0.103
 441          0.045
 442          0.047
 443          0.081
 444          0.043
 445          0.065
 446          0.085
 447          0.098
 448          0.072
 449          0.081
 450          0.045
 451          0.030
 452          0.066
 453          0.052
 454          0.026
 455          0.066
 456          0.070
 457          0.093
 458          0.091
 459          0.060
 460          0.052
 461          0.135
 462          0.046
 463          0.054
 464          0.058
 465          0.090
 466          0.165
 467          0.187
 468          0.253
 469          0.225
 470          0.114
 471          0.084
 472          0.041
 473          0.050
 474          0.029
 475          0.052
 476          0.074
 477          0.092
 478          0.112
 479          0.100
 480          0.149
 481          0.132
 482          0.155
 483          0.127
 484          0.062
 485          0.028
 486          0.015
 487          0.016

# Average distance: 0.088 nm
