# Atom index    Distance (nm)
   1          0.197
   2          0.114
   3          0.036
   4          0.161
   5          0.405
   6          0.212
   7          0.112
   8          0.082
   9          0.088
  10          0.065
  11          0.123
  12          0.114
  13          0.174
  14          0.234
  15          0.206
  16          0.162
  17          0.141
  18          0.064
  19          0.109
  20          0.165
  21          0.273
  22          0.318
  23          0.494
  24          0.248
  25          0.281
  26          0.251
  27          0.162
  28          0.035
  29          0.047
  30          0.061
  31          0.127
  32          0.281
  33          0.278
  34          0.203
  35          0.270
  36          0.281
  37          0.268
  38          0.249
  39          0.163
  40          0.109
  41          0.197
  42          0.232
  43          0.193
  44          0.178
  45          0.211
  46          0.327
  47          0.390
  48          0.691
  49          0.880
  50          0.591
  51          0.382
  52          0.186
  53          0.205
  54          0.203
  55          0.182
  56          0.157
  57          0.176
  58          0.167
  59          0.247
  60          0.283
  61          0.290
  62          0.195
  63          0.178
  64          0.133
  65          0.100
  66          0.100
  67          0.108
  68          0.109
  69          0.132
  70          0.087
  71          0.066
  72          0.103
  73          0.126
  74          0.129
  75          0.213
  76          0.217
  77          0.245
  78          0.261
  79          0.249
  80          0.275
  81          0.275
  82          0.214
  83          0.163
  84          0.141
  85          0.202
  86          0.204
  87          0.225
  88          0.237
  89          0.253
  90          0.273
  91          0.354
  92          0.283
  93          0.166
  94          0.127
  95          0.100
  96          0.094
  97          0.107
  98          0.160
  99          0.180
 100          0.150
 101          0.216
 102          0.177
 103          0.163
 104          0.162
 105          0.143
 106          0.121
 107          0.075
 108          0.048
 109          0.079
 110          0.095
 111          0.124
 112          0.087
 113          0.080
 114          0.076
 115          0.118
 116          0.102
 117          0.155
 118          0.188
 119          0.195
 120          0.133
 121          0.126
 122          0.094
 123          0.089
 124          0.085
 125          0.048
 126          0.074
 127          0.078
 128          0.119
 129          0.108
 130          0.122
 131          0.126
 132          0.115
 133          0.083
 134          0.064
 135          0.055
 136          0.080
 137          0.078
 138          0.073
 139          0.071
 140          0.067
 141          0.161
 142          0.133
 143          0.121
 144          0.125
 145          0.036
 146          0.044
 147          0.097
 148          0.086
 149          0.061
 150          0.111
 151          0.210
 152          0.215
 153          0.064
 154          0.079
 155          0.095
 156          0.104
 157          0.086
 158          0.121
 159          0.070
 160          0.072
 161          0.031
 162          0.032
 163          0.061
 164          0.088
 165          0.087
 166          0.055
 167          0.069
 168          0.068
 169          0.056
 170          0.058
 171          0.050
 172          0.076
 173          0.091
 174          0.077
 175          0.052
 176          0.033
 177          0.181
 178          0.145
 179          0.105
 180          0.104
 181          0.112
 182          0.102
 183          0.048
 184          0.061
 185          0.042
 186          0.106
 187          0.094
 188          0.078
 189          0.081
 190          0.068
 191          0.066
 192          0.050
 193          0.041
 194          0.056
 195          0.036
 196          0.074
 197          0.110
 198          0.068
 199          0.123
 200          0.063
 201          0.067
 202          0.074
 203          0.078
 204          0.084
 205          0.066
 206          0.062
 207          0.049
 208          0.074
 209          0.078
 210          0.080
 211          0.154
 212          0.251
 213          0.227
 214          0.104
 215          0.013
 216          0.030
 217          0.018
 218          0.027
 219          0.010
 220          0.015
 221          0.040
 222          0.075
 223          0.040
 224          0.022
 225          0.034
 226          0.067
 227          0.039
 228          0.053
 229          0.082
 230          0.132
 231          0.089
 232          0.088
 233          0.046
 234          0.022
 235          0.046
 236          0.090
 237          0.144
 238          0.097
 239          0.095
 240          0.124
 241          0.119
 242          0.061
 243          0.078
 244          0.109
 245          0.039
 246          0.072
 247          0.089
 248          0.056
 249          0.086
 250          0.048
 251          0.028
 252          0.076
 253          0.030
 254          0.050
 255          0.005
 256          0.059
 257          0.072
 258          0.032
 259          0.049
 260          0.074
 261          0.080
 262          0.145
 263          0.096
 264          0.179
 265          0.107
 266          0.076
 267          0.050
 268          0.046
 269          0.060
 270          0.165
 271          0.275
 272          0.094
 273          0.103
 274          0.057
 275          0.020
 276          0.014
 277          0.041
 278          0.066
 279          0.126
 280          0.106
 281          0.078
 282          0.066
 283          0.067
 284          0.074
 285          0.075
 286          0.029
 287          0.021
 288          0.020
 289          0.018
 290          0.027
 291          0.067
 292          0.089
 293          0.142
 294          0.127
 295          0.197
 296          0.297
 297          0.149
 298          0.145
 299          0.077
 300          0.087
 301          0.046
 302          0.054
 303          0.078
 304          0.083
 305          0.100
 306          0.092
 307          0.077
 308          0.042
 309          0.041
 310          0.039
 311          0.046
 312          0.037
 313          0.054
 314          0.097
 315          0.077
 316          0.041
 317          0.015
 318          0.034
 319          0.058
 320          0.062
 321          0.065
 322          0.150
 323          0.099
 324          0.063
 325          0.054
 326          0.052
 327          0.059
 328          0.072
 329          0.113
 330          0.132
 331          0.106
 332          0.141
 333          0.131
 334          0.035
 335          0.064
 336          0.040
 337          0.041
 338          0.056
 339          0.058
 340          0.097
 341          0.121
 342          0.115
 343          0.146
 344          0.205
 345          0.210
 346          0.200
 347          0.143
 348          0.132
 349          0.112
 350          0.095
 351          0.075
 352          0.093
 353          0.095
 354          0.062
 355          0.033
 356          0.041
 357          0.078
 358          0.107
 359          0.146
 360          0.204
 361          0.204
 362          0.214
 363          0.170
 364          0.183
 365          0.173
 366          0.192
 367          0.170
 368          0.080
 369          0.028
 370          0.076
 371          0.072
 372          0.057
 373          0.032
 374          0.058
 375          0.095
 376          0.054
 377          0.066
 378          0.067
 379          0.048
 380          0.063
 381          0.079
 382          0.102
 383          0.093
 384          0.061
 385          0.125
 386          0.218
 387          0.087
 388          0.105
 389          0.096
 390          0.063
 391          0.089
 392          0.084
 393          0.188
 394          0.210
 395          0.270
 396          0.179
 397          0.165
 398          0.124
 399          0.097
 400          0.063
 401          0.113
 402          0.051
 403          0.099
 404          0.033
 405          0.015
 406          0.042
 407          0.105
 408          0.051
 409          0.028
 410          0.095
 411          0.084
 412          0.023
 413          0.047
 414          0.172
 415          0.123
 416          0.052
 417          0.051
 418          0.055
 419          0.058
 420          0.046
 421          0.106
 422          0.227
 423          0.136
 424          0.108
 425          0.064
 426          0.099
 427          0.086
 428          0.061
 429          0.079
 430          0.170
 431          0.259
 432          0.280
 433          0.198
 434          0.180
 435          0.074
 436          0.075
 437          0.078
 438          0.065
 439          0.084
 440          0.077
 441          0.186
 442          0.205
 443          0.163
 444          0.084
 445          0.040
 446          0.048
 447          0.061
 448          0.079
 449          0.065
 450          0.041
 451          0.044
 452          0.108
 453          0.033
 454          0.079
 455          0.076
 456          0.089
 457          0.055
 458          0.044
 459          0.047
 460          0.133
 461          0.154
 462          0.063
 463          0.022
 464          0.068
 465          0.087
 466          0.147
 467          0.120
 468          0.132
 469          0.138
 470          0.156
 471          0.116
 472          0.099
 473          0.097
 474          0.065
 475          0.107
 476          0.052
 477          0.111
 478          0.107
 479          0.109
 480          0.127
 481          0.174
 482          0.210
 483          0.123
 484          0.082
 485          0.066
 486          0.087
 487          0.046

# Average distance: 0.116 nm
