# Atom index    Distance (nm)
   1          0.127
   2          0.096
   3          0.072
   4          0.063
   5          0.046
   6          0.093
   7          0.032
   8          0.060
   9          0.125
  10          0.072
  11          0.129
  12          0.236
  13          0.381
  14          0.434
  15          0.357
  16          0.241
  17          0.130
  18          0.078
  19          0.169
  20          0.214
  21          0.207
  22          0.359
  23          0.322
  24          0.305
  25          0.280
  26          0.225
  27          0.173
  28          0.058
  29          0.087
  30          0.200
  31          0.238
  32          0.289
  33          0.305
  34          0.276
  35          0.347
  36          0.382
  37          0.294
  38          0.216
  39          0.212
  40          0.204
  41          0.258
  42          0.323
  43          0.398
  44          0.459
  45          0.244
  46          0.567
  47          0.778
  48          1.300
  49          1.153
  50          0.893
  51          0.757
  52          0.446
  53          0.396
  54          0.375
  55          0.329
  56          0.274
  57          0.300
  58          0.263
  59          0.313
  60          0.373
  61          0.417
  62          0.360
  63          0.328
  64          0.228
  65          0.233
  66          0.269
  67          0.280
  68          0.277
  69          0.257
  70          0.302
  71          0.271
  72          0.188
  73          0.187
  74          0.269
  75          0.351
  76          0.374
  77          0.397
  78          0.452
  79          0.502
  80          0.540
  81          0.514
  82          0.374
  83          0.320
  84          0.383
  85          0.333
  86          0.369
  87          0.181
  88          0.182
  89          0.062
  90          0.095
  91          0.090
  92          0.149
  93          0.097
  94          0.078
  95          0.093
  96          0.115
  97          0.202
  98          0.305
  99          0.310
 100          0.402
 101          0.385
 102          0.372
 103          0.375
 104          0.303
 105          0.239
 106          0.143
 107          0.099
 108          0.089
 109          0.096
 110          0.090
 111          0.098
 112          0.087
 113          0.058
 114          0.131
 115          0.160
 116          0.273
 117          0.310
 118          0.436
 119          0.423
 120          0.322
 121          0.405
 122          0.433
 123          0.339
 124          0.139
 125          0.123
 126          0.086
 127          0.094
 128          0.097
 129          0.101
 130          0.095
 131          0.108
 132          0.065
 133          0.073
 134          0.055
 135          0.069
 136          0.070
 137          0.118
 138          0.125
 139          0.112
 140          0.101
 141          0.108
 142          0.124
 143          0.152
 144          0.153
 145          0.133
 146          0.132
 147          0.109
 148          0.078
 149          0.066
 150          0.088
 151          0.109
 152          0.111
 153          0.092
 154          0.118
 155          0.096
 156          0.113
 157          0.120
 158          0.131
 159          0.139
 160          0.115
 161          0.107
 162          0.147
 163          0.147
 164          0.107
 165          0.102
 166          0.107
 167          0.023
 168          0.040
 169          0.050
 170          0.059
 171          0.076
 172          0.083
 173          0.045
 174          0.041
 175          0.044
 176          0.119
 177          0.098
 178          0.067
 179          0.061
 180          0.072
 181          0.067
 182          0.067
 183          0.072
 184          0.064
 185          0.042
 186          0.053
 187          0.063
 188          0.071
 189          0.087
 190          0.048
 191          0.050
 192          0.121
 193          0.142
 194          0.168
 195          0.109
 196          0.085
 197          0.079
 198          0.096
 199          0.070
 200          0.058
 201          0.200
 202          0.195
 203          0.087
 204          0.055
 205          0.042
 206          0.063
 207          0.107
 208          0.104
 209          0.103
 210          0.161
 211          0.214
 212          0.401
 213          0.255
 214          0.047
 215          0.061
 216          0.049
 217          0.085
 218          0.092
 219          0.084
 220          0.077
 221          0.111
 222          0.125
 223          0.115
 224          0.127
 225          0.135
 226          0.104
 227          0.095
 228          0.104
 229          0.166
 230          0.237
 231          0.063
 232          0.090
 233          0.057
 234          0.145
 235          0.140
 236          0.163
 237          0.181
 238          0.203
 239          0.065
 240          0.118
 241          0.121
 242          0.125
 243          0.122
 244          0.131
 245          0.123
 246          0.106
 247          0.098
 248          0.088
 249          0.097
 250          0.087
 251          0.095
 252          0.137
 253          0.111
 254          0.096
 255          0.078
 256          0.082
 257          0.076
 258          0.095
 259          0.091
 260          0.099
 261          0.078
 262          0.077
 263          0.070
 264          0.107
 265          0.094
 266          0.099
 267          0.110
 268          0.060
 269          0.069
 270          0.169
 271          0.179
 272          0.148
 273          0.124
 274          0.122
 275          0.108
 276          0.102
 277          0.090
 278          0.168
 279          0.127
 280          0.128
 281          0.142
 282          0.140
 283          0.082
 284          0.102
 285          0.146
 286          0.101
 287          0.098
 288          0.121
 289          0.141
 290          0.116
 291          0.097
 292          0.104
 293          0.091
 294          0.106
 295          0.143
 296          0.159
 297          0.129
 298          0.175
 299          0.099
 300          0.111
 301          0.197
 302          0.175
 303          0.107
 304          0.138
 305          0.172
 306          0.199
 307          0.167
 308          0.159
 309          0.142
 310          0.187
 311          0.193
 312          0.185
 313          0.254
 314          0.239
 315          0.194
 316          0.123
 317          0.132
 318          0.125
 319          0.126
 320          0.140
 321          0.177
 322          0.204
 323          0.271
 324          0.156
 325          0.213
 326          0.188
 327          0.211
 328          0.152
 329          0.138
 330          0.145
 331          0.208
 332          0.121
 333          0.167
 334          0.103
 335          0.133
 336          0.110
 337          0.145
 338          0.125
 339          0.108
 340          0.146
 341          0.196
 342          0.236
 343          0.202
 344          0.211
 345          0.229
 346          0.276
 347          0.253
 348          0.236
 349          0.230
 350          0.243
 351          0.219
 352          0.216
 353          0.257
 354          0.207
 355          0.168
 356          0.177
 357          0.187
 358          0.194
 359          0.196
 360          0.255
 361          0.234
 362          0.252
 363          0.143
 364          0.134
 365          0.188
 366          0.242
 367          0.324
 368          0.258
 369          0.200
 370          0.097
 371          0.074
 372          0.079
 373          0.101
 374          0.057
 375          0.046
 376          0.042
 377          0.067
 378          0.068
 379          0.092
 380          0.094
 381          0.112
 382          0.124
 383          0.112
 384          0.114
 385          0.146
 386          0.186
 387          0.155
 388          0.123
 389          0.119
 390          0.099
 391          0.101
 392          0.164
 393          0.232
 394          0.393
 395          0.167
 396          0.112
 397          0.105
 398          0.096
 399          0.099
 400          0.132
 401          0.115
 402          0.122
 403          0.164
 404          0.023
 405          0.048
 406          0.060
 407          0.132
 408          0.133
 409          0.110
 410          0.060
 411          0.071
 412          0.100
 413          0.195
 414          0.217
 415          0.204
 416          0.172
 417          0.071
 418          0.039
 419          0.051
 420          0.068
 421          0.069
 422          0.146
 423          0.126
 424          0.150
 425          0.090
 426          0.059
 427          0.098
 428          0.099
 429          0.039
 430          0.056
 431          0.095
 432          0.063
 433          0.072
 434          0.090
 435          0.023
 436          0.068
 437          0.148
 438          0.119
 439          0.080
 440          0.062
 441          0.069
 442          0.083
 443          0.084
 444          0.086
 445          0.059
 446          0.077
 447          0.089
 448          0.131
 449          0.108
 450          0.100
 451          0.110
 452          0.127
 453          0.117
 454          0.087
 455          0.092
 456          0.121
 457          0.049
 458          0.078
 459          0.111
 460          0.113
 461          0.060
 462          0.059
 463          0.063
 464          0.043
 465          0.030
 466          0.153
 467          0.151
 468          0.252
 469          0.274
 470          0.169
 471          0.115
 472          0.127
 473          0.086
 474          0.045
 475          0.068
 476          0.086
 477          0.132
 478          0.214
 479          0.150
 480          0.206
 481          0.260
 482          0.222
 483          0.084
 484          0.137
 485          0.111
 486          0.100
 487          0.050

# Average distance: 0.164 nm
