# Atom index    Distance (nm)
   1          0.386
   2          0.308
   3          0.097
   4          0.114
   5          0.138
   6          0.128
   7          0.122
   8          0.106
   9          0.120
  10          0.040
  11          0.051
  12          0.060
  13          0.119
  14          0.140
  15          0.092
  16          0.030
  17          0.031
  18          0.034
  19          0.034
  20          0.056
  21          0.075
  22          0.225
  23          0.254
  24          0.179
  25          0.123
  26          0.125
  27          0.037
  28          0.049
  29          0.012
  30          0.083
  31          0.065
  32          0.043
  33          0.060
  34          0.025
  35          0.088
  36          0.078
  37          0.076
  38          0.039
  39          0.030
  40          0.086
  41          0.124
  42          0.112
  43          0.082
  44          0.058
  45          0.169
  46          0.348
  47          0.247
  48          0.214
  49          0.249
  50          0.379
  51          0.137
  52          0.268
  53          0.180
  54          0.065
  55          0.057
  56          0.073
  57          0.116
  58          0.120
  59          0.138
  60          0.146
  61          0.136
  62          0.108
  63          0.063
  64          0.057
  65          0.095
  66          0.120
  67          0.130
  68          0.155
  69          0.145
  70          0.103
  71          0.206
  72          0.161
  73          0.132
  74          0.109
  75          0.152
  76          0.170
  77          0.195
  78          0.197
  79          0.140
  80          0.208
  81          0.219
  82          0.176
  83          0.158
  84          0.098
  85          0.110
  86          0.132
  87          0.190
  88          0.167
  89          0.103
  90          0.076
  91          0.083
  92          0.118
  93          0.067
  94          0.027
  95          0.063
  96          0.097
  97          0.132
  98          0.131
  99          0.189
 100          0.245
 101          0.259
 102          0.115
 103          0.139
 104          0.087
 105          0.070
 106          0.079
 107          0.061
 108          0.127
 109          0.081
 110          0.060
 111          0.060
 112          0.084
 113          0.054
 114          0.086
 115          0.066
 116          0.082
 117          0.075
 118          0.097
 119          0.202
 120          0.166
 121          0.185
 122          0.225
 123          0.159
 124          0.017
 125          0.017
 126          0.055
 127          0.055
 128          0.157
 129          0.161
 130          0.126
 131          0.076
 132          0.050
 133          0.018
 134          0.062
 135          0.041
 136          0.057
 137          0.039
 138          0.029
 139          0.081
 140          0.152
 141          0.262
 142          0.228
 143          0.192
 144          0.177
 145          0.104
 146          0.085
 147          0.055
 148          0.069
 149          0.111
 150          0.159
 151          0.222
 152          0.230
 153          0.214
 154          0.108
 155          0.039
 156          0.032
 157          0.037
 158          0.064
 159          0.057
 160          0.091
 161          0.103
 162          0.177
 163          0.150
 164          0.138
 165          0.072
 166          0.067
 167          0.069
 168          0.090
 169          0.034
 170          0.050
 171          0.037
 172          0.048
 173          0.107
 174          0.092
 175          0.099
 176          0.083
 177          0.102
 178          0.034
 179          0.021
 180          0.046
 181          0.054
 182          0.059
 183          0.074
 184          0.073
 185          0.111
 186          0.152
 187          0.117
 188          0.079
 189          0.102
 190          0.090
 191          0.056
 192          0.059
 193          0.046
 194          0.065
 195          0.076
 196          0.080
 197          0.104
 198          0.148
 199          0.134
 200          0.102
 201          0.075
 202          0.086
 203          0.077
 204          0.026
 205          0.041
 206          0.038
 207          0.046
 208          0.067
 209          0.035
 210          0.131
 211          0.123
 212          0.089
 213          0.105
 214          0.084
 215          0.126
 216          0.060
 217          0.062
 218          0.037
 219          0.063
 220          0.109
 221          0.135
 222          0.129
 223          0.092
 224          0.118
 225          0.135
 226          0.182
 227          0.175
 228          0.150
 229          0.146
 230          0.159
 231          0.129
 232          0.128
 233          0.104
 234          0.125
 235          0.142
 236          0.141
 237          0.223
 238          0.153
 239          0.233
 240          0.132
 241          0.159
 242          0.211
 243          0.183
 244          0.129
 245          0.185
 246          0.136
 247          0.072
 248          0.085
 249          0.088
 250          0.061
 251          0.062
 252          0.075
 253          0.072
 254          0.053
 255          0.094
 256          0.097
 257          0.073
 258          0.042
 259          0.014
 260          0.046
 261          0.050
 262          0.124
 263          0.242
 264          0.250
 265          0.172
 266          0.087
 267          0.089
 268          0.117
 269          0.077
 270          0.116
 271          0.157
 272          0.235
 273          0.189
 274          0.209
 275          0.124
 276          0.122
 277          0.129
 278          0.099
 279          0.075
 280          0.138
 281          0.132
 282          0.102
 283          0.045
 284          0.048
 285          0.027
 286          0.023
 287          0.055
 288          0.079
 289          0.113
 290          0.076
 291          0.042
 292          0.080
 293          0.180
 294          0.234
 295          0.288
 296          0.267
 297          0.160
 298          0.196
 299          0.098
 300          0.090
 301          0.094
 302          0.078
 303          0.119
 304          0.155
 305          0.156
 306          0.158
 307          0.159
 308          0.147
 309          0.155
 310          0.150
 311          0.114
 312          0.133
 313          0.094
 314          0.159
 315          0.148
 316          0.140
 317          0.125
 318          0.144
 319          0.144
 320          0.203
 321          0.196
 322          0.275
 323          0.278
 324          0.145
 325          0.137
 326          0.116
 327          0.120
 328          0.132
 329          0.069
 330          0.114
 331          0.079
 332          0.073
 333          0.052
 334          0.072
 335          0.083
 336          0.060
 337          0.058
 338          0.059
 339          0.058
 340          0.053
 341          0.059
 342          0.075
 343          0.090
 344          0.070
 345          0.132
 346          0.161
 347          0.161
 348          0.104
 349          0.065
 350          0.090
 351          0.131
 352          0.116
 353          0.180
 354          0.184
 355          0.166
 356          0.154
 357          0.089
 358          0.138
 359          0.085
 360          0.132
 361          0.153
 362          0.193
 363          0.261
 364          0.131
 365          0.170
 366          0.180
 367          0.225
 368          0.133
 369          0.051
 370          0.039
 371          0.116
 372          0.141
 373          0.093
 374          0.094
 375          0.072
 376          0.075
 377          0.080
 378          0.072
 379          0.079
 380          0.090
 381          0.064
 382          0.069
 383          0.067
 384          0.143
 385          0.095
 386          0.046
 387          0.093
 388          0.050
 389          0.048
 390          0.046
 391          0.086
 392          0.107
 393          0.072
 394          0.182
 395          0.157
 396          0.121
 397          0.152
 398          0.085
 399          0.052
 400          0.064
 401          0.069
 402          0.078
 403          0.084
 404          0.064
 405          0.064
 406          0.094
 407          0.075
 408          0.048
 409          0.058
 410          0.109
 411          0.095
 412          0.051
 413          0.092
 414          0.037
 415          0.010
 416          0.065
 417          0.051
 418          0.085
 419          0.058
 420          0.041
 421          0.080
 422          0.165
 423          0.225
 424          0.197
 425          0.085
 426          0.076
 427          0.093
 428          0.104
 429          0.111
 430          0.099
 431          0.096
 432          0.091
 433          0.070
 434          0.109
 435          0.093
 436          0.062
 437          0.097
 438          0.113
 439          0.111
 440          0.151
 441          0.128
 442          0.113
 443          0.085
 444          0.083
 445          0.072
 446          0.065
 447          0.066
 448          0.077
 449          0.056
 450          0.064
 451          0.076
 452          0.091
 453          0.033
 454          0.044
 455          0.055
 456          0.085
 457          0.091
 458          0.116
 459          0.104
 460          0.111
 461          0.076
 462          0.099
 463          0.080
 464          0.073
 465          0.112
 466          0.089
 467          0.063
 468          0.059
 469          0.040
 470          0.032
 471          0.059
 472          0.083
 473          0.127
 474          0.096
 475          0.146
 476          0.158
 477          0.170
 478          0.138
 479          0.145
 480          0.144
 481          0.102
 482          0.089
 483          0.077
 484          0.088
 485          0.035
 486          0.042
 487          0.033

# Average distance: 0.109 nm
