# Atom index    Distance (nm)
   1          0.113
   2          0.093
   3          0.080
   4          0.071
   5          0.100
   6          0.043
   7          0.026
   8          0.032
   9          0.047
  10          0.036
  11          0.078
  12          0.249
  13          0.337
  14          0.257
  15          0.161
  16          0.153
  17          0.127
  18          0.146
  19          0.154
  20          0.193
  21          0.215
  22          0.244
  23          0.196
  24          0.142
  25          0.191
  26          0.191
  27          0.170
  28          0.149
  29          0.133
  30          0.255
  31          0.189
  32          0.168
  33          0.236
  34          0.163
  35          0.176
  36          0.167
  37          0.171
  38          0.078
  39          0.075
  40          0.088
  41          0.186
  42          0.282
  43          0.197
  44          0.223
  45          0.174
  46          0.111
  47          0.128
  48          0.354
  49          0.355
  50          0.405
  51          0.515
  52          0.587
  53          0.285
  54          0.232
  55          0.209
  56          0.189
  57          0.175
  58          0.139
  59          0.163
  60          0.160
  61          0.167
  62          0.143
  63          0.136
  64          0.140
  65          0.151
  66          0.147
  67          0.159
  68          0.191
  69          0.166
  70          0.060
  71          0.093
  72          0.103
  73          0.124
  74          0.135
  75          0.131
  76          0.150
  77          0.090
  78          0.100
  79          0.145
  80          0.226
  81          0.294
  82          0.258
  83          0.226
  84          0.245
  85          0.224
  86          0.290
  87          0.282
  88          0.202
  89          0.240
  90          0.248
  91          0.363
  92          0.328
  93          0.314
  94          0.172
  95          0.125
  96          0.104
  97          0.165
  98          0.235
  99          0.223
 100          0.178
 101          0.231
 102          0.181
 103          0.145
 104          0.153
 105          0.120
 106          0.133
 107          0.115
 108          0.089
 109          0.123
 110          0.146
 111          0.154
 112          0.140
 113          0.117
 114          0.081
 115          0.115
 116          0.090
 117          0.094
 118          0.090
 119          0.112
 120          0.109
 121          0.108
 122          0.122
 123          0.116
 124          0.100
 125          0.095
 126          0.088
 127          0.113
 128          0.070
 129          0.035
 130          0.043
 131          0.017
 132          0.037
 133          0.070
 134          0.059
 135          0.072
 136          0.078
 137          0.074
 138          0.111
 139          0.130
 140          0.145
 141          0.194
 142          0.234
 143          0.228
 144          0.231
 145          0.172
 146          0.116
 147          0.108
 148          0.081
 149          0.068
 150          0.120
 151          0.196
 152          0.281
 153          0.204
 154          0.146
 155          0.092
 156          0.093
 157          0.089
 158          0.120
 159          0.152
 160          0.144
 161          0.140
 162          0.131
 163          0.166
 164          0.078
 165          0.069
 166          0.066
 167          0.068
 168          0.056
 169          0.087
 170          0.049
 171          0.018
 172          0.020
 173          0.032
 174          0.034
 175          0.046
 176          0.086
 177          0.140
 178          0.116
 179          0.087
 180          0.056
 181          0.024
 182          0.033
 183          0.017
 184          0.006
 185          0.047
 186          0.074
 187          0.052
 188          0.028
 189          0.032
 190          0.030
 191          0.036
 192          0.043
 193          0.077
 194          0.049
 195          0.069
 196          0.015
 197          0.038
 198          0.046
 199          0.112
 200          0.086
 201          0.034
 202          0.014
 203          0.030
 204          0.024
 205          0.049
 206          0.030
 207          0.078
 208          0.099
 209          0.100
 210          0.157
 211          0.133
 212          0.139
 213          0.177
 214          0.147
 215          0.107
 216          0.047
 217          0.045
 218          0.095
 219          0.060
 220          0.124
 221          0.189
 222          0.162
 223          0.086
 224          0.081
 225          0.066
 226          0.102
 227          0.158
 228          0.232
 229          0.293
 230          0.279
 231          0.184
 232          0.114
 233          0.084
 234          0.072
 235          0.096
 236          0.100
 237          0.049
 238          0.072
 239          0.124
 240          0.115
 241          0.048
 242          0.080
 243          0.173
 244          0.152
 245          0.183
 246          0.092
 247          0.141
 248          0.087
 249          0.141
 250          0.054
 251          0.048
 252          0.089
 253          0.075
 254          0.099
 255          0.051
 256          0.045
 257          0.043
 258          0.043
 259          0.034
 260          0.042
 261          0.069
 262          0.078
 263          0.100
 264          0.071
 265          0.099
 266          0.123
 267          0.124
 268          0.074
 269          0.034
 270          0.072
 271          0.280
 272          0.153
 273          0.094
 274          0.033
 275          0.067
 276          0.068
 277          0.110
 278          0.109
 279          0.081
 280          0.124
 281          0.092
 282          0.065
 283          0.050
 284          0.054
 285          0.050
 286          0.065
 287          0.037
 288          0.042
 289          0.022
 290          0.020
 291          0.042
 292          0.067
 293          0.212
 294          0.268
 295          0.381
 296          0.345
 297          0.228
 298          0.254
 299          0.140
 300          0.111
 301          0.067
 302          0.006
 303          0.089
 304          0.136
 305          0.096
 306          0.068
 307          0.027
 308          0.047
 309          0.038
 310          0.088
 311          0.055
 312          0.088
 313          0.132
 314          0.166
 315          0.142
 316          0.111
 317          0.051
 318          0.024
 319          0.060
 320          0.038
 321          0.037
 322          0.046
 323          0.094
 324          0.088
 325          0.105
 326          0.109
 327          0.100
 328          0.061
 329          0.084
 330          0.094
 331          0.079
 332          0.065
 333          0.091
 334          0.162
 335          0.184
 336          0.180
 337          0.107
 338          0.079
 339          0.095
 340          0.066
 341          0.055
 342          0.054
 343          0.044
 344          0.074
 345          0.167
 346          0.131
 347          0.059
 348          0.072
 349          0.056
 350          0.055
 351          0.103
 352          0.060
 353          0.065
 354          0.119
 355          0.068
 356          0.065
 357          0.050
 358          0.066
 359          0.028
 360          0.068
 361          0.057
 362          0.104
 363          0.223
 364          0.109
 365          0.106
 366          0.184
 367          0.145
 368          0.042
 369          0.044
 370          0.074
 371          0.032
 372          0.063
 373          0.069
 374          0.077
 375          0.090
 376          0.107
 377          0.109
 378          0.102
 379          0.115
 380          0.062
 381          0.064
 382          0.041
 383          0.050
 384          0.026
 385          0.091
 386          0.183
 387          0.043
 388          0.074
 389          0.122
 390          0.100
 391          0.100
 392          0.119
 393          0.162
 394          0.176
 395          0.148
 396          0.133
 397          0.113
 398          0.088
 399          0.108
 400          0.124
 401          0.101
 402          0.073
 403          0.082
 404          0.136
 405          0.157
 406          0.129
 407          0.153
 408          0.140
 409          0.099
 410          0.120
 411          0.122
 412          0.109
 413          0.102
 414          0.165
 415          0.160
 416          0.109
 417          0.103
 418          0.102
 419          0.096
 420          0.078
 421          0.103
 422          0.154
 423          0.175
 424          0.213
 425          0.091
 426          0.080
 427          0.105
 428          0.076
 429          0.083
 430          0.162
 431          0.262
 432          0.211
 433          0.092
 434          0.071
 435          0.084
 436          0.083
 437          0.129
 438          0.090
 439          0.061
 440          0.081
 441          0.037
 442          0.076
 443          0.060
 444          0.102
 445          0.123
 446          0.121
 447          0.097
 448          0.062
 449          0.095
 450          0.085
 451          0.083
 452          0.068
 453          0.069
 454          0.065
 455          0.054
 456          0.042
 457          0.082
 458          0.086
 459          0.156
 460          0.214
 461          0.199
 462          0.137
 463          0.099
 464          0.058
 465          0.086
 466          0.172
 467          0.193
 468          0.280
 469          0.247
 470          0.180
 471          0.166
 472          0.122
 473          0.060
 474          0.045
 475          0.028
 476          0.051
 477          0.093
 478          0.107
 479          0.092
 480          0.116
 481          0.151
 482          0.119
 483          0.055
 484          0.057
 485          0.098
 486          0.078
 487          0.066

# Average distance: 0.118 nm
