# Atom index    Distance (nm)
   1          0.167
   2          0.016
   3          0.062
   4          0.074
   5          0.103
   6          0.044
   7          0.057
   8          0.061
   9          0.062
  10          0.062
  11          0.070
  12          0.100
  13          0.133
  14          0.157
  15          0.134
  16          0.109
  17          0.071
  18          0.010
  19          0.041
  20          0.115
  21          0.070
  22          0.055
  23          0.045
  24          0.096
  25          0.118
  26          0.074
  27          0.025
  28          0.070
  29          0.141
  30          0.219
  31          0.167
  32          0.186
  33          0.196
  34          0.132
  35          0.162
  36          0.190
  37          0.166
  38          0.058
  39          0.063
  40          0.070
  41          0.052
  42          0.039
  43          0.088
  44          0.082
  45          0.121
  46          0.188
  47          0.189
  48          0.187
  49          0.308
  50          0.182
  51          0.153
  52          0.117
  53          0.071
  54          0.080
  55          0.058
  56          0.029
  57          0.083
  58          0.013
  59          0.075
  60          0.081
  61          0.097
  62          0.040
  63          0.062
  64          0.040
  65          0.056
  66          0.075
  67          0.166
  68          0.132
  69          0.205
  70          0.153
  71          0.025
  72          0.062
  73          0.050
  74          0.041
  75          0.046
  76          0.058
  77          0.136
  78          0.172
  79          0.151
  80          0.111
  81          0.146
  82          0.117
  83          0.082
  84          0.094
  85          0.077
  86          0.085
  87          0.080
  88          0.148
  89          0.113
  90          0.066
  91          0.059
  92          0.051
  93          0.041
  94          0.074
  95          0.112
  96          0.092
  97          0.092
  98          0.089
  99          0.090
 100          0.145
 101          0.136
 102          0.188
 103          0.157
 104          0.110
 105          0.092
 106          0.091
 107          0.091
 108          0.175
 109          0.209
 110          0.180
 111          0.141
 112          0.120
 113          0.109
 114          0.167
 115          0.143
 116          0.184
 117          0.136
 118          0.126
 119          0.044
 120          0.046
 121          0.137
 122          0.113
 123          0.109
 124          0.111
 125          0.138
 126          0.138
 127          0.094
 128          0.057
 129          0.036
 130          0.057
 131          0.070
 132          0.133
 133          0.065
 134          0.055
 135          0.089
 136          0.092
 137          0.096
 138          0.076
 139          0.095
 140          0.085
 141          0.078
 142          0.023
 143          0.049
 144          0.077
 145          0.054
 146          0.049
 147          0.062
 148          0.086
 149          0.087
 150          0.084
 151          0.134
 152          0.134
 153          0.092
 154          0.048
 155          0.034
 156          0.068
 157          0.057
 158          0.059
 159          0.070
 160          0.049
 161          0.072
 162          0.069
 163          0.052
 164          0.034
 165          0.039
 166          0.099
 167          0.062
 168          0.061
 169          0.048
 170          0.064
 171          0.055
 172          0.062
 173          0.036
 174          0.035
 175          0.069
 176          0.043
 177          0.078
 178          0.051
 179          0.078
 180          0.033
 181          0.060
 182          0.080
 183          0.067
 184          0.067
 185          0.113
 186          0.101
 187          0.059
 188          0.031
 189          0.032
 190          0.030
 191          0.056
 192          0.051
 193          0.050
 194          0.033
 195          0.032
 196          0.036
 197          0.043
 198          0.060
 199          0.104
 200          0.098
 201          0.112
 202          0.078
 203          0.044
 204          0.048
 205          0.043
 206          0.051
 207          0.058
 208          0.048
 209          0.070
 210          0.144
 211          0.073
 212          0.164
 213          0.174
 214          0.120
 215          0.063
 216          0.045
 217          0.064
 218          0.064
 219          0.056
 220          0.051
 221          0.086
 222          0.055
 223          0.069
 224          0.104
 225          0.053
 226          0.042
 227          0.042
 228          0.101
 229          0.094
 230          0.143
 231          0.131
 232          0.104
 233          0.025
 234          0.019
 235          0.064
 236          0.063
 237          0.146
 238          0.306
 239          0.395
 240          0.332
 241          0.211
 242          0.073
 243          0.076
 244          0.120
 245          0.083
 246          0.049
 247          0.076
 248          0.079
 249          0.073
 250          0.026
 251          0.024
 252          0.030
 253          0.103
 254          0.089
 255          0.039
 256          0.045
 257          0.031
 258          0.032
 259          0.021
 260          0.064
 261          0.078
 262          0.105
 263          0.127
 264          0.172
 265          0.114
 266          0.098
 267          0.076
 268          0.090
 269          0.088
 270          0.075
 271          0.069
 272          0.089
 273          0.074
 274          0.081
 275          0.093
 276          0.082
 277          0.101
 278          0.245
 279          0.142
 280          0.096
 281          0.145
 282          0.162
 283          0.107
 284          0.102
 285          0.094
 286          0.059
 287          0.038
 288          0.053
 289          0.069
 290          0.059
 291          0.092
 292          0.069
 293          0.078
 294          0.063
 295          0.123
 296          0.070
 297          0.098
 298          0.066
 299          0.085
 300          0.082
 301          0.071
 302          0.093
 303          0.100
 304          0.170
 305          0.191
 306          0.180
 307          0.178
 308          0.136
 309          0.095
 310          0.075
 311          0.149
 312          0.176
 313          0.171
 314          0.208
 315          0.104
 316          0.091
 317          0.093
 318          0.129
 319          0.153
 320          0.145
 321          0.150
 322          0.160
 323          0.154
 324          0.099
 325          0.109
 326          0.091
 327          0.084
 328          0.069
 329          0.057
 330          0.070
 331          0.080
 332          0.032
 333          0.080
 334          0.089
 335          0.093
 336          0.110
 337          0.133
 338          0.081
 339          0.060
 340          0.048
 341          0.051
 342          0.024
 343          0.121
 344          0.190
 345          0.108
 346          0.160
 347          0.084
 348          0.031
 349          0.038
 350          0.074
 351          0.099
 352          0.081
 353          0.094
 354          0.191
 355          0.139
 356          0.112
 357          0.089
 358          0.081
 359          0.045
 360          0.146
 361          0.135
 362          0.133
 363          0.124
 364          0.079
 365          0.106
 366          0.076
 367          0.098
 368          0.070
 369          0.029
 370          0.040
 371          0.110
 372          0.089
 373          0.109
 374          0.125
 375          0.118
 376          0.067
 377          0.068
 378          0.086
 379          0.086
 380          0.074
 381          0.074
 382          0.073
 383          0.065
 384          0.104
 385          0.155
 386          0.098
 387          0.037
 388          0.061
 389          0.091
 390          0.104
 391          0.111
 392          0.129
 393          0.209
 394          0.092
 395          0.116
 396          0.103
 397          0.109
 398          0.110
 399          0.103
 400          0.062
 401          0.058
 402          0.054
 403          0.107
 404          0.063
 405          0.044
 406          0.096
 407          0.088
 408          0.083
 409          0.094
 410          0.072
 411          0.187
 412          0.195
 413          0.320
 414          0.229
 415          0.192
 416          0.186
 417          0.090
 418          0.048
 419          0.108
 420          0.136
 421          0.131
 422          0.135
 423          0.161
 424          0.203
 425          0.107
 426          0.067
 427          0.095
 428          0.049
 429          0.029
 430          0.071
 431          0.145
 432          0.032
 433          0.075
 434          0.080
 435          0.100
 436          0.047
 437          0.061
 438          0.072
 439          0.113
 440          0.044
 441          0.063
 442          0.114
 443          0.095
 444          0.124
 445          0.131
 446          0.102
 447          0.053
 448          0.034
 449          0.090
 450          0.068
 451          0.068
 452          0.114
 453          0.104
 454          0.080
 455          0.079
 456          0.059
 457          0.055
 458          0.110
 459          0.104
 460          0.126
 461          0.147
 462          0.125
 463          0.125
 464          0.088
 465          0.104
 466          0.131
 467          0.118
 468          0.119
 469          0.127
 470          0.107
 471          0.062
 472          0.099
 473          0.091
 474          0.069
 475          0.089
 476          0.120
 477          0.169
 478          0.233
 479          0.164
 480          0.185
 481          0.173
 482          0.141
 483          0.102
 484          0.066
 485          0.069
 486          0.094
 487          0.078

# Average distance: 0.096 nm
