# Atom index    Distance (nm)
   1          0.521
   2          0.193
   3          0.150
   4          0.101
   5          0.110
   6          0.076
   7          0.118
   8          0.106
   9          0.140
  10          0.041
  11          0.058
  12          0.112
  13          0.205
  14          0.179
  15          0.106
  16          0.047
  17          0.049
  18          0.066
  19          0.100
  20          0.189
  21          0.211
  22          0.405
  23          0.314
  24          0.311
  25          0.205
  26          0.235
  27          0.205
  28          0.123
  29          0.117
  30          0.142
  31          0.120
  32          0.131
  33          0.109
  34          0.111
  35          0.212
  36          0.221
  37          0.270
  38          0.175
  39          0.150
  40          0.158
  41          0.187
  42          0.172
  43          0.237
  44          0.329
  45          0.272
  46          0.352
  47          0.293
  48          0.272
  49          0.209
  50          0.115
  51          0.088
  52          0.159
  53          0.219
  54          0.223
  55          0.237
  56          0.184
  57          0.255
  58          0.267
  59          0.310
  60          0.359
  61          0.370
  62          0.321
  63          0.321
  64          0.291
  65          0.298
  66          0.285
  67          0.343
  68          0.368
  69          0.332
  70          0.254
  71          0.239
  72          0.221
  73          0.234
  74          0.263
  75          0.259
  76          0.296
  77          0.306
  78          0.283
  79          0.376
  80          0.393
  81          0.366
  82          0.361
  83          0.304
  84          0.264
  85          0.231
  86          0.221
  87          0.159
  88          0.179
  89          0.168
  90          0.113
  91          0.078
  92          0.015
  93          0.092
  94          0.091
  95          0.153
  96          0.166
  97          0.174
  98          0.243
  99          0.263
 100          0.321
 101          0.292
 102          0.268
 103          0.234
 104          0.227
 105          0.160
 106          0.164
 107          0.162
 108          0.218
 109          0.202
 110          0.199
 111          0.243
 112          0.231
 113          0.174
 114          0.217
 115          0.226
 116          0.232
 117          0.185
 118          0.200
 119          0.250
 120          0.173
 121          0.165
 122          0.132
 123          0.116
 124          0.122
 125          0.041
 126          0.062
 127          0.149
 128          0.106
 129          0.112
 130          0.157
 131          0.150
 132          0.096
 133          0.085
 134          0.102
 135          0.127
 136          0.124
 137          0.125
 138          0.082
 139          0.103
 140          0.132
 141          0.172
 142          0.075
 143          0.100
 144          0.115
 145          0.109
 146          0.117
 147          0.120
 148          0.118
 149          0.126
 150          0.176
 151          0.250
 152          0.339
 153          0.332
 154          0.147
 155          0.108
 156          0.078
 157          0.074
 158          0.124
 159          0.113
 160          0.093
 161          0.037
 162          0.049
 163          0.085
 164          0.098
 165          0.104
 166          0.090
 167          0.132
 168          0.117
 169          0.149
 170          0.142
 171          0.115
 172          0.141
 173          0.101
 174          0.109
 175          0.113
 176          0.152
 177          0.120
 178          0.145
 179          0.140
 180          0.081
 181          0.120
 182          0.117
 183          0.106
 184          0.128
 185          0.110
 186          0.113
 187          0.113
 188          0.129
 189          0.122
 190          0.115
 191          0.106
 192          0.108
 193          0.105
 194          0.073
 195          0.096
 196          0.071
 197          0.125
 198          0.235
 199          0.137
 200          0.172
 201          0.136
 202          0.122
 203          0.095
 204          0.097
 205          0.066
 206          0.101
 207          0.119
 208          0.137
 209          0.142
 210          0.139
 211          0.076
 212          0.325
 213          0.316
 214          0.130
 215          0.147
 216          0.137
 217          0.148
 218          0.138
 219          0.152
 220          0.176
 221          0.176
 222          0.143
 223          0.144
 224          0.147
 225          0.127
 226          0.120
 227          0.080
 228          0.130
 229          0.195
 230          0.187
 231          0.189
 232          0.132
 233          0.119
 234          0.133
 235          0.126
 236          0.136
 237          0.131
 238          0.160
 239          0.209
 240          0.123
 241          0.092
 242          0.068
 243          0.132
 244          0.318
 245          0.181
 246          0.100
 247          0.099
 248          0.148
 249          0.174
 250          0.161
 251          0.161
 252          0.128
 253          0.070
 254          0.055
 255          0.041
 256          0.059
 257          0.029
 258          0.052
 259          0.055
 260          0.062
 261          0.086
 262          0.116
 263          0.118
 264          0.080
 265          0.119
 266          0.084
 267          0.090
 268          0.085
 269          0.105
 270          0.059
 271          0.079
 272          0.113
 273          0.133
 274          0.147
 275          0.119
 276          0.119
 277          0.129
 278          0.138
 279          0.122
 280          0.142
 281          0.118
 282          0.044
 283          0.041
 284          0.055
 285          0.067
 286          0.027
 287          0.031
 288          0.043
 289          0.063
 290          0.089
 291          0.076
 292          0.065
 293          0.156
 294          0.159
 295          0.132
 296          0.217
 297          0.169
 298          0.077
 299          0.066
 300          0.104
 301          0.087
 302          0.070
 303          0.080
 304          0.139
 305          0.196
 306          0.153
 307          0.127
 308          0.111
 309          0.102
 310          0.160
 311          0.204
 312          0.256
 313          0.385
 314          0.414
 315          0.316
 316          0.282
 317          0.146
 318          0.161
 319          0.128
 320          0.199
 321          0.203
 322          0.250
 323          0.268
 324          0.254
 325          0.206
 326          0.132
 327          0.140
 328          0.138
 329          0.143
 330          0.107
 331          0.077
 332          0.109
 333          0.133
 334          0.088
 335          0.106
 336          0.069
 337          0.121
 338          0.069
 339          0.077
 340          0.082
 341          0.089
 342          0.127
 343          0.163
 344          0.203
 345          0.234
 346          0.177
 347          0.200
 348          0.162
 349          0.150
 350          0.172
 351          0.150
 352          0.129
 353          0.136
 354          0.148
 355          0.077
 356          0.080
 357          0.143
 358          0.198
 359          0.237
 360          0.246
 361          0.244
 362          0.255
 363          0.226
 364          0.242
 365          0.228
 366          0.212
 367          0.186
 368          0.167
 369          0.119
 370          0.095
 371          0.083
 372          0.085
 373          0.154
 374          0.091
 375          0.080
 376          0.075
 377          0.055
 378          0.057
 379          0.079
 380          0.073
 381          0.082
 382          0.095
 383          0.127
 384          0.096
 385          0.158
 386          0.073
 387          0.100
 388          0.156
 389          0.155
 390          0.131
 391          0.055
 392          0.106
 393          0.110
 394          0.154
 395          0.346
 396          0.222
 397          0.100
 398          0.089
 399          0.104
 400          0.098
 401          0.092
 402          0.132
 403          0.158
 404          0.044
 405          0.054
 406          0.069
 407          0.083
 408          0.075
 409          0.030
 410          0.034
 411          0.145
 412          0.174
 413          0.192
 414          0.183
 415          0.172
 416          0.185
 417          0.115
 418          0.082
 419          0.047
 420          0.068
 421          0.094
 422          0.260
 423          0.219
 424          0.153
 425          0.058
 426          0.043
 427          0.046
 428          0.035
 429          0.067
 430          0.125
 431          0.258
 432          0.253
 433          0.141
 434          0.103
 435          0.117
 436          0.094
 437          0.075
 438          0.118
 439          0.106
 440          0.138
 441          0.139
 442          0.076
 443          0.109
 444          0.101
 445          0.083
 446          0.077
 447          0.079
 448          0.098
 449          0.104
 450          0.082
 451          0.067
 452          0.067
 453          0.032
 454          0.082
 455          0.086
 456          0.085
 457          0.123
 458          0.120
 459          0.128
 460          0.085
 461          0.118
 462          0.126
 463          0.122
 464          0.111
 465          0.106
 466          0.107
 467          0.118
 468          0.120
 469          0.156
 470          0.106
 471          0.102
 472          0.032
 473          0.079
 474          0.096
 475          0.198
 476          0.136
 477          0.125
 478          0.113
 479          0.090
 480          0.096
 481          0.082
 482          0.122
 483          0.066
 484          0.050
 485          0.082
 486          0.084
 487          0.037

# Average distance: 0.147 nm
