# Atom index    Distance (nm)
   1          0.066
   2          0.050
   3          0.087
   4          0.082
   5          0.101
   6          0.106
   7          0.147
   8          0.124
   9          0.071
  10          0.056
  11          0.057
  12          0.074
  13          0.101
  14          0.146
  15          0.089
  16          0.113
  17          0.084
  18          0.080
  19          0.114
  20          0.124
  21          0.126
  22          0.142
  23          0.134
  24          0.158
  25          0.157
  26          0.073
  27          0.027
  28          0.049
  29          0.074
  30          0.078
  31          0.117
  32          0.128
  33          0.078
  34          0.073
  35          0.062
  36          0.067
  37          0.137
  38          0.113
  39          0.110
  40          0.098
  41          0.122
  42          0.126
  43          0.185
  44          0.238
  45          0.232
  46          0.294
  47          0.354
  48          0.454
  49          0.415
  50          0.373
  51          0.236
  52          0.398
  53          0.245
  54          0.182
  55          0.139
  56          0.113
  57          0.130
  58          0.126
  59          0.199
  60          0.136
  61          0.179
  62          0.139
  63          0.130
  64          0.103
  65          0.130
  66          0.139
  67          0.179
  68          0.212
  69          0.204
  70          0.183
  71          0.153
  72          0.152
  73          0.125
  74          0.051
  75          0.120
  76          0.177
  77          0.215
  78          0.243
  79          0.213
  80          0.199
  81          0.282
  82          0.223
  83          0.156
  84          0.173
  85          0.170
  86          0.231
  87          0.158
  88          0.117
  89          0.085
  90          0.118
  91          0.078
  92          0.058
  93          0.074
  94          0.054
  95          0.067
  96          0.079
  97          0.141
  98          0.210
  99          0.175
 100          0.206
 101          0.202
 102          0.230
 103          0.252
 104          0.228
 105          0.176
 106          0.107
 107          0.102
 108          0.133
 109          0.129
 110          0.103
 111          0.156
 112          0.155
 113          0.160
 114          0.196
 115          0.218
 116          0.240
 117          0.215
 118          0.259
 119          0.292
 120          0.196
 121          0.174
 122          0.114
 123          0.103
 124          0.080
 125          0.059
 126          0.055
 127          0.117
 128          0.122
 129          0.096
 130          0.117
 131          0.124
 132          0.055
 133          0.032
 134          0.039
 135          0.044
 136          0.048
 137          0.053
 138          0.046
 139          0.052
 140          0.074
 141          0.098
 142          0.114
 143          0.141
 144          0.128
 145          0.058
 146          0.055
 147          0.043
 148          0.034
 149          0.027
 150          0.049
 151          0.062
 152          0.116
 153          0.105
 154          0.117
 155          0.087
 156          0.052
 157          0.059
 158          0.078
 159          0.054
 160          0.048
 161          0.080
 162          0.091
 163          0.108
 164          0.133
 165          0.073
 166          0.075
 167          0.081
 168          0.054
 169          0.081
 170          0.081
 171          0.093
 172          0.082
 173          0.073
 174          0.076
 175          0.121
 176          0.111
 177          0.087
 178          0.025
 179          0.033
 180          0.058
 181          0.096
 182          0.108
 183          0.098
 184          0.037
 185          0.048
 186          0.047
 187          0.085
 188          0.070
 189          0.092
 190          0.094
 191          0.046
 192          0.039
 193          0.041
 194          0.035
 195          0.021
 196          0.040
 197          0.063
 198          0.122
 199          0.058
 200          0.065
 201          0.076
 202          0.054
 203          0.047
 204          0.048
 205          0.079
 206          0.080
 207          0.069
 208          0.095
 209          0.157
 210          0.241
 211          0.267
 212          0.368
 213          0.226
 214          0.165
 215          0.129
 216          0.079
 217          0.093
 218          0.095
 219          0.083
 220          0.087
 221          0.128
 222          0.137
 223          0.073
 224          0.027
 225          0.053
 226          0.102
 227          0.093
 228          0.079
 229          0.086
 230          0.079
 231          0.074
 232          0.043
 233          0.057
 234          0.073
 235          0.045
 236          0.083
 237          0.100
 238          0.070
 239          0.102
 240          0.049
 241          0.008
 242          0.108
 243          0.182
 244          0.097
 245          0.092
 246          0.055
 247          0.099
 248          0.078
 249          0.078
 250          0.061
 251          0.067
 252          0.071
 253          0.046
 254          0.083
 255          0.079
 256          0.050
 257          0.030
 258          0.073
 259          0.062
 260          0.061
 261          0.080
 262          0.074
 263          0.072
 264          0.056
 265          0.063
 266          0.064
 267          0.022
 268          0.104
 269          0.073
 270          0.113
 271          0.131
 272          0.100
 273          0.079
 274          0.103
 275          0.067
 276          0.063
 277          0.120
 278          0.134
 279          0.125
 280          0.121
 281          0.083
 282          0.061
 283          0.111
 284          0.082
 285          0.072
 286          0.052
 287          0.052
 288          0.056
 289          0.099
 290          0.095
 291          0.050
 292          0.099
 293          0.222
 294          0.173
 295          0.302
 296          0.290
 297          0.166
 298          0.169
 299          0.111
 300          0.057
 301          0.087
 302          0.097
 303          0.086
 304          0.075
 305          0.080
 306          0.124
 307          0.094
 308          0.083
 309          0.059
 310          0.048
 311          0.031
 312          0.081
 313          0.081
 314          0.147
 315          0.110
 316          0.103
 317          0.062
 318          0.067
 319          0.073
 320          0.066
 321          0.046
 322          0.092
 323          0.069
 324          0.106
 325          0.107
 326          0.124
 327          0.081
 328          0.083
 329          0.106
 330          0.124
 331          0.094
 332          0.059
 333          0.052
 334          0.075
 335          0.084
 336          0.077
 337          0.040
 338          0.036
 339          0.033
 340          0.066
 341          0.108
 342          0.107
 343          0.094
 344          0.080
 345          0.128
 346          0.091
 347          0.114
 348          0.130
 349          0.147
 350          0.096
 351          0.065
 352          0.090
 353          0.085
 354          0.113
 355          0.073
 356          0.071
 357          0.076
 358          0.068
 359          0.128
 360          0.167
 361          0.119
 362          0.113
 363          0.074
 364          0.112
 365          0.245
 366          0.156
 367          0.083
 368          0.050
 369          0.061
 370          0.091
 371          0.092
 372          0.081
 373          0.034
 374          0.051
 375          0.027
 376          0.055
 377          0.031
 378          0.034
 379          0.036
 380          0.045
 381          0.057
 382          0.036
 383          0.077
 384          0.101
 385          0.151
 386          0.138
 387          0.117
 388          0.098
 389          0.096
 390          0.099
 391          0.117
 392          0.068
 393          0.173
 394          0.212
 395          0.255
 396          0.197
 397          0.114
 398          0.068
 399          0.075
 400          0.090
 401          0.104
 402          0.067
 403          0.074
 404          0.052
 405          0.069
 406          0.101
 407          0.075
 408          0.072
 409          0.044
 410          0.011
 411          0.055
 412          0.065
 413          0.066
 414          0.114
 415          0.120
 416          0.072
 417          0.042
 418          0.076
 419          0.040
 420          0.051
 421          0.062
 422          0.082
 423          0.086
 424          0.062
 425          0.079
 426          0.051
 427          0.046
 428          0.042
 429          0.096
 430          0.097
 431          0.131
 432          0.109
 433          0.114
 434          0.104
 435          0.025
 436          0.049
 437          0.063
 438          0.038
 439          0.032
 440          0.071
 441          0.078
 442          0.180
 443          0.114
 444          0.061
 445          0.053
 446          0.040
 447          0.063
 448          0.059
 449          0.041
 450          0.041
 451          0.029
 452          0.105
 453          0.070
 454          0.029
 455          0.047
 456          0.053
 457          0.059
 458          0.061
 459          0.104
 460          0.112
 461          0.084
 462          0.076
 463          0.076
 464          0.079
 465          0.082
 466          0.042
 467          0.017
 468          0.026
 469          0.024
 470          0.030
 471          0.035
 472          0.037
 473          0.057
 474          0.105
 475          0.127
 476          0.099
 477          0.139
 478          0.137
 479          0.117
 480          0.081
 481          0.084
 482          0.061
 483          0.057
 484          0.065
 485          0.041
 486          0.027
 487          0.022

# Average distance: 0.101 nm
