# Atom index    Distance (nm)
   1          0.153
   2          0.093
   3          0.103
   4          0.125
   5          0.258
   6          0.230
   7          0.167
   8          0.061
   9          0.082
  10          0.057
  11          0.063
  12          0.106
  13          0.134
  14          0.142
  15          0.094
  16          0.083
  17          0.088
  18          0.081
  19          0.084
  20          0.103
  21          0.110
  22          0.176
  23          0.131
  24          0.176
  25          0.209
  26          0.139
  27          0.107
  28          0.078
  29          0.072
  30          0.087
  31          0.113
  32          0.114
  33          0.093
  34          0.086
  35          0.099
  36          0.117
  37          0.148
  38          0.117
  39          0.105
  40          0.135
  41          0.127
  42          0.084
  43          0.141
  44          0.191
  45          0.138
  46          0.120
  47          0.165
  48          0.187
  49          0.175
  50          0.184
  51          0.141
  52          0.202
  53          0.124
  54          0.081
  55          0.059
  56          0.063
  57          0.130
  58          0.176
  59          0.148
  60          0.259
  61          0.231
  62          0.153
  63          0.108
  64          0.106
  65          0.109
  66          0.121
  67          0.244
  68          0.274
  69          0.256
  70          0.181
  71          0.192
  72          0.141
  73          0.139
  74          0.128
  75          0.163
  76          0.124
  77          0.164
  78          0.124
  79          0.083
  80          0.088
  81          0.090
  82          0.072
  83          0.035
  84          0.046
  85          0.099
  86          0.116
  87          0.067
  88          0.106
  89          0.093
  90          0.088
  91          0.044
  92          0.061
  93          0.082
  94          0.058
  95          0.091
  96          0.114
  97          0.109
  98          0.120
  99          0.142
 100          0.143
 101          0.180
 102          0.159
 103          0.176
 104          0.149
 105          0.141
 106          0.084
 107          0.091
 108          0.134
 109          0.124
 110          0.098
 111          0.153
 112          0.120
 113          0.060
 114          0.061
 115          0.062
 116          0.105
 117          0.210
 118          0.237
 119          0.213
 120          0.248
 121          0.268
 122          0.190
 123          0.205
 124          0.190
 125          0.130
 126          0.049
 127          0.073
 128          0.012
 129          0.026
 130          0.051
 131          0.088
 132          0.123
 133          0.067
 134          0.043
 135          0.045
 136          0.037
 137          0.044
 138          0.068
 139          0.092
 140          0.098
 141          0.122
 142          0.117
 143          0.070
 144          0.071
 145          0.028
 146          0.039
 147          0.082
 148          0.107
 149          0.113
 150          0.108
 151          0.097
 152          0.083
 153          0.057
 154          0.065
 155          0.071
 156          0.066
 157          0.053
 158          0.079
 159          0.058
 160          0.026
 161          0.033
 162          0.020
 163          0.021
 164          0.034
 165          0.054
 166          0.027
 167          0.028
 168          0.076
 169          0.045
 170          0.073
 171          0.051
 172          0.027
 173          0.042
 174          0.048
 175          0.050
 176          0.028
 177          0.051
 178          0.065
 179          0.061
 180          0.060
 181          0.023
 182          0.037
 183          0.054
 184          0.058
 185          0.053
 186          0.039
 187          0.060
 188          0.049
 189          0.038
 190          0.041
 191          0.031
 192          0.024
 193          0.023
 194          0.015
 195          0.063
 196          0.069
 197          0.045
 198          0.051
 199          0.018
 200          0.051
 201          0.037
 202          0.044
 203          0.049
 204          0.040
 205          0.050
 206          0.076
 207          0.045
 208          0.050
 209          0.049
 210          0.104
 211          0.061
 212          0.133
 213          0.201
 214          0.097
 215          0.108
 216          0.084
 217          0.061
 218          0.052
 219          0.043
 220          0.064
 221          0.068
 222          0.037
 223          0.029
 224          0.074
 225          0.087
 226          0.074
 227          0.059
 228          0.021
 229          0.119
 230          0.183
 231          0.247
 232          0.096
 233          0.048
 234          0.047
 235          0.076
 236          0.087
 237          0.058
 238          0.113
 239          0.117
 240          0.086
 241          0.094
 242          0.102
 243          0.082
 244          0.047
 245          0.033
 246          0.052
 247          0.066
 248          0.063
 249          0.073
 250          0.092
 251          0.061
 252          0.047
 253          0.014
 254          0.008
 255          0.018
 256          0.023
 257          0.051
 258          0.037
 259          0.047
 260          0.051
 261          0.074
 262          0.047
 263          0.057
 264          0.080
 265          0.039
 266          0.028
 267          0.039
 268          0.035
 269          0.070
 270          0.086
 271          0.231
 272          0.286
 273          0.269
 274          0.117
 275          0.049
 276          0.041
 277          0.070
 278          0.072
 279          0.048
 280          0.063
 281          0.133
 282          0.071
 283          0.050
 284          0.066
 285          0.082
 286          0.072
 287          0.047
 288          0.045
 289          0.046
 290          0.059
 291          0.051
 292          0.086
 293          0.061
 294          0.113
 295          0.116
 296          0.123
 297          0.142
 298          0.092
 299          0.107
 300          0.097
 301          0.081
 302          0.059
 303          0.074
 304          0.061
 305          0.064
 306          0.084
 307          0.075
 308          0.084
 309          0.081
 310          0.085
 311          0.089
 312          0.104
 313          0.214
 314          0.249
 315          0.087
 316          0.037
 317          0.111
 318          0.099
 319          0.078
 320          0.082
 321          0.093
 322          0.132
 323          0.134
 324          0.114
 325          0.057
 326          0.052
 327          0.058
 328          0.109
 329          0.120
 330          0.127
 331          0.118
 332          0.073
 333          0.088
 334          0.089
 335          0.064
 336          0.035
 337          0.072
 338          0.059
 339          0.029
 340          0.064
 341          0.088
 342          0.067
 343          0.065
 344          0.023
 345          0.051
 346          0.057
 347          0.056
 348          0.054
 349          0.066
 350          0.057
 351          0.030
 352          0.023
 353          0.029
 354          0.156
 355          0.066
 356          0.032
 357          0.028
 358          0.051
 359          0.063
 360          0.060
 361          0.048
 362          0.056
 363          0.065
 364          0.044
 365          0.131
 366          0.262
 367          0.222
 368          0.138
 369          0.133
 370          0.051
 371          0.048
 372          0.043
 373          0.035
 374          0.072
 375          0.060
 376          0.023
 377          0.012
 378          0.031
 379          0.013
 380          0.035
 381          0.018
 382          0.071
 383          0.051
 384          0.054
 385          0.044
 386          0.016
 387          0.032
 388          0.026
 389          0.033
 390          0.104
 391          0.083
 392          0.120
 393          0.199
 394          0.151
 395          0.149
 396          0.127
 397          0.129
 398          0.083
 399          0.073
 400          0.066
 401          0.060
 402          0.053
 403          0.058
 404          0.041
 405          0.016
 406          0.029
 407          0.041
 408          0.043
 409          0.034
 410          0.043
 411          0.037
 412          0.039
 413          0.077
 414          0.086
 415          0.078
 416          0.071
 417          0.062
 418          0.035
 419          0.056
 420          0.050
 421          0.034
 422          0.151
 423          0.111
 424          0.111
 425          0.073
 426          0.065
 427          0.088
 428          0.082
 429          0.063
 430          0.208
 431          0.157
 432          0.073
 433          0.070
 434          0.075
 435          0.063
 436          0.071
 437          0.079
 438          0.069
 439          0.067
 440          0.073
 441          0.118
 442          0.068
 443          0.081
 444          0.053
 445          0.055
 446          0.070
 447          0.044
 448          0.017
 449          0.044
 450          0.035
 451          0.039
 452          0.051
 453          0.034
 454          0.022
 455          0.015
 456          0.016
 457          0.050
 458          0.036
 459          0.056
 460          0.057
 461          0.044
 462          0.078
 463          0.051
 464          0.080
 465          0.055
 466          0.044
 467          0.041
 468          0.104
 469          0.083
 470          0.072
 471          0.103
 472          0.083
 473          0.091
 474          0.069
 475          0.124
 476          0.092
 477          0.132
 478          0.144
 479          0.143
 480          0.115
 481          0.115
 482          0.118
 483          0.068
 484          0.036
 485          0.019
 486          0.065
 487          0.058

# Average distance: 0.086 nm
