# Atom index    Distance (nm)
   1          0.427
   2          0.225
   3          0.106
   4          0.078
   5          0.175
   6          0.133
   7          0.108
   8          0.090
   9          0.084
  10          0.104
  11          0.048
  12          0.077
  13          0.103
  14          0.145
  15          0.110
  16          0.098
  17          0.047
  18          0.060
  19          0.080
  20          0.102
  21          0.100
  22          0.095
  23          0.071
  24          0.056
  25          0.096
  26          0.075
  27          0.101
  28          0.090
  29          0.122
  30          0.155
  31          0.114
  32          0.157
  33          0.137
  34          0.143
  35          0.140
  36          0.173
  37          0.146
  38          0.116
  39          0.158
  40          0.158
  41          0.246
  42          0.276
  43          0.264
  44          0.296
  45          0.184
  46          0.330
  47          0.256
  48          0.320
  49          0.341
  50          0.415
  51          0.490
  52          0.305
  53          0.327
  54          0.275
  55          0.249
  56          0.213
  57          0.203
  58          0.164
  59          0.183
  60          0.206
  61          0.236
  62          0.215
  63          0.217
  64          0.155
  65          0.191
  66          0.193
  67          0.220
  68          0.262
  69          0.264
  70          0.163
  71          0.090
  72          0.110
  73          0.109
  74          0.133
  75          0.167
  76          0.212
  77          0.224
  78          0.284
  79          0.272
  80          0.293
  81          0.285
  82          0.240
  83          0.223
  84          0.227
  85          0.219
  86          0.277
  87          0.213
  88          0.320
  89          0.182
  90          0.134
  91          0.063
  92          0.156
  93          0.104
  94          0.100
  95          0.156
  96          0.187
  97          0.198
  98          0.247
  99          0.233
 100          0.242
 101          0.253
 102          0.260
 103          0.310
 104          0.274
 105          0.229
 106          0.169
 107          0.156
 108          0.163
 109          0.157
 110          0.099
 111          0.123
 112          0.120
 113          0.141
 114          0.151
 115          0.194
 116          0.260
 117          0.273
 118          0.289
 119          0.272
 120          0.238
 121          0.241
 122          0.211
 123          0.183
 124          0.184
 125          0.180
 126          0.124
 127          0.049
 128          0.043
 129          0.057
 130          0.087
 131          0.069
 132          0.059
 133          0.080
 134          0.080
 135          0.040
 136          0.044
 137          0.026
 138          0.057
 139          0.043
 140          0.050
 141          0.083
 142          0.047
 143          0.066
 144          0.081
 145          0.077
 146          0.081
 147          0.085
 148          0.085
 149          0.079
 150          0.055
 151          0.062
 152          0.094
 153          0.029
 154          0.039
 155          0.091
 156          0.105
 157          0.096
 158          0.080
 159          0.051
 160          0.058
 161          0.062
 162          0.059
 163          0.085
 164          0.096
 165          0.080
 166          0.091
 167          0.094
 168          0.078
 169          0.079
 170          0.057
 171          0.067
 172          0.091
 173          0.071
 174          0.094
 175          0.073
 176          0.064
 177          0.062
 178          0.076
 179          0.082
 180          0.079
 181          0.103
 182          0.097
 183          0.078
 184          0.100
 185          0.112
 186          0.108
 187          0.097
 188          0.083
 189          0.094
 190          0.118
 191          0.118
 192          0.112
 193          0.089
 194          0.080
 195          0.121
 196          0.128
 197          0.110
 198          0.136
 199          0.057
 200          0.083
 201          0.119
 202          0.159
 203          0.134
 204          0.119
 205          0.120
 206          0.104
 207          0.105
 208          0.109
 209          0.059
 210          0.119
 211          0.194
 212          0.423
 213          0.437
 214          0.209
 215          0.152
 216          0.094
 217          0.102
 218          0.078
 219          0.083
 220          0.068
 221          0.073
 222          0.084
 223          0.079
 224          0.077
 225          0.078
 226          0.057
 227          0.046
 228          0.105
 229          0.146
 230          0.152
 231          0.103
 232          0.082
 233          0.050
 234          0.076
 235          0.058
 236          0.106
 237          0.068
 238          0.082
 239          0.097
 240          0.072
 241          0.057
 242          0.067
 243          0.145
 244          0.116
 245          0.107
 246          0.104
 247          0.116
 248          0.133
 249          0.090
 250          0.086
 251          0.036
 252          0.077
 253          0.081
 254          0.083
 255          0.095
 256          0.117
 257          0.097
 258          0.099
 259          0.100
 260          0.101
 261          0.113
 262          0.125
 263          0.112
 264          0.112
 265          0.105
 266          0.097
 267          0.095
 268          0.129
 269          0.191
 270          0.167
 271          0.185
 272          0.199
 273          0.173
 274          0.151
 275          0.108
 276          0.111
 277          0.095
 278          0.106
 279          0.084
 280          0.070
 281          0.032
 282          0.057
 283          0.070
 284          0.120
 285          0.134
 286          0.092
 287          0.082
 288          0.113
 289          0.119
 290          0.083
 291          0.100
 292          0.151
 293          0.334
 294          0.372
 295          0.512
 296          0.573
 297          0.405
 298          0.428
 299          0.245
 300          0.093
 301          0.134
 302          0.145
 303          0.133
 304          0.165
 305          0.206
 306          0.160
 307          0.148
 308          0.131
 309          0.109
 310          0.123
 311          0.131
 312          0.169
 313          0.209
 314          0.204
 315          0.159
 316          0.137
 317          0.103
 318          0.131
 319          0.149
 320          0.234
 321          0.136
 322          0.130
 323          0.152
 324          0.142
 325          0.138
 326          0.122
 327          0.144
 328          0.106
 329          0.125
 330          0.128
 331          0.116
 332          0.085
 333          0.061
 334          0.073
 335          0.094
 336          0.092
 337          0.161
 338          0.066
 339          0.049
 340          0.100
 341          0.110
 342          0.088
 343          0.123
 344          0.119
 345          0.124
 346          0.075
 347          0.090
 348          0.131
 349          0.091
 350          0.086
 351          0.114
 352          0.094
 353          0.151
 354          0.189
 355          0.131
 356          0.130
 357          0.065
 358          0.118
 359          0.149
 360          0.169
 361          0.142
 362          0.139
 363          0.060
 364          0.046
 365          0.072
 366          0.120
 367          0.137
 368          0.109
 369          0.105
 370          0.116
 371          0.070
 372          0.083
 373          0.064
 374          0.056
 375          0.088
 376          0.067
 377          0.058
 378          0.039
 379          0.057
 380          0.064
 381          0.087
 382          0.141
 383          0.146
 384          0.145
 385          0.082
 386          0.052
 387          0.052
 388          0.058
 389          0.043
 390          0.078
 391          0.078
 392          0.111
 393          0.154
 394          0.167
 395          0.158
 396          0.096
 397          0.063
 398          0.072
 399          0.073
 400          0.050
 401          0.070
 402          0.111
 403          0.131
 404          0.071
 405          0.078
 406          0.074
 407          0.060
 408          0.079
 409          0.066
 410          0.051
 411          0.064
 412          0.105
 413          0.109
 414          0.078
 415          0.104
 416          0.078
 417          0.081
 418          0.064
 419          0.047
 420          0.059
 421          0.126
 422          0.152
 423          0.166
 424          0.080
 425          0.114
 426          0.109
 427          0.071
 428          0.068
 429          0.077
 430          0.077
 431          0.085
 432          0.103
 433          0.084
 434          0.106
 435          0.070
 436          0.059
 437          0.081
 438          0.128
 439          0.112
 440          0.119
 441          0.111
 442          0.087
 443          0.097
 444          0.080
 445          0.067
 446          0.106
 447          0.049
 448          0.050
 449          0.054
 450          0.107
 451          0.116
 452          0.143
 453          0.043
 454          0.088
 455          0.083
 456          0.050
 457          0.028
 458          0.040
 459          0.023
 460          0.050
 461          0.083
 462          0.063
 463          0.033
 464          0.039
 465          0.045
 466          0.043
 467          0.107
 468          0.125
 469          0.037
 470          0.084
 471          0.122
 472          0.078
 473          0.073
 474          0.041
 475          0.109
 476          0.148
 477          0.233
 478          0.335
 479          0.268
 480          0.350
 481          0.442
 482          0.357
 483          0.197
 484          0.126
 485          0.103
 486          0.073
 487          0.092

# Average distance: 0.129 nm
