# Atom index    Distance (nm)
   1          0.133
   2          0.119
   3          0.096
   4          0.046
   5          0.086
   6          0.094
   7          0.078
   8          0.070
   9          0.101
  10          0.057
  11          0.065
  12          0.065
  13          0.124
  14          0.128
  15          0.163
  16          0.097
  17          0.075
  18          0.075
  19          0.073
  20          0.112
  21          0.151
  22          0.136
  23          0.171
  24          0.112
  25          0.106
  26          0.112
  27          0.107
  28          0.136
  29          0.122
  30          0.165
  31          0.076
  32          0.021
  33          0.137
  34          0.118
  35          0.131
  36          0.140
  37          0.097
  38          0.109
  39          0.103
  40          0.111
  41          0.150
  42          0.104
  43          0.095
  44          0.134
  45          0.047
  46          0.192
  47          0.283
  48          0.314
  49          0.220
  50          0.233
  51          0.127
  52          0.037
  53          0.177
  54          0.137
  55          0.130
  56          0.138
  57          0.166
  58          0.117
  59          0.127
  60          0.164
  61          0.190
  62          0.192
  63          0.189
  64          0.159
  65          0.168
  66          0.189
  67          0.219
  68          0.246
  69          0.252
  70          0.260
  71          0.248
  72          0.140
  73          0.136
  74          0.139
  75          0.150
  76          0.193
  77          0.253
  78          0.348
  79          0.313
  80          0.304
  81          0.306
  82          0.259
  83          0.226
  84          0.190
  85          0.160
  86          0.157
  87          0.141
  88          0.199
  89          0.147
  90          0.137
  91          0.204
  92          0.145
  93          0.137
  94          0.113
  95          0.110
  96          0.122
  97          0.099
  98          0.150
  99          0.170
 100          0.220
 101          0.231
 102          0.229
 103          0.222
 104          0.168
 105          0.098
 106          0.046
 107          0.086
 108          0.162
 109          0.283
 110          0.176
 111          0.179
 112          0.193
 113          0.151
 114          0.164
 115          0.133
 116          0.189
 117          0.161
 118          0.150
 119          0.137
 120          0.124
 121          0.188
 122          0.131
 123          0.088
 124          0.061
 125          0.071
 126          0.062
 127          0.148
 128          0.139
 129          0.103
 130          0.040
 131          0.037
 132          0.046
 133          0.061
 134          0.063
 135          0.069
 136          0.099
 137          0.068
 138          0.118
 139          0.087
 140          0.005
 141          0.053
 142          0.054
 143          0.050
 144          0.067
 145          0.074
 146          0.104
 147          0.103
 148          0.083
 149          0.081
 150          0.076
 151          0.077
 152          0.055
 153          0.067
 154          0.084
 155          0.088
 156          0.094
 157          0.091
 158          0.088
 159          0.085
 160          0.049
 161          0.066
 162          0.061
 163          0.035
 164          0.058
 165          0.062
 166          0.138
 167          0.046
 168          0.073
 169          0.063
 170          0.105
 171          0.093
 172          0.079
 173          0.081
 174          0.086
 175          0.099
 176          0.115
 177          0.124
 178          0.134
 179          0.113
 180          0.097
 181          0.144
 182          0.119
 183          0.073
 184          0.066
 185          0.077
 186          0.076
 187          0.052
 188          0.074
 189          0.108
 190          0.095
 191          0.110
 192          0.087
 193          0.071
 194          0.058
 195          0.107
 196          0.100
 197          0.077
 198          0.050
 199          0.051
 200          0.063
 201          0.115
 202          0.141
 203          0.079
 204          0.075
 205          0.108
 206          0.104
 207          0.121
 208          0.133
 209          0.121
 210          0.122
 211          0.114
 212          0.240
 213          0.181
 214          0.069
 215          0.029
 216          0.097
 217          0.100
 218          0.087
 219          0.065
 220          0.058
 221          0.110
 222          0.052
 223          0.090
 224          0.121
 225          0.105
 226          0.075
 227          0.050
 228          0.023
 229          0.407
 230          0.359
 231          0.362
 232          0.060
 233          0.095
 234          0.109
 235          0.107
 236          0.071
 237          0.060
 238          0.120
 239          0.116
 240          0.125
 241          0.185
 242          0.138
 243          0.084
 244          0.083
 245          0.034
 246          0.106
 247          0.131
 248          0.049
 249          0.088
 250          0.110
 251          0.100
 252          0.075
 253          0.071
 254          0.073
 255          0.042
 256          0.033
 257          0.030
 258          0.080
 259          0.065
 260          0.079
 261          0.099
 262          0.088
 263          0.070
 264          0.084
 265          0.101
 266          0.090
 267          0.111
 268          0.153
 269          0.158
 270          0.155
 271          0.246
 272          0.228
 273          0.235
 274          0.183
 275          0.104
 276          0.100
 277          0.094
 278          0.136
 279          0.176
 280          0.166
 281          0.173
 282          0.109
 283          0.120
 284          0.102
 285          0.130
 286          0.116
 287          0.096
 288          0.075
 289          0.092
 290          0.094
 291          0.075
 292          0.070
 293          0.073
 294          0.084
 295          0.069
 296          0.086
 297          0.111
 298          0.079
 299          0.092
 300          0.113
 301          0.138
 302          0.142
 303          0.140
 304          0.173
 305          0.216
 306          0.217
 307          0.217
 308          0.151
 309          0.158
 310          0.182
 311          0.208
 312          0.204
 313          0.241
 314          0.255
 315          0.252
 316          0.220
 317          0.154
 318          0.142
 319          0.115
 320          0.154
 321          0.180
 322          0.181
 323          0.206
 324          0.189
 325          0.194
 326          0.154
 327          0.163
 328          0.166
 329          0.149
 330          0.112
 331          0.058
 332          0.054
 333          0.042
 334          0.039
 335          0.044
 336          0.050
 337          0.056
 338          0.062
 339          0.038
 340          0.055
 341          0.076
 342          0.107
 343          0.109
 344          0.140
 345          0.170
 346          0.155
 347          0.106
 348          0.113
 349          0.093
 350          0.108
 351          0.112
 352          0.101
 353          0.119
 354          0.128
 355          0.136
 356          0.136
 357          0.098
 358          0.106
 359          0.134
 360          0.109
 361          0.133
 362          0.116
 363          0.080
 364          0.082
 365          0.093
 366          0.202
 367          0.187
 368          0.090
 369          0.039
 370          0.059
 371          0.090
 372          0.079
 373          0.041
 374          0.031
 375          0.040
 376          0.068
 377          0.055
 378          0.054
 379          0.053
 380          0.066
 381          0.065
 382          0.074
 383          0.044
 384          0.076
 385          0.136
 386          0.119
 387          0.045
 388          0.043
 389          0.053
 390          0.063
 391          0.037
 392          0.052
 393          0.091
 394          0.146
 395          0.146
 396          0.071
 397          0.056
 398          0.060
 399          0.075
 400          0.084
 401          0.037
 402          0.040
 403          0.031
 404          0.095
 405          0.033
 406          0.060
 407          0.050
 408          0.033
 409          0.034
 410          0.031
 411          0.014
 412          0.053
 413          0.042
 414          0.072
 415          0.070
 416          0.037
 417          0.024
 418          0.021
 419          0.052
 420          0.061
 421          0.084
 422          0.085
 423          0.097
 424          0.120
 425          0.115
 426          0.096
 427          0.060
 428          0.048
 429          0.110
 430          0.145
 431          0.173
 432          0.134
 433          0.045
 434          0.059
 435          0.067
 436          0.078
 437          0.088
 438          0.092
 439          0.102
 440          0.108
 441          0.092
 442          0.082
 443          0.141
 444          0.042
 445          0.050
 446          0.057
 447          0.050
 448          0.025
 449          0.048
 450          0.082
 451          0.077
 452          0.079
 453          0.072
 454          0.052
 455          0.048
 456          0.039
 457          0.024
 458          0.070
 459          0.050
 460          0.069
 461          0.074
 462          0.067
 463          0.029
 464          0.039
 465          0.044
 466          0.099
 467          0.077
 468          0.068
 469          0.076
 470          0.048
 471          0.074
 472          0.080
 473          0.039
 474          0.069
 475          0.158
 476          0.212
 477          0.078
 478          0.231
 479          0.197
 480          0.209
 481          0.247
 482          0.222
 483          0.157
 484          0.135
 485          0.085
 486          0.083
 487          0.077

# Average distance: 0.112 nm
