# Atom index    Distance (nm)
   1          0.126
   2          0.110
   3          0.085
   4          0.118
   5          0.016
   6          0.041
   7          0.096
   8          0.085
   9          0.015
  10          0.046
  11          0.068
  12          0.061
  13          0.106
  14          0.120
  15          0.124
  16          0.081
  17          0.089
  18          0.055
  19          0.054
  20          0.063
  21          0.099
  22          0.129
  23          0.069
  24          0.073
  25          0.132
  26          0.080
  27          0.024
  28          0.034
  29          0.040
  30          0.070
  31          0.108
  32          0.168
  33          0.112
  34          0.057
  35          0.069
  36          0.100
  37          0.056
  38          0.018
  39          0.064
  40          0.063
  41          0.069
  42          0.088
  43          0.152
  44          0.185
  45          0.152
  46          0.054
  47          0.147
  48          0.385
  49          0.111
  50          0.246
  51          0.374
  52          0.364
  53          0.171
  54          0.125
  55          0.105
  56          0.087
  57          0.067
  58          0.075
  59          0.095
  60          0.077
  61          0.069
  62          0.044
  63          0.050
  64          0.053
  65          0.052
  66          0.062
  67          0.154
  68          0.134
  69          0.078
  70          0.069
  71          0.133
  72          0.055
  73          0.061
  74          0.074
  75          0.106
  76          0.106
  77          0.090
  78          0.108
  79          0.095
  80          0.109
  81          0.116
  82          0.089
  83          0.054
  84          0.059
  85          0.083
  86          0.126
  87          0.137
  88          0.135
  89          0.157
  90          0.181
  91          0.237
  92          0.214
  93          0.178
  94          0.125
  95          0.076
  96          0.098
  97          0.061
  98          0.087
  99          0.048
 100          0.028
 101          0.041
 102          0.088
 103          0.095
 104          0.069
 105          0.080
 106          0.086
 107          0.082
 108          0.060
 109          0.072
 110          0.071
 111          0.053
 112          0.040
 113          0.041
 114          0.075
 115          0.075
 116          0.038
 117          0.064
 118          0.155
 119          0.158
 120          0.212
 121          0.278
 122          0.314
 123          0.284
 124          0.139
 125          0.116
 126          0.087
 127          0.089
 128          0.062
 129          0.067
 130          0.024
 131          0.032
 132          0.031
 133          0.038
 134          0.040
 135          0.019
 136          0.027
 137          0.031
 138          0.033
 139          0.031
 140          0.076
 141          0.096
 142          0.089
 143          0.090
 144          0.097
 145          0.118
 146          0.073
 147          0.074
 148          0.055
 149          0.035
 150          0.019
 151          0.020
 152          0.049
 153          0.065
 154          0.131
 155          0.077
 156          0.072
 157          0.067
 158          0.073
 159          0.101
 160          0.052
 161          0.067
 162          0.085
 163          0.044
 164          0.051
 165          0.055
 166          0.051
 167          0.027
 168          0.016
 169          0.044
 170          0.050
 171          0.035
 172          0.043
 173          0.079
 174          0.073
 175          0.029
 176          0.068
 177          0.115
 178          0.080
 179          0.061
 180          0.055
 181          0.038
 182          0.026
 183          0.006
 184          0.054
 185          0.058
 186          0.014
 187          0.035
 188          0.028
 189          0.042
 190          0.043
 191          0.047
 192          0.038
 193          0.018
 194          0.022
 195          0.051
 196          0.041
 197          0.067
 198          0.100
 199          0.133
 200          0.129
 201          0.127
 202          0.118
 203          0.037
 204          0.047
 205          0.058
 206          0.054
 207          0.136
 208          0.141
 209          0.080
 210          0.082
 211          0.156
 212          0.170
 213          0.222
 214          0.122
 215          0.130
 216          0.085
 217          0.084
 218          0.070
 219          0.109
 220          0.198
 221          0.200
 222          0.122
 223          0.034
 224          0.016
 225          0.022
 226          0.040
 227          0.045
 228          0.205
 229          0.389
 230          0.488
 231          0.470
 232          0.206
 233          0.105
 234          0.065
 235          0.054
 236          0.034
 237          0.044
 238          0.020
 239          0.040
 240          0.074
 241          0.133
 242          0.081
 243          0.066
 244          0.094
 245          0.084
 246          0.046
 247          0.077
 248          0.061
 249          0.019
 250          0.016
 251          0.012
 252          0.019
 253          0.011
 254          0.034
 255          0.021
 256          0.023
 257          0.025
 258          0.028
 259          0.049
 260          0.072
 261          0.080
 262          0.090
 263          0.060
 264          0.045
 265          0.054
 266          0.059
 267          0.060
 268          0.059
 269          0.076
 270          0.117
 271          0.107
 272          0.102
 273          0.060
 274          0.058
 275          0.041
 276          0.045
 277          0.051
 278          0.034
 279          0.019
 280          0.078
 281          0.118
 282          0.035
 283          0.029
 284          0.044
 285          0.040
 286          0.014
 287          0.027
 288          0.027
 289          0.029
 290          0.020
 291          0.022
 292          0.051
 293          0.030
 294          0.058
 295          0.089
 296          0.058
 297          0.026
 298          0.027
 299          0.043
 300          0.068
 301          0.036
 302          0.035
 303          0.046
 304          0.049
 305          0.039
 306          0.035
 307          0.051
 308          0.061
 309          0.052
 310          0.026
 311          0.053
 312          0.050
 313          0.142
 314          0.114
 315          0.062
 316          0.035
 317          0.035
 318          0.023
 319          0.045
 320          0.017
 321          0.032
 322          0.061
 323          0.062
 324          0.050
 325          0.045
 326          0.054
 327          0.083
 328          0.060
 329          0.068
 330          0.084
 331          0.091
 332          0.110
 333          0.125
 334          0.163
 335          0.151
 336          0.142
 337          0.150
 338          0.113
 339          0.131
 340          0.085
 341          0.089
 342          0.096
 343          0.050
 344          0.110
 345          0.069
 346          0.070
 347          0.073
 348          0.078
 349          0.068
 350          0.101
 351          0.098
 352          0.032
 353          0.029
 354          0.120
 355          0.082
 356          0.069
 357          0.031
 358          0.028
 359          0.078
 360          0.074
 361          0.047
 362          0.075
 363          0.131
 364          0.098
 365          0.144
 366          0.055
 367          0.104
 368          0.092
 369          0.054
 370          0.023
 371          0.051
 372          0.026
 373          0.039
 374          0.007
 375          0.034
 376          0.029
 377          0.039
 378          0.028
 379          0.050
 380          0.052
 381          0.047
 382          0.042
 383          0.045
 384          0.134
 385          0.176
 386          0.112
 387          0.089
 388          0.080
 389          0.084
 390          0.037
 391          0.024
 392          0.040
 393          0.090
 394          0.135
 395          0.107
 396          0.020
 397          0.024
 398          0.046
 399          0.071
 400          0.072
 401          0.082
 402          0.032
 403          0.049
 404          0.047
 405          0.040
 406          0.034
 407          0.058
 408          0.075
 409          0.088
 410          0.067
 411          0.088
 412          0.080
 413          0.100
 414          0.090
 415          0.050
 416          0.009
 417          0.071
 418          0.089
 419          0.073
 420          0.094
 421          0.069
 422          0.053
 423          0.057
 424          0.083
 425          0.064
 426          0.049
 427          0.051
 428          0.025
 429          0.012
 430          0.065
 431          0.138
 432          0.057
 433          0.020
 434          0.060
 435          0.057
 436          0.050
 437          0.048
 438          0.079
 439          0.102
 440          0.053
 441          0.091
 442          0.083
 443          0.076
 444          0.019
 445          0.051
 446          0.075
 447          0.080
 448          0.048
 449          0.036
 450          0.035
 451          0.021
 452          0.013
 453          0.055
 454          0.028
 455          0.017
 456          0.051
 457          0.034
 458          0.033
 459          0.102
 460          0.119
 461          0.139
 462          0.049
 463          0.041
 464          0.035
 465          0.038
 466          0.074
 467          0.065
 468          0.156
 469          0.159
 470          0.114
 471          0.034
 472          0.024
 473          0.043
 474          0.050
 475          0.074
 476          0.046
 477          0.045
 478          0.066
 479          0.067
 480          0.091
 481          0.086
 482          0.037
 483          0.062
 484          0.058
 485          0.032
 486          0.023
 487          0.042

# Average distance: 0.077 nm
