# Atom index    Distance (nm)
   1          0.157
   2          0.086
   3          0.036
   4          0.109
   5          0.076
   6          0.050
   7          0.082
   8          0.103
   9          0.109
  10          0.087
  11          0.080
  12          0.057
  13          0.109
  14          0.114
  15          0.103
  16          0.082
  17          0.071
  18          0.049
  19          0.057
  20          0.063
  21          0.117
  22          0.110
  23          0.179
  24          0.072
  25          0.111
  26          0.083
  27          0.094
  28          0.093
  29          0.067
  30          0.074
  31          0.061
  32          0.173
  33          0.131
  34          0.122
  35          0.106
  36          0.170
  37          0.095
  38          0.022
  39          0.020
  40          0.004
  41          0.034
  42          0.071
  43          0.125
  44          0.173
  45          0.208
  46          0.223
  47          0.187
  48          0.194
  49          0.172
  50          0.138
  51          0.157
  52          0.141
  53          0.072
  54          0.077
  55          0.072
  56          0.050
  57          0.075
  58          0.075
  59          0.091
  60          0.061
  61          0.063
  62          0.064
  63          0.074
  64          0.073
  65          0.065
  66          0.082
  67          0.081
  68          0.142
  69          0.153
  70          0.059
  71          0.103
  72          0.083
  73          0.114
  74          0.156
  75          0.147
  76          0.132
  77          0.142
  78          0.149
  79          0.100
  80          0.036
  81          0.062
  82          0.089
  83          0.055
  84          0.108
  85          0.056
  86          0.091
  87          0.101
  88          0.112
  89          0.139
  90          0.144
  91          0.150
  92          0.125
  93          0.080
  94          0.076
  95          0.114
  96          0.100
  97          0.074
  98          0.044
  99          0.065
 100          0.072
 101          0.059
 102          0.087
 103          0.079
 104          0.069
 105          0.042
 106          0.048
 107          0.073
 108          0.079
 109          0.112
 110          0.120
 111          0.140
 112          0.128
 113          0.081
 114          0.068
 115          0.065
 116          0.072
 117          0.054
 118          0.058
 119          0.056
 120          0.071
 121          0.075
 122          0.074
 123          0.081
 124          0.065
 125          0.094
 126          0.067
 127          0.125
 128          0.155
 129          0.136
 130          0.082
 131          0.080
 132          0.070
 133          0.060
 134          0.036
 135          0.065
 136          0.039
 137          0.077
 138          0.037
 139          0.019
 140          0.063
 141          0.084
 142          0.062
 143          0.063
 144          0.086
 145          0.089
 146          0.060
 147          0.057
 148          0.057
 149          0.037
 150          0.070
 151          0.107
 152          0.173
 153          0.136
 154          0.054
 155          0.053
 156          0.048
 157          0.057
 158          0.073
 159          0.061
 160          0.105
 161          0.120
 162          0.110
 163          0.078
 164          0.035
 165          0.027
 166          0.068
 167          0.033
 168          0.038
 169          0.048
 170          0.050
 171          0.041
 172          0.036
 173          0.028
 174          0.078
 175          0.073
 176          0.093
 177          0.088
 178          0.092
 179          0.072
 180          0.038
 181          0.054
 182          0.071
 183          0.092
 184          0.052
 185          0.053
 186          0.071
 187          0.060
 188          0.043
 189          0.058
 190          0.052
 191          0.043
 192          0.024
 193          0.045
 194          0.049
 195          0.066
 196          0.045
 197          0.049
 198          0.075
 199          0.051
 200          0.056
 201          0.031
 202          0.039
 203          0.061
 204          0.051
 205          0.028
 206          0.027
 207          0.057
 208          0.057
 209          0.083
 210          0.095
 211          0.049
 212          0.151
 213          0.168
 214          0.041
 215          0.042
 216          0.031
 217          0.045
 218          0.044
 219          0.057
 220          0.058
 221          0.057
 222          0.049
 223          0.033
 224          0.066
 225          0.038
 226          0.046
 227          0.036
 228          0.028
 229          0.054
 230          0.129
 231          0.148
 232          0.058
 233          0.078
 234          0.101
 235          0.062
 236          0.035
 237          0.044
 238          0.046
 239          0.029
 240          0.071
 241          0.100
 242          0.047
 243          0.096
 244          0.116
 245          0.093
 246          0.079
 247          0.074
 248          0.036
 249          0.014
 250          0.039
 251          0.070
 252          0.096
 253          0.051
 254          0.044
 255          0.044
 256          0.048
 257          0.024
 258          0.063
 259          0.069
 260          0.065
 261          0.051
 262          0.102
 263          0.095
 264          0.051
 265          0.040
 266          0.041
 267          0.032
 268          0.052
 269          0.064
 270          0.060
 271          0.072
 272          0.075
 273          0.072
 274          0.067
 275          0.047
 276          0.069
 277          0.051
 278          0.131
 279          0.026
 280          0.071
 281          0.071
 282          0.082
 283          0.118
 284          0.085
 285          0.067
 286          0.065
 287          0.063
 288          0.048
 289          0.041
 290          0.028
 291          0.037
 292          0.066
 293          0.082
 294          0.107
 295          0.198
 296          0.319
 297          0.258
 298          0.118
 299          0.073
 300          0.043
 301          0.025
 302          0.023
 303          0.039
 304          0.075
 305          0.029
 306          0.026
 307          0.012
 308          0.076
 309          0.070
 310          0.067
 311          0.113
 312          0.144
 313          0.120
 314          0.041
 315          0.049
 316          0.031
 317          0.043
 318          0.074
 319          0.078
 320          0.051
 321          0.055
 322          0.055
 323          0.038
 324          0.094
 325          0.039
 326          0.122
 327          0.100
 328          0.099
 329          0.086
 330          0.072
 331          0.069
 332          0.062
 333          0.067
 334          0.091
 335          0.092
 336          0.103
 337          0.068
 338          0.087
 339          0.084
 340          0.054
 341          0.064
 342          0.128
 343          0.096
 344          0.139
 345          0.154
 346          0.092
 347          0.084
 348          0.094
 349          0.072
 350          0.079
 351          0.102
 352          0.084
 353          0.080
 354          0.110
 355          0.088
 356          0.072
 357          0.027
 358          0.043
 359          0.048
 360          0.088
 361          0.102
 362          0.107
 363          0.119
 364          0.065
 365          0.056
 366          0.048
 367          0.103
 368          0.084
 369          0.063
 370          0.067
 371          0.072
 372          0.090
 373          0.115
 374          0.041
 375          0.040
 376          0.024
 377          0.047
 378          0.066
 379          0.024
 380          0.020
 381          0.025
 382          0.071
 383          0.088
 384          0.071
 385          0.090
 386          0.079
 387          0.108
 388          0.062
 389          0.062
 390          0.077
 391          0.063
 392          0.067
 393          0.129
 394          0.033
 395          0.051
 396          0.067
 397          0.072
 398          0.060
 399          0.066
 400          0.080
 401          0.073
 402          0.035
 403          0.030
 404          0.037
 405          0.070
 406          0.049
 407          0.064
 408          0.052
 409          0.092
 410          0.120
 411          0.150
 412          0.091
 413          0.034
 414          0.125
 415          0.058
 416          0.049
 417          0.060
 418          0.086
 419          0.060
 420          0.049
 421          0.083
 422          0.268
 423          0.315
 424          0.157
 425          0.126
 426          0.089
 427          0.078
 428          0.090
 429          0.114
 430          0.290
 431          0.361
 432          0.160
 433          0.154
 434          0.126
 435          0.092
 436          0.108
 437          0.090
 438          0.127
 439          0.172
 440          0.177
 441          0.143
 442          0.109
 443          0.059
 444          0.034
 445          0.080
 446          0.055
 447          0.042
 448          0.087
 449          0.089
 450          0.067
 451          0.062
 452          0.069
 453          0.041
 454          0.093
 455          0.075
 456          0.043
 457          0.039
 458          0.040
 459          0.171
 460          0.211
 461          0.230
 462          0.092
 463          0.040
 464          0.037
 465          0.075
 466          0.070
 467          0.148
 468          0.137
 469          0.102
 470          0.113
 471          0.105
 472          0.078
 473          0.128
 474          0.099
 475          0.108
 476          0.125
 477          0.106
 478          0.112
 479          0.114
 480          0.082
 481          0.178
 482          0.120
 483          0.047
 484          0.093
 485          0.086
 486          0.084
 487          0.060

# Average distance: 0.082 nm
