# Atom index    Distance (nm)
   1          0.105
   2          0.042
   3          0.088
   4          0.050
   5          0.252
   6          0.200
   7          0.110
   8          0.069
   9          0.050
  10          0.031
  11          0.112
  12          0.128
  13          0.221
  14          0.172
  15          0.117
  16          0.082
  17          0.059
  18          0.054
  19          0.066
  20          0.086
  21          0.137
  22          0.138
  23          0.169
  24          0.130
  25          0.130
  26          0.103
  27          0.061
  28          0.064
  29          0.094
  30          0.100
  31          0.081
  32          0.075
  33          0.041
  34          0.059
  35          0.076
  36          0.055
  37          0.085
  38          0.089
  39          0.086
  40          0.056
  41          0.044
  42          0.039
  43          0.046
  44          0.035
  45          0.103
  46          0.294
  47          0.231
  48          0.170
  49          0.159
  50          0.129
  51          0.130
  52          0.143
  53          0.077
  54          0.033
  55          0.021
  56          0.044
  57          0.037
  58          0.048
  59          0.094
  60          0.119
  61          0.129
  62          0.058
  63          0.060
  64          0.043
  65          0.044
  66          0.060
  67          0.098
  68          0.076
  69          0.056
  70          0.073
  71          0.123
  72          0.079
  73          0.094
  74          0.092
  75          0.111
  76          0.066
  77          0.048
  78          0.079
  79          0.122
  80          0.094
  81          0.074
  82          0.071
  83          0.076
  84          0.031
  85          0.030
  86          0.074
  87          0.104
  88          0.094
  89          0.112
  90          0.115
  91          0.082
  92          0.113
  93          0.097
  94          0.096
  95          0.076
  96          0.034
  97          0.053
  98          0.061
  99          0.052
 100          0.041
 101          0.039
 102          0.127
 103          0.166
 104          0.092
 105          0.102
 106          0.099
 107          0.086
 108          0.116
 109          0.105
 110          0.107
 111          0.128
 112          0.132
 113          0.097
 114          0.090
 115          0.094
 116          0.091
 117          0.106
 118          0.112
 119          0.132
 120          0.130
 121          0.098
 122          0.021
 123          0.091
 124          0.090
 125          0.065
 126          0.075
 127          0.038
 128          0.090
 129          0.092
 130          0.085
 131          0.028
 132          0.092
 133          0.121
 134          0.085
 135          0.076
 136          0.033
 137          0.038
 138          0.056
 139          0.049
 140          0.090
 141          0.105
 142          0.098
 143          0.137
 144          0.117
 145          0.087
 146          0.066
 147          0.074
 148          0.037
 149          0.132
 150          0.222
 151          0.179
 152          0.197
 153          0.254
 154          0.312
 155          0.124
 156          0.079
 157          0.092
 158          0.073
 159          0.075
 160          0.074
 161          0.050
 162          0.074
 163          0.089
 164          0.098
 165          0.070
 166          0.087
 167          0.124
 168          0.051
 169          0.079
 170          0.053
 171          0.070
 172          0.062
 173          0.070
 174          0.115
 175          0.134
 176          0.023
 177          0.058
 178          0.078
 179          0.091
 180          0.094
 181          0.063
 182          0.064
 183          0.090
 184          0.072
 185          0.064
 186          0.072
 187          0.076
 188          0.070
 189          0.073
 190          0.094
 191          0.053
 192          0.097
 193          0.145
 194          0.102
 195          0.099
 196          0.085
 197          0.136
 198          0.141
 199          0.134
 200          0.115
 201          0.124
 202          0.145
 203          0.156
 204          0.106
 205          0.112
 206          0.144
 207          0.223
 208          0.218
 209          0.162
 210          0.202
 211          0.193
 212          0.444
 213          0.365
 214          0.179
 215          0.143
 216          0.131
 217          0.106
 218          0.132
 219          0.130
 220          0.203
 221          0.209
 222          0.192
 223          0.149
 224          0.084
 225          0.113
 226          0.116
 227          0.087
 228          0.082
 229          0.140
 230          0.063
 231          0.087
 232          0.026
 233          0.092
 234          0.144
 235          0.136
 236          0.151
 237          0.134
 238          0.166
 239          0.166
 240          0.186
 241          0.068
 242          0.095
 243          0.085
 244          0.097
 245          0.084
 246          0.089
 247          0.095
 248          0.117
 249          0.082
 250          0.042
 251          0.046
 252          0.072
 253          0.091
 254          0.080
 255          0.029
 256          0.044
 257          0.046
 258          0.063
 259          0.083
 260          0.054
 261          0.058
 262          0.067
 263          0.115
 264          0.110
 265          0.106
 266          0.094
 267          0.092
 268          0.102
 269          0.093
 270          0.097
 271          0.152
 272          0.205
 273          0.075
 274          0.136
 275          0.079
 276          0.089
 277          0.077
 278          0.102
 279          0.046
 280          0.048
 281          0.084
 282          0.066
 283          0.084
 284          0.064
 285          0.088
 286          0.093
 287          0.049
 288          0.053
 289          0.041
 290          0.051
 291          0.141
 292          0.139
 293          0.163
 294          0.151
 295          0.070
 296          0.079
 297          0.042
 298          0.064
 299          0.094
 300          0.118
 301          0.059
 302          0.085
 303          0.099
 304          0.146
 305          0.111
 306          0.106
 307          0.064
 308          0.024
 309          0.019
 310          0.095
 311          0.169
 312          0.170
 313          0.077
 314          0.045
 315          0.079
 316          0.087
 317          0.092
 318          0.084
 319          0.031
 320          0.049
 321          0.045
 322          0.103
 323          0.122
 324          0.157
 325          0.155
 326          0.140
 327          0.106
 328          0.074
 329          0.067
 330          0.062
 331          0.038
 332          0.058
 333          0.100
 334          0.066
 335          0.090
 336          0.174
 337          0.042
 338          0.035
 339          0.053
 340          0.067
 341          0.076
 342          0.062
 343          0.096
 344          0.139
 345          0.168
 346          0.156
 347          0.152
 348          0.108
 349          0.140
 350          0.115
 351          0.112
 352          0.147
 353          0.242
 354          0.214
 355          0.102
 356          0.066
 357          0.010
 358          0.018
 359          0.126
 360          0.181
 361          0.129
 362          0.146
 363          0.121
 364          0.053
 365          0.153
 366          0.389
 367          0.159
 368          0.109
 369          0.072
 370          0.039
 371          0.055
 372          0.064
 373          0.067
 374          0.060
 375          0.051
 376          0.089
 377          0.100
 378          0.098
 379          0.086
 380          0.078
 381          0.065
 382          0.082
 383          0.063
 384          0.083
 385          0.081
 386          0.035
 387          0.015
 388          0.051
 389          0.065
 390          0.051
 391          0.071
 392          0.099
 393          0.258
 394          0.174
 395          0.151
 396          0.077
 397          0.079
 398          0.008
 399          0.025
 400          0.036
 401          0.050
 402          0.080
 403          0.092
 404          0.109
 405          0.100
 406          0.033
 407          0.050
 408          0.062
 409          0.093
 410          0.038
 411          0.147
 412          0.152
 413          0.175
 414          0.256
 415          0.217
 416          0.147
 417          0.126
 418          0.105
 419          0.072
 420          0.100
 421          0.043
 422          0.153
 423          0.089
 424          0.106
 425          0.075
 426          0.056
 427          0.056
 428          0.093
 429          0.093
 430          0.141
 431          0.150
 432          0.103
 433          0.083
 434          0.092
 435          0.063
 436          0.060
 437          0.060
 438          0.055
 439          0.091
 440          0.098
 441          0.060
 442          0.105
 443          0.067
 444          0.072
 445          0.126
 446          0.148
 447          0.103
 448          0.082
 449          0.081
 450          0.127
 451          0.171
 452          0.223
 453          0.142
 454          0.051
 455          0.069
 456          0.037
 457          0.086
 458          0.144
 459          0.119
 460          0.132
 461          0.139
 462          0.144
 463          0.095
 464          0.078
 465          0.057
 466          0.056
 467          0.037
 468          0.037
 469          0.052
 470          0.108
 471          0.083
 472          0.043
 473          0.093
 474          0.131
 475          0.171
 476          0.135
 477          0.154
 478          0.081
 479          0.056
 480          0.120
 481          0.159
 482          0.103
 483          0.058
 484          0.102
 485          0.127
 486          0.071
 487          0.076

# Average distance: 0.099 nm
