# Atom index    Distance (nm)
   1          0.097
   2          0.094
   3          0.090
   4          0.033
   5          0.073
   6          0.115
   7          0.111
   8          0.089
   9          0.080
  10          0.056
  11          0.061
  12          0.057
  13          0.137
  14          0.038
  15          0.046
  16          0.059
  17          0.016
  18          0.067
  19          0.083
  20          0.119
  21          0.095
  22          0.105
  23          0.048
  24          0.059
  25          0.124
  26          0.158
  27          0.103
  28          0.092
  29          0.091
  30          0.065
  31          0.085
  32          0.027
  33          0.053
  34          0.088
  35          0.137
  36          0.190
  37          0.152
  38          0.104
  39          0.098
  40          0.090
  41          0.101
  42          0.054
  43          0.057
  44          0.113
  45          0.102
  46          0.086
  47          0.151
  48          0.201
  49          0.168
  50          0.176
  51          0.107
  52          0.093
  53          0.086
  54          0.069
  55          0.036
  56          0.050
  57          0.072
  58          0.052
  59          0.057
  60          0.045
  61          0.099
  62          0.083
  63          0.072
  64          0.071
  65          0.074
  66          0.070
  67          0.089
  68          0.105
  69          0.080
  70          0.088
  71          0.045
  72          0.085
  73          0.080
  74          0.070
  75          0.089
  76          0.111
  77          0.141
  78          0.142
  79          0.106
  80          0.139
  81          0.126
  82          0.079
  83          0.049
  84          0.019
  85          0.019
  86          0.102
  87          0.082
  88          0.052
  89          0.080
  90          0.086
  91          0.159
  92          0.109
  93          0.081
  94          0.060
  95          0.029
  96          0.044
  97          0.043
  98          0.055
  99          0.053
 100          0.041
 101          0.061
 102          0.104
 103          0.128
 104          0.101
 105          0.079
 106          0.085
 107          0.094
 108          0.139
 109          0.134
 110          0.145
 111          0.104
 112          0.094
 113          0.110
 114          0.107
 115          0.127
 116          0.132
 117          0.138
 118          0.134
 119          0.008
 120          0.040
 121          0.030
 122          0.046
 123          0.063
 124          0.077
 125          0.078
 126          0.021
 127          0.023
 128          0.082
 129          0.089
 130          0.050
 131          0.056
 132          0.028
 133          0.024
 134          0.052
 135          0.055
 136          0.057
 137          0.082
 138          0.088
 139          0.088
 140          0.122
 141          0.239
 142          0.253
 143          0.252
 144          0.230
 145          0.114
 146          0.081
 147          0.054
 148          0.058
 149          0.022
 150          0.129
 151          0.240
 152          0.282
 153          0.208
 154          0.089
 155          0.127
 156          0.058
 157          0.068
 158          0.058
 159          0.081
 160          0.093
 161          0.089
 162          0.153
 163          0.175
 164          0.139
 165          0.200
 166          0.227
 167          0.274
 168          0.209
 169          0.130
 170          0.105
 171          0.072
 172          0.065
 173          0.027
 174          0.062
 175          0.078
 176          0.206
 177          0.222
 178          0.140
 179          0.120
 180          0.088
 181          0.082
 182          0.028
 183          0.041
 184          0.114
 185          0.161
 186          0.181
 187          0.146
 188          0.107
 189          0.055
 190          0.060
 191          0.040
 192          0.063
 193          0.079
 194          0.056
 195          0.057
 196          0.072
 197          0.120
 198          0.188
 199          0.161
 200          0.118
 201          0.120
 202          0.129
 203          0.128
 204          0.048
 205          0.088
 206          0.107
 207          0.108
 208          0.139
 209          0.135
 210          0.233
 211          0.277
 212          0.446
 213          0.343
 214          0.105
 215          0.105
 216          0.141
 217          0.132
 218          0.142
 219          0.148
 220          0.161
 221          0.140
 222          0.159
 223          0.150
 224          0.128
 225          0.107
 226          0.108
 227          0.114
 228          0.084
 229          0.216
 230          0.154
 231          0.138
 232          0.148
 233          0.176
 234          0.139
 235          0.140
 236          0.172
 237          0.133
 238          0.043
 239          0.132
 240          0.160
 241          0.198
 242          0.288
 243          0.278
 244          0.227
 245          0.157
 246          0.152
 247          0.161
 248          0.107
 249          0.092
 250          0.081
 251          0.080
 252          0.074
 253          0.093
 254          0.153
 255          0.129
 256          0.109
 257          0.072
 258          0.067
 259          0.055
 260          0.045
 261          0.101
 262          0.117
 263          0.127
 264          0.052
 265          0.028
 266          0.041
 267          0.035
 268          0.044
 269          0.071
 270          0.080
 271          0.082
 272          0.055
 273          0.092
 274          0.088
 275          0.077
 276          0.082
 277          0.082
 278          0.027
 279          0.069
 280          0.096
 281          0.101
 282          0.098
 283          0.104
 284          0.108
 285          0.074
 286          0.051
 287          0.075
 288          0.071
 289          0.093
 290          0.078
 291          0.177
 292          0.162
 293          0.193
 294          0.185
 295          0.176
 296          0.172
 297          0.158
 298          0.160
 299          0.150
 300          0.161
 301          0.100
 302          0.103
 303          0.105
 304          0.132
 305          0.128
 306          0.134
 307          0.140
 308          0.120
 309          0.110
 310          0.186
 311          0.184
 312          0.108
 313          0.152
 314          0.179
 315          0.271
 316          0.138
 317          0.136
 318          0.114
 319          0.116
 320          0.193
 321          0.196
 322          0.245
 323          0.249
 324          0.219
 325          0.226
 326          0.266
 327          0.220
 328          0.199
 329          0.193
 330          0.156
 331          0.073
 332          0.032
 333          0.053
 334          0.053
 335          0.030
 336          0.048
 337          0.080
 338          0.017
 339          0.046
 340          0.095
 341          0.102
 342          0.158
 343          0.205
 344          0.207
 345          0.205
 346          0.223
 347          0.194
 348          0.140
 349          0.127
 350          0.121
 351          0.157
 352          0.208
 353          0.282
 354          0.176
 355          0.112
 356          0.101
 357          0.079
 358          0.174
 359          0.147
 360          0.176
 361          0.204
 362          0.223
 363          0.182
 364          0.112
 365          0.133
 366          0.164
 367          0.183
 368          0.156
 369          0.058
 370          0.036
 371          0.032
 372          0.040
 373          0.066
 374          0.062
 375          0.053
 376          0.133
 377          0.101
 378          0.159
 379          0.097
 380          0.101
 381          0.099
 382          0.074
 383          0.090
 384          0.066
 385          0.083
 386          0.043
 387          0.058
 388          0.046
 389          0.065
 390          0.078
 391          0.088
 392          0.094
 393          0.178
 394          0.201
 395          0.170
 396          0.154
 397          0.084
 398          0.067
 399          0.060
 400          0.060
 401          0.086
 402          0.107
 403          0.091
 404          0.103
 405          0.069
 406          0.081
 407          0.086
 408          0.099
 409          0.108
 410          0.093
 411          0.061
 412          0.078
 413          0.037
 414          0.015
 415          0.038
 416          0.039
 417          0.098
 418          0.054
 419          0.079
 420          0.101
 421          0.172
 422          0.233
 423          0.297
 424          0.221
 425          0.150
 426          0.128
 427          0.095
 428          0.093
 429          0.118
 430          0.122
 431          0.151
 432          0.101
 433          0.046
 434          0.070
 435          0.068
 436          0.057
 437          0.143
 438          0.198
 439          0.180
 440          0.146
 441          0.180
 442          0.171
 443          0.084
 444          0.060
 445          0.092
 446          0.090
 447          0.090
 448          0.040
 449          0.043
 450          0.096
 451          0.106
 452          0.109
 453          0.085
 454          0.049
 455          0.083
 456          0.088
 457          0.080
 458          0.107
 459          0.090
 460          0.145
 461          0.068
 462          0.039
 463          0.060
 464          0.066
 465          0.039
 466          0.054
 467          0.101
 468          0.095
 469          0.131
 470          0.057
 471          0.017
 472          0.025
 473          0.042
 474          0.053
 475          0.124
 476          0.168
 477          0.154
 478          0.087
 479          0.123
 480          0.083
 481          0.287
 482          0.324
 483          0.166
 484          0.113
 485          0.054
 486          0.086
 487          0.071

# Average distance: 0.110 nm
