# Atom index    Average Distance (nm)    SEM
   1          0.393                0.022
   2          0.287                0.016
   3          0.197                0.010
   4          0.143                0.007
   5          0.097                0.004
   6          0.087                0.003
   7          0.077                0.003
   8          0.071                0.003
   9          0.073                0.003
  10          0.063                0.002
  11          0.070                0.002
  12          0.076                0.003
  13          0.098                0.003
  14          0.101                0.004
  15          0.094                0.003
  16          0.082                0.003
  17          0.065                0.003
  18          0.063                0.002
  19          0.080                0.003
  20          0.096                0.003
  21          0.120                0.004
  22          0.169                0.007
  23          0.177                0.007
  24          0.154                0.006
  25          0.118                0.004
  26          0.108                0.004
  27          0.083                0.003
  28          0.083                0.003
  29          0.083                0.003
  30          0.104                0.004
  31          0.088                0.003
  32          0.096                0.004
  33          0.100                0.004
  34          0.096                0.004
  35          0.105                0.004
  36          0.105                0.004
  37          0.099                0.003
  38          0.077                0.003
  39          0.075                0.003
  40          0.069                0.002
  41          0.076                0.003
  42          0.084                0.003
  43          0.100                0.004
  44          0.128                0.005
  45          0.157                0.006
  46          0.210                0.009
  47          0.236                0.010
  48          0.265                0.011
  49          0.268                0.010
  50          0.261                0.010
  51          0.192                0.008
  52          0.171                0.007
  53          0.124                0.004
  54          0.103                0.004
  55          0.094                0.003
  56          0.077                0.003
  57          0.079                0.003
  58          0.084                0.003
  59          0.108                0.004
  60          0.122                0.004
  61          0.115                0.004
  62          0.102                0.004
  63          0.088                0.003
  64          0.078                0.003
  65          0.090                0.003
  66          0.103                0.003
  67          0.126                0.005
  68          0.154                0.005
  69          0.149                0.005
  70          0.129                0.004
  71          0.113                0.004
  72          0.096                0.003
  73          0.093                0.003
  74          0.088                0.003
  75          0.114                0.004
  76          0.114                0.004
  77          0.134                0.005
  78          0.148                0.005
  79          0.141                0.005
  80          0.140                0.005
  81          0.139                0.005
  82          0.117                0.004
  83          0.096                0.003
  84          0.096                0.003
  85          0.095                0.003
  86          0.109                0.004
  87          0.113                0.004
  88          0.125                0.004
  89          0.128                0.004
  90          0.123                0.004
  91          0.145                0.006
  92          0.129                0.005
  93          0.115                0.004
  94          0.090                0.003
  95          0.095                0.003
  96          0.087                0.003
  97          0.083                0.002
  98          0.097                0.003
  99          0.099                0.003
 100          0.114                0.004
 101          0.127                0.004
 102          0.122                0.004
 103          0.122                0.004
 104          0.107                0.004
 105          0.092                0.003
 106          0.078                0.003
 107          0.081                0.003
 108          0.104                0.004
 109          0.115                0.005
 110          0.128                0.006
 111          0.140                0.006
 112          0.124                0.005
 113          0.095                0.003
 114          0.095                0.003
 115          0.094                0.003
 116          0.114                0.004
 117          0.114                0.004
 118          0.132                0.005
 119          0.136                0.005
 120          0.119                0.004
 121          0.128                0.004
 122          0.122                0.004
 123          0.105                0.003
 124          0.087                0.003
 125          0.085                0.003
 126          0.073                0.003
 127          0.079                0.003
 128          0.077                0.003
 129          0.077                0.003
 130          0.077                0.002
 131          0.079                0.003
 132          0.074                0.002
 133          0.061                0.002
 134          0.062                0.002
 135          0.051                0.002
 136          0.055                0.002
 137          0.060                0.002
 138          0.063                0.002
 139          0.069                0.002
 140          0.079                0.003
 141          0.107                0.004
 142          0.110                0.004
 143          0.099                0.003
 144          0.096                0.003
 145          0.079                0.002
 146          0.068                0.002
 147          0.065                0.002
 148          0.062                0.002
 149          0.067                0.002
 150          0.082                0.003
 151          0.111                0.003
 152          0.133                0.004
 153          0.147                0.005
 154          0.112                0.004
 155          0.089                0.003
 156          0.075                0.002
 157          0.069                0.002
 158          0.074                0.002
 159          0.074                0.002
 160          0.084                0.003
 161          0.079                0.003
 162          0.091                0.003
 163          0.087                0.003
 164          0.074                0.002
 165          0.067                0.002
 166          0.072                0.002
 167          0.064                0.002
 168          0.063                0.002
 169          0.063                0.002
 170          0.059                0.002
 171          0.059                0.002
 172          0.058                0.002
 173          0.065                0.002
 174          0.072                0.002
 175          0.080                0.003
 176          0.101                0.003
 177          0.113                0.004
 178          0.100                0.004
 179          0.078                0.003
 180          0.070                0.002
 181          0.069                0.002
 182          0.065                0.002
 183          0.059                0.002
 184          0.060                0.002
 185          0.072                0.002
 186          0.073                0.002
 187          0.075                0.002
 188          0.064                0.002
 189          0.063                0.002
 190          0.064                0.002
 191          0.071                0.002
 192          0.082                0.002
 193          0.090                0.003
 194          0.086                0.003
 195          0.080                0.003
 196          0.071                0.002
 197          0.078                0.002
 198          0.096                0.003
 199          0.123                0.004
 200          0.116                0.004
 201          0.119                0.004
 202          0.114                0.004
 203          0.091                0.003
 204          0.073                0.002
 205          0.078                0.002
 206          0.074                0.002
 207          0.086                0.003
 208          0.093                0.004
 209          0.086                0.003
 210          0.085                0.003
 211          0.098                0.004
 212          0.120                0.005
 213          0.112                0.004
 214          0.086                0.003
 215          0.080                0.003
 216          0.076                0.003
 217          0.074                0.002
 218          0.081                0.003
 219          0.092                0.003
 220          0.131                0.005
 221          0.141                0.005
 222          0.122                0.004
 223          0.095                0.003
 224          0.082                0.003
 225          0.077                0.002
 226          0.086                0.003
 227          0.087                0.003
 228          0.103                0.003
 229          0.136                0.005
 230          0.155                0.007
 231          0.129                0.005
 232          0.101                0.003
 233          0.091                0.003
 234          0.083                0.002
 235          0.088                0.003
 236          0.091                0.003
 237          0.141                0.005
 238          0.182                0.007
 239          0.201                0.007
 240          0.194                0.008
 241          0.173                0.007
 242          0.143                0.005
 243          0.161                0.006
 244          0.131                0.005
 245          0.105                0.004
 246          0.089                0.003
 247          0.085                0.003
 248          0.075                0.002
 249          0.076                0.002
 250          0.075                0.002
 251          0.077                0.002
 252          0.069                0.002
 253          0.061                0.002
 254          0.065                0.002
 255          0.060                0.002
 256          0.053                0.002
 257          0.050                0.002
 258          0.052                0.002
 259          0.060                0.002
 260          0.070                0.002
 261          0.085                0.003
 262          0.117                0.004
 263          0.128                0.004
 264          0.118                0.004
 265          0.096                0.003
 266          0.075                0.002
 267          0.063                0.002
 268          0.070                0.002
 269          0.087                0.003
 270          0.119                0.004
 271          0.151                0.006
 272          0.152                0.006
 273          0.132                0.005
 274          0.102                0.003
 275          0.081                0.003
 276          0.080                0.003
 277          0.083                0.003
 278          0.108                0.004
 279          0.099                0.004
 280          0.119                0.004
 281          0.114                0.004
 282          0.092                0.003
 283          0.084                0.003
 284          0.077                0.003
 285          0.071                0.003
 286          0.062                0.002
 287          0.056                0.002
 288          0.056                0.002
 289          0.059                0.002
 290          0.065                0.002
 291          0.086                0.003
 292          0.085                0.002
 293          0.103                0.003
 294          0.129                0.005
 295          0.153                0.006
 296          0.147                0.005
 297          0.120                0.004
 298          0.095                0.003
 299          0.080                0.003
 300          0.079                0.003
 301          0.066                0.002
 302          0.069                0.002
 303          0.072                0.002
 304          0.091                0.004
 305          0.102                0.004
 306          0.102                0.004
 307          0.088                0.003
 308          0.083                0.003
 309          0.076                0.002
 310          0.086                0.003
 311          0.093                0.003
 312          0.109                0.004
 313          0.149                0.005
 314          0.151                0.006
 315          0.116                0.004
 316          0.099                0.003
 317          0.084                0.003
 318          0.087                0.003
 319          0.088                0.003
 320          0.107                0.004
 321          0.106                0.004
 322          0.122                0.004
 323          0.139                0.004
 324          0.135                0.004
 325          0.140                0.004
 326          0.134                0.004
 327          0.107                0.003
 328          0.087                0.003
 329          0.088                0.002
 330          0.080                0.003
 331          0.088                0.003
 332          0.080                0.003
 333          0.080                0.003
 334          0.083                0.003
 335          0.092                0.003
 336          0.096                0.004
 337          0.076                0.003
 338          0.070                0.002
 339          0.069                0.002
 340          0.072                0.002
 341          0.076                0.003
 342          0.085                0.003
 343          0.088                0.003
 344          0.109                0.004
 345          0.119                0.005
 346          0.123                0.004
 347          0.098                0.003
 348          0.083                0.003
 349          0.077                0.003
 350          0.089                0.003
 351          0.103                0.003
 352          0.119                0.004
 353          0.144                0.006
 354          0.138                0.005
 355          0.108                0.004
 356          0.095                0.003
 357          0.083                0.003
 358          0.086                0.003
 359          0.091                0.003
 360          0.118                0.004
 361          0.115                0.004
 362          0.127                0.004
 363          0.145                0.005
 364          0.130                0.004
 365          0.141                0.005
 366          0.157                0.006
 367          0.146                0.006
 368          0.104                0.003
 369          0.083                0.003
 370          0.068                0.002
 371          0.069                0.002
 372          0.062                0.002
 373          0.060                0.002
 374          0.055                0.002
 375          0.056                0.002
 376          0.055                0.002
 377          0.060                0.002
 378          0.064                0.002
 379          0.059                0.002
 380          0.054                0.002
 381          0.054                0.002
 382          0.056                0.002
 383          0.063                0.002
 384          0.075                0.003
 385          0.084                0.003
 386          0.085                0.003
 387          0.073                0.003
 388          0.065                0.002
 389          0.064                0.002
 390          0.074                0.002
 391          0.083                0.003
 392          0.114                0.004
 393          0.162                0.005
 394          0.185                0.007
 395          0.148                0.005
 396          0.115                0.004
 397          0.095                0.003
 398          0.076                0.002
 399          0.078                0.003
 400          0.076                0.003
 401          0.082                0.003
 402          0.076                0.003
 403          0.087                0.003
 404          0.092                0.004
 405          0.083                0.003
 406          0.077                0.002
 407          0.068                0.002
 408          0.065                0.002
 409          0.068                0.002
 410          0.067                0.002
 411          0.078                0.002
 412          0.075                0.002
 413          0.100                0.003
 414          0.100                0.004
 415          0.085                0.003
 416          0.078                0.002
 417          0.065                0.002
 418          0.066                0.002
 419          0.067                0.002
 420          0.079                0.002
 421          0.096                0.003
 422          0.144                0.005
 423          0.146                0.005
 424          0.135                0.005
 425          0.093                0.003
 426          0.077                0.002
 427          0.069                0.002
 428          0.080                0.003
 429          0.087                0.003
 430          0.143                0.005
 431          0.160                0.006
 432          0.135                0.005
 433          0.107                0.004
 434          0.093                0.003
 435          0.078                0.003
 436          0.081                0.003
 437          0.083                0.002
 438          0.103                0.003
 439          0.096                0.004
 440          0.112                0.004
 441          0.115                0.004
 442          0.115                0.004
 443          0.098                0.003
 444          0.075                0.002
 445          0.065                0.002
 446          0.069                0.002
 447          0.064                0.002
 448          0.062                0.002
 449          0.062                0.002
 450          0.069                0.002
 451          0.078                0.002
 452          0.091                0.003
 453          0.069                0.002
 454          0.063                0.002
 455          0.059                0.002
 456          0.064                0.002
 457          0.064                0.002
 458          0.072                0.002
 459          0.081                0.003
 460          0.137                0.006
 461          0.118                0.004
 462          0.087                0.003
 463          0.072                0.002
 464          0.069                0.002
 465          0.082                0.003
 466          0.096                0.004
 467          0.123                0.005
 468          0.143                0.006
 469          0.147                0.006
 470          0.121                0.005
 471          0.100                0.004
 472          0.081                0.003
 473          0.078                0.003
 474          0.083                0.003
 475          0.115                0.004
 476          0.109                0.004
 477          0.121                0.004
 478          0.118                0.004
 479          0.106                0.004
 480          0.117                0.004
 481          0.120                0.004
 482          0.103                0.004
 483          0.079                0.003
 484          0.071                0.002
 485          0.060                0.002
 486          0.059                0.002
 487          0.060                0.002
