# Atom index    Distance (nm)
   1          0.276
   2          0.256
   3          0.288
   4          0.233
   5          0.193
   6          0.212
   7          0.178
   8          0.121
   9          0.137
  10          0.153
  11          0.214
  12          0.209
  13          0.212
  14          0.215
  15          0.204
  16          0.164
  17          0.134
  18          0.137
  19          0.152
  20          0.170
  21          0.212
  22          0.208
  23          0.243
  24          0.173
  25          0.129
  26          0.119
  27          0.135
  28          0.163
  29          0.101
  30          0.157
  31          0.170
  32          0.166
  33          0.215
  34          0.214
  35          0.156
  36          0.167
  37          0.177
  38          0.161
  39          0.165
  40          0.136
  41          0.158
  42          0.126
  43          0.163
  44          0.177
  45          0.213
  46          0.223
  47          0.241
  48          0.318
  49          0.273
  50          0.208
  51          0.212
  52          0.353
  53          0.250
  54          0.180
  55          0.144
  56          0.138
  57          0.126
  58          0.143
  59          0.190
  60          0.114
  61          0.103
  62          0.092
  63          0.084
  64          0.035
  65          0.087
  66          0.169
  67          0.160
  68          0.232
  69          0.290
  70          0.267
  71          0.240
  72          0.180
  73          0.141
  74          0.075
  75          0.066
  76          0.043
  77          0.022
  78          0.017
  79          0.076
  80          0.177
  81          0.172
  82          0.149
  83          0.090
  84          0.157
  85          0.157
  86          0.200
  87          0.205
  88          0.235
  89          0.219
  90          0.161
  91          0.094
  92          0.120
  93          0.117
  94          0.122
  95          0.196
  96          0.139
  97          0.153
  98          0.216
  99          0.227
 100          0.242
 101          0.231
 102          0.265
 103          0.310
 104          0.275
 105          0.245
 106          0.173
 107          0.157
 108          0.261
 109          0.288
 110          0.277
 111          0.243
 112          0.192
 113          0.158
 114          0.185
 115          0.215
 116          0.300
 117          0.324
 118          0.355
 119          0.315
 120          0.268
 121          0.228
 122          0.107
 123          0.160
 124          0.148
 125          0.103
 126          0.043
 127          0.148
 128          0.118
 129          0.136
 130          0.160
 131          0.156
 132          0.098
 133          0.093
 134          0.097
 135          0.069
 136          0.058
 137          0.051
 138          0.030
 139          0.048
 140          0.097
 141          0.087
 142          0.082
 143          0.096
 144          0.087
 145          0.070
 146          0.054
 147          0.038
 148          0.032
 149          0.095
 150          0.194
 151          0.291
 152          0.244
 153          0.218
 154          0.122
 155          0.082
 156          0.113
 157          0.055
 158          0.068
 159          0.057
 160          0.053
 161          0.033
 162          0.034
 163          0.066
 164          0.055
 165          0.057
 166          0.098
 167          0.085
 168          0.057
 169          0.058
 170          0.047
 171          0.066
 172          0.050
 173          0.090
 174          0.092
 175          0.084
 176          0.115
 177          0.182
 178          0.164
 179          0.069
 180          0.097
 181          0.091
 182          0.082
 183          0.049
 184          0.050
 185          0.059
 186          0.045
 187          0.064
 188          0.054
 189          0.051
 190          0.073
 191          0.095
 192          0.120
 193          0.107
 194          0.093
 195          0.066
 196          0.086
 197          0.062
 198          0.048
 199          0.163
 200          0.164
 201          0.087
 202          0.051
 203          0.064
 204          0.064
 205          0.104
 206          0.095
 207          0.093
 208          0.079
 209          0.087
 210          0.117
 211          0.170
 212          0.120
 213          0.150
 214          0.150
 215          0.072
 216          0.110
 217          0.085
 218          0.081
 219          0.091
 220          0.201
 221          0.204
 222          0.148
 223          0.092
 224          0.115
 225          0.127
 226          0.088
 227          0.077
 228          0.128
 229          0.144
 230          0.151
 231          0.131
 232          0.112
 233          0.124
 234          0.162
 235          0.131
 236          0.096
 237          0.130
 238          0.173
 239          0.094
 240          0.091
 241          0.070
 242          0.197
 243          0.313
 244          0.188
 245          0.057
 246          0.129
 247          0.095
 248          0.097
 249          0.077
 250          0.076
 251          0.065
 252          0.081
 253          0.085
 254          0.057
 255          0.035
 256          0.043
 257          0.044
 258          0.030
 259          0.050
 260          0.048
 261          0.042
 262          0.130
 263          0.065
 264          0.034
 265          0.056
 266          0.017
 267          0.055
 268          0.041
 269          0.043
 270          0.075
 271          0.088
 272          0.054
 273          0.048
 274          0.040
 275          0.071
 276          0.071
 277          0.088
 278          0.128
 279          0.109
 280          0.113
 281          0.181
 282          0.083
 283          0.063
 284          0.056
 285          0.037
 286          0.040
 287          0.052
 288          0.044
 289          0.047
 290          0.083
 291          0.046
 292          0.120
 293          0.163
 294          0.074
 295          0.182
 296          0.192
 297          0.100
 298          0.102
 299          0.099
 300          0.043
 301          0.062
 302          0.079
 303          0.081
 304          0.075
 305          0.118
 306          0.113
 307          0.091
 308          0.099
 309          0.037
 310          0.043
 311          0.082
 312          0.072
 313          0.200
 314          0.159
 315          0.086
 316          0.081
 317          0.050
 318          0.068
 319          0.044
 320          0.056
 321          0.077
 322          0.152
 323          0.193
 324          0.055
 325          0.132
 326          0.135
 327          0.027
 328          0.040
 329          0.052
 330          0.071
 331          0.032
 332          0.064
 333          0.058
 334          0.077
 335          0.055
 336          0.056
 337          0.079
 338          0.070
 339          0.058
 340          0.089
 341          0.091
 342          0.057
 343          0.073
 344          0.130
 345          0.143
 346          0.137
 347          0.095
 348          0.075
 349          0.051
 350          0.054
 351          0.072
 352          0.093
 353          0.072
 354          0.128
 355          0.083
 356          0.076
 357          0.058
 358          0.079
 359          0.071
 360          0.041
 361          0.059
 362          0.039
 363          0.108
 364          0.133
 365          0.094
 366          0.094
 367          0.099
 368          0.094
 369          0.087
 370          0.047
 371          0.047
 372          0.041
 373          0.046
 374          0.038
 375          0.024
 376          0.020
 377          0.036
 378          0.046
 379          0.051
 380          0.056
 381          0.059
 382          0.062
 383          0.048
 384          0.063
 385          0.072
 386          0.240
 387          0.113
 388          0.063
 389          0.068
 390          0.048
 391          0.048
 392          0.075
 393          0.061
 394          0.044
 395          0.212
 396          0.157
 397          0.042
 398          0.035
 399          0.043
 400          0.029
 401          0.085
 402          0.069
 403          0.051
 404          0.153
 405          0.055
 406          0.027
 407          0.023
 408          0.054
 409          0.053
 410          0.059
 411          0.025
 412          0.032
 413          0.206
 414          0.139
 415          0.068
 416          0.087
 417          0.063
 418          0.054
 419          0.095
 420          0.096
 421          0.110
 422          0.120
 423          0.119
 424          0.086
 425          0.113
 426          0.053
 427          0.072
 428          0.056
 429          0.084
 430          0.104
 431          0.104
 432          0.061
 433          0.059
 434          0.037
 435          0.029
 436          0.017
 437          0.059
 438          0.162
 439          0.150
 440          0.145
 441          0.157
 442          0.154
 443          0.144
 444          0.014
 445          0.079
 446          0.057
 447          0.034
 448          0.036
 449          0.078
 450          0.070
 451          0.097
 452          0.116
 453          0.027
 454          0.093
 455          0.057
 456          0.051
 457          0.051
 458          0.051
 459          0.057
 460          0.242
 461          0.132
 462          0.030
 463          0.021
 464          0.085
 465          0.099
 466          0.045
 467          0.147
 468          0.202
 469          0.104
 470          0.087
 471          0.072
 472          0.038
 473          0.067
 474          0.073
 475          0.031
 476          0.041
 477          0.052
 478          0.069
 479          0.101
 480          0.130
 481          0.135
 482          0.112
 483          0.092
 484          0.084
 485          0.070
 486          0.095
 487          0.088

# Average distance: 0.111 nm
