# Atom index    Distance (nm)
   1          0.280
   2          0.210
   3          0.226
   4          0.092
   5          0.177
   6          0.165
   7          0.122
   8          0.125
   9          0.115
  10          0.084
  11          0.112
  12          0.103
  13          0.117
  14          0.109
  15          0.073
  16          0.082
  17          0.067
  18          0.061
  19          0.065
  20          0.109
  21          0.125
  22          0.123
  23          0.148
  24          0.108
  25          0.106
  26          0.082
  27          0.089
  28          0.093
  29          0.071
  30          0.098
  31          0.094
  32          0.083
  33          0.135
  34          0.118
  35          0.045
  36          0.067
  37          0.069
  38          0.101
  39          0.096
  40          0.091
  41          0.073
  42          0.045
  43          0.143
  44          0.189
  45          0.272
  46          0.386
  47          0.407
  48          0.680
  49          0.836
  50          0.819
  51          0.674
  52          0.364
  53          0.183
  54          0.123
  55          0.098
  56          0.047
  57          0.081
  58          0.105
  59          0.126
  60          0.095
  61          0.132
  62          0.103
  63          0.113
  64          0.068
  65          0.160
  66          0.162
  67          0.095
  68          0.121
  69          0.138
  70          0.125
  71          0.112
  72          0.160
  73          0.063
  74          0.111
  75          0.113
  76          0.129
  77          0.095
  78          0.111
  79          0.096
  80          0.107
  81          0.223
  82          0.170
  83          0.070
  84          0.129
  85          0.089
  86          0.041
  87          0.057
  88          0.043
  89          0.068
  90          0.107
  91          0.113
  92          0.059
  93          0.099
  94          0.070
  95          0.067
  96          0.079
  97          0.071
  98          0.093
  99          0.161
 100          0.191
 101          0.192
 102          0.196
 103          0.171
 104          0.183
 105          0.128
 106          0.117
 107          0.124
 108          0.132
 109          0.159
 110          0.122
 111          0.091
 112          0.122
 113          0.140
 114          0.148
 115          0.175
 116          0.197
 117          0.229
 118          0.277
 119          0.314
 120          0.233
 121          0.226
 122          0.199
 123          0.147
 124          0.166
 125          0.159
 126          0.070
 127          0.058
 128          0.050
 129          0.102
 130          0.112
 131          0.121
 132          0.103
 133          0.106
 134          0.100
 135          0.062
 136          0.051
 137          0.086
 138          0.063
 139          0.065
 140          0.065
 141          0.089
 142          0.111
 143          0.122
 144          0.078
 145          0.026
 146          0.048
 147          0.032
 148          0.027
 149          0.033
 150          0.086
 151          0.203
 152          0.217
 153          0.212
 154          0.131
 155          0.068
 156          0.067
 157          0.075
 158          0.031
 159          0.061
 160          0.047
 161          0.028
 162          0.029
 163          0.034
 164          0.053
 165          0.054
 166          0.044
 167          0.044
 168          0.047
 169          0.053
 170          0.029
 171          0.026
 172          0.051
 173          0.080
 174          0.072
 175          0.037
 176          0.044
 177          0.084
 178          0.186
 179          0.083
 180          0.092
 181          0.116
 182          0.058
 183          0.016
 184          0.045
 185          0.057
 186          0.051
 187          0.055
 188          0.043
 189          0.030
 190          0.081
 191          0.081
 192          0.094
 193          0.077
 194          0.071
 195          0.065
 196          0.047
 197          0.076
 198          0.064
 199          0.078
 200          0.082
 201          0.085
 202          0.092
 203          0.121
 204          0.109
 205          0.107
 206          0.092
 207          0.109
 208          0.119
 209          0.170
 210          0.165
 211          0.141
 212          0.138
 213          0.207
 214          0.112
 215          0.117
 216          0.115
 217          0.113
 218          0.095
 219          0.100
 220          0.185
 221          0.261
 222          0.237
 223          0.111
 224          0.085
 225          0.056
 226          0.066
 227          0.088
 228          0.172
 229          0.279
 230          0.233
 231          0.056
 232          0.052
 233          0.069
 234          0.030
 235          0.068
 236          0.077
 237          0.112
 238          0.202
 239          0.062
 240          0.158
 241          0.271
 242          0.159
 243          0.155
 244          0.161
 245          0.088
 246          0.120
 247          0.118
 248          0.130
 249          0.088
 250          0.128
 251          0.084
 252          0.072
 253          0.030
 254          0.054
 255          0.072
 256          0.088
 257          0.053
 258          0.048
 259          0.022
 260          0.032
 261          0.099
 262          0.090
 263          0.083
 264          0.072
 265          0.056
 266          0.061
 267          0.062
 268          0.038
 269          0.060
 270          0.008
 271          0.146
 272          0.143
 273          0.105
 274          0.099
 275          0.077
 276          0.069
 277          0.063
 278          0.179
 279          0.146
 280          0.169
 281          0.292
 282          0.081
 283          0.061
 284          0.059
 285          0.075
 286          0.097
 287          0.065
 288          0.071
 289          0.093
 290          0.074
 291          0.045
 292          0.017
 293          0.059
 294          0.124
 295          0.179
 296          0.136
 297          0.091
 298          0.061
 299          0.040
 300          0.031
 301          0.052
 302          0.080
 303          0.078
 304          0.142
 305          0.072
 306          0.063
 307          0.083
 308          0.064
 309          0.025
 310          0.024
 311          0.077
 312          0.112
 313          0.183
 314          0.212
 315          0.094
 316          0.126
 317          0.072
 318          0.065
 319          0.087
 320          0.098
 321          0.089
 322          0.036
 323          0.141
 324          0.134
 325          0.040
 326          0.038
 327          0.080
 328          0.067
 329          0.053
 330          0.078
 331          0.074
 332          0.057
 333          0.060
 334          0.075
 335          0.049
 336          0.066
 337          0.069
 338          0.022
 339          0.031
 340          0.057
 341          0.070
 342          0.073
 343          0.060
 344          0.055
 345          0.021
 346          0.034
 347          0.052
 348          0.094
 349          0.078
 350          0.097
 351          0.103
 352          0.151
 353          0.218
 354          0.213
 355          0.123
 356          0.104
 357          0.097
 358          0.073
 359          0.103
 360          0.025
 361          0.036
 362          0.060
 363          0.130
 364          0.107
 365          0.106
 366          0.174
 367          0.131
 368          0.118
 369          0.057
 370          0.051
 371          0.053
 372          0.058
 373          0.074
 374          0.055
 375          0.104
 376          0.087
 377          0.022
 378          0.048
 379          0.042
 380          0.082
 381          0.064
 382          0.029
 383          0.049
 384          0.037
 385          0.122
 386          0.166
 387          0.073
 388          0.064
 389          0.050
 390          0.058
 391          0.086
 392          0.163
 393          0.225
 394          0.261
 395          0.166
 396          0.173
 397          0.076
 398          0.059
 399          0.085
 400          0.098
 401          0.131
 402          0.067
 403          0.067
 404          0.061
 405          0.059
 406          0.051
 407          0.037
 408          0.089
 409          0.064
 410          0.037
 411          0.091
 412          0.055
 413          0.029
 414          0.055
 415          0.086
 416          0.052
 417          0.016
 418          0.018
 419          0.057
 420          0.112
 421          0.133
 422          0.243
 423          0.253
 424          0.134
 425          0.188
 426          0.124
 427          0.082
 428          0.084
 429          0.081
 430          0.117
 431          0.079
 432          0.086
 433          0.139
 434          0.086
 435          0.083
 436          0.115
 437          0.202
 438          0.278
 439          0.223
 440          0.213
 441          0.180
 442          0.173
 443          0.085
 444          0.049
 445          0.029
 446          0.037
 447          0.044
 448          0.031
 449          0.034
 450          0.057
 451          0.053
 452          0.044
 453          0.047
 454          0.059
 455          0.031
 456          0.039
 457          0.050
 458          0.088
 459          0.058
 460          0.061
 461          0.061
 462          0.066
 463          0.089
 464          0.079
 465          0.070
 466          0.067
 467          0.092
 468          0.174
 469          0.192
 470          0.132
 471          0.066
 472          0.068
 473          0.068
 474          0.092
 475          0.110
 476          0.107
 477          0.115
 478          0.118
 479          0.056
 480          0.049
 481          0.048
 482          0.029
 483          0.041
 484          0.019
 485          0.020
 486          0.041
 487          0.048

# Average distance: 0.105 nm
