# Atom index    Distance (nm)
   1          0.026
   2          0.026
   3          0.026
   4          0.049
   5          0.061
   6          0.037
   7          0.050
   8          0.071
   9          0.084
  10          0.049
  11          0.070
  12          0.072
  13          0.065
  14          0.074
  15          0.064
  16          0.069
  17          0.088
  18          0.064
  19          0.103
  20          0.110
  21          0.101
  22          0.116
  23          0.261
  24          0.148
  25          0.100
  26          0.112
  27          0.090
  28          0.080
  29          0.084
  30          0.148
  31          0.115
  32          0.114
  33          0.059
  34          0.020
  35          0.036
  36          0.063
  37          0.057
  38          0.055
  39          0.030
  40          0.070
  41          0.057
  42          0.051
  43          0.070
  44          0.072
  45          0.067
  46          0.072
  47          0.166
  48          0.209
  49          0.213
  50          0.079
  51          0.109
  52          0.084
  53          0.070
  54          0.064
  55          0.065
  56          0.059
  57          0.048
  58          0.044
  59          0.045
  60          0.086
  61          0.074
  62          0.088
  63          0.081
  64          0.084
  65          0.096
  66          0.121
  67          0.324
  68          0.390
  69          0.415
  70          0.251
  71          0.193
  72          0.127
  73          0.133
  74          0.089
  75          0.113
  76          0.097
  77          0.080
  78          0.132
  79          0.112
  80          0.151
  81          0.187
  82          0.187
  83          0.116
  84          0.088
  85          0.060
  86          0.079
  87          0.066
  88          0.029
  89          0.110
  90          0.079
  91          0.044
  92          0.025
  93          0.029
  94          0.045
  95          0.032
  96          0.056
  97          0.048
  98          0.062
  99          0.109
 100          0.177
 101          0.263
 102          0.210
 103          0.145
 104          0.093
 105          0.076
 106          0.074
 107          0.058
 108          0.143
 109          0.100
 110          0.061
 111          0.084
 112          0.094
 113          0.108
 114          0.076
 115          0.080
 116          0.084
 117          0.074
 118          0.074
 119          0.075
 120          0.055
 121          0.058
 122          0.046
 123          0.054
 124          0.056
 125          0.066
 126          0.071
 127          0.073
 128          0.072
 129          0.075
 130          0.096
 131          0.090
 132          0.092
 133          0.073
 134          0.052
 135          0.033
 136          0.030
 137          0.073
 138          0.074
 139          0.067
 140          0.069
 141          0.034
 142          0.123
 143          0.151
 144          0.089
 145          0.076
 146          0.053
 147          0.063
 148          0.031
 149          0.035
 150          0.128
 151          0.130
 152          0.197
 153          0.184
 154          0.224
 155          0.176
 156          0.174
 157          0.102
 158          0.110
 159          0.075
 160          0.087
 161          0.099
 162          0.121
 163          0.104
 164          0.052
 165          0.071
 166          0.064
 167          0.030
 168          0.018
 169          0.015
 170          0.034
 171          0.034
 172          0.028
 173          0.028
 174          0.054
 175          0.076
 176          0.131
 177          0.107
 178          0.093
 179          0.066
 180          0.090
 181          0.055
 182          0.044
 183          0.053
 184          0.069
 185          0.065
 186          0.041
 187          0.047
 188          0.031
 189          0.074
 190          0.097
 191          0.107
 192          0.195
 193          0.199
 194          0.181
 195          0.157
 196          0.138
 197          0.137
 198          0.091
 199          0.104
 200          0.109
 201          0.071
 202          0.160
 203          0.156
 204          0.104
 205          0.112
 206          0.138
 207          0.142
 208          0.119
 209          0.086
 210          0.033
 211          0.079
 212          0.036
 213          0.057
 214          0.047
 215          0.070
 216          0.104
 217          0.095
 218          0.197
 219          0.302
 220          0.302
 221          0.219
 222          0.167
 223          0.158
 224          0.115
 225          0.081
 226          0.092
 227          0.076
 228          0.190
 229          0.266
 230          0.250
 231          0.144
 232          0.140
 233          0.163
 234          0.154
 235          0.184
 236          0.124
 237          0.133
 238          0.206
 239          0.291
 240          0.340
 241          0.257
 242          0.154
 243          0.178
 244          0.166
 245          0.148
 246          0.136
 247          0.156
 248          0.100
 249          0.034
 250          0.015
 251          0.104
 252          0.074
 253          0.063
 254          0.026
 255          0.041
 256          0.030
 257          0.048
 258          0.057
 259          0.059
 260          0.015
 261          0.041
 262          0.066
 263          0.092
 264          0.156
 265          0.121
 266          0.086
 267          0.086
 268          0.121
 269          0.135
 270          0.174
 271          0.159
 272          0.174
 273          0.163
 274          0.150
 275          0.134
 276          0.143
 277          0.117
 278          0.103
 279          0.180
 280          0.149
 281          0.120
 282          0.060
 283          0.121
 284          0.133
 285          0.135
 286          0.093
 287          0.060
 288          0.012
 289          0.043
 290          0.050
 291          0.057
 292          0.113
 293          0.121
 294          0.011
 295          0.151
 296          0.204
 297          0.137
 298          0.150
 299          0.123
 300          0.054
 301          0.033
 302          0.042
 303          0.116
 304          0.107
 305          0.048
 306          0.050
 307          0.091
 308          0.080
 309          0.126
 310          0.147
 311          0.110
 312          0.126
 313          0.171
 314          0.281
 315          0.151
 316          0.132
 317          0.111
 318          0.144
 319          0.121
 320          0.154
 321          0.136
 322          0.180
 323          0.182
 324          0.150
 325          0.190
 326          0.208
 327          0.166
 328          0.109
 329          0.107
 330          0.109
 331          0.115
 332          0.065
 333          0.061
 334          0.104
 335          0.088
 336          0.091
 337          0.100
 338          0.107
 339          0.075
 340          0.075
 341          0.075
 342          0.127
 343          0.166
 344          0.179
 345          0.156
 346          0.165
 347          0.149
 348          0.073
 349          0.082
 350          0.054
 351          0.100
 352          0.072
 353          0.102
 354          0.129
 355          0.117
 356          0.123
 357          0.119
 358          0.131
 359          0.128
 360          0.108
 361          0.101
 362          0.134
 363          0.123
 364          0.074
 365          0.055
 366          0.094
 367          0.072
 368          0.029
 369          0.064
 370          0.047
 371          0.026
 372          0.016
 373          0.014
 374          0.018
 375          0.027
 376          0.032
 377          0.067
 378          0.074
 379          0.056
 380          0.057
 381          0.037
 382          0.051
 383          0.051
 384          0.040
 385          0.074
 386          0.058
 387          0.055
 388          0.068
 389          0.069
 390          0.092
 391          0.089
 392          0.047
 393          0.093
 394          0.051
 395          0.065
 396          0.073
 397          0.112
 398          0.065
 399          0.036
 400          0.041
 401          0.022
 402          0.018
 403          0.090
 404          0.105
 405          0.073
 406          0.019
 407          0.038
 408          0.060
 409          0.031
 410          0.072
 411          0.075
 412          0.109
 413          0.054
 414          0.132
 415          0.120
 416          0.082
 417          0.079
 418          0.079
 419          0.079
 420          0.038
 421          0.033
 422          0.075
 423          0.128
 424          0.056
 425          0.055
 426          0.115
 427          0.087
 428          0.133
 429          0.156
 430          0.117
 431          0.115
 432          0.105
 433          0.169
 434          0.122
 435          0.102
 436          0.139
 437          0.143
 438          0.154
 439          0.109
 440          0.145
 441          0.126
 442          0.104
 443          0.084
 444          0.095
 445          0.079
 446          0.042
 447          0.059
 448          0.054
 449          0.072
 450          0.150
 451          0.097
 452          0.115
 453          0.058
 454          0.082
 455          0.075
 456          0.073
 457          0.059
 458          0.088
 459          0.113
 460          0.126
 461          0.143
 462          0.106
 463          0.093
 464          0.101
 465          0.114
 466          0.112
 467          0.106
 468          0.120
 469          0.132
 470          0.052
 471          0.053
 472          0.049
 473          0.172
 474          0.152
 475          0.196
 476          0.104
 477          0.090
 478          0.045
 479          0.055
 480          0.083
 481          0.110
 482          0.168
 483          0.142
 484          0.080
 485          0.097
 486          0.070
 487          0.063

# Average distance: 0.100 nm
