# Atom index    Distance (nm)
   1          0.185
   2          0.171
   3          0.141
   4          0.066
   5          0.074
   6          0.079
   7          0.067
   8          0.063
   9          0.069
  10          0.062
  11          0.056
  12          0.044
  13          0.035
  14          0.048
  15          0.064
  16          0.051
  17          0.058
  18          0.079
  19          0.098
  20          0.098
  21          0.111
  22          0.087
  23          0.139
  24          0.066
  25          0.063
  26          0.146
  27          0.083
  28          0.067
  29          0.085
  30          0.137
  31          0.080
  32          0.092
  33          0.103
  34          0.064
  35          0.094
  36          0.080
  37          0.125
  38          0.078
  39          0.064
  40          0.041
  41          0.077
  42          0.079
  43          0.086
  44          0.085
  45          0.131
  46          0.186
  47          0.235
  48          0.315
  49          0.264
  50          0.246
  51          0.180
  52          0.177
  53          0.132
  54          0.116
  55          0.115
  56          0.115
  57          0.097
  58          0.095
  59          0.103
  60          0.130
  61          0.157
  62          0.096
  63          0.095
  64          0.068
  65          0.092
  66          0.078
  67          0.060
  68          0.060
  69          0.044
  70          0.097
  71          0.100
  72          0.081
  73          0.118
  74          0.123
  75          0.051
  76          0.093
  77          0.107
  78          0.087
  79          0.068
  80          0.067
  81          0.068
  82          0.115
  83          0.108
  84          0.124
  85          0.085
  86          0.027
  87          0.117
  88          0.027
  89          0.100
  90          0.039
  91          0.055
  92          0.065
  93          0.106
  94          0.046
  95          0.017
  96          0.017
  97          0.028
  98          0.052
  99          0.085
 100          0.123
 101          0.108
 102          0.102
 103          0.081
 104          0.125
 105          0.066
 106          0.060
 107          0.093
 108          0.037
 109          0.056
 110          0.100
 111          0.121
 112          0.057
 113          0.059
 114          0.089
 115          0.078
 116          0.090
 117          0.069
 118          0.125
 119          0.119
 120          0.092
 121          0.087
 122          0.072
 123          0.055
 124          0.033
 125          0.022
 126          0.012
 127          0.044
 128          0.069
 129          0.024
 130          0.018
 131          0.065
 132          0.046
 133          0.018
 134          0.047
 135          0.032
 136          0.073
 137          0.069
 138          0.084
 139          0.127
 140          0.117
 141          0.085
 142          0.049
 143          0.090
 144          0.080
 145          0.061
 146          0.060
 147          0.050
 148          0.057
 149          0.062
 150          0.182
 151          0.254
 152          0.436
 153          0.341
 154          0.163
 155          0.095
 156          0.110
 157          0.103
 158          0.068
 159          0.068
 160          0.055
 161          0.060
 162          0.071
 163          0.067
 164          0.042
 165          0.047
 166          0.047
 167          0.040
 168          0.027
 169          0.036
 170          0.054
 171          0.064
 172          0.094
 173          0.084
 174          0.066
 175          0.041
 176          0.095
 177          0.222
 178          0.161
 179          0.076
 180          0.030
 181          0.022
 182          0.027
 183          0.025
 184          0.037
 185          0.077
 186          0.048
 187          0.021
 188          0.035
 189          0.027
 190          0.028
 191          0.033
 192          0.044
 193          0.091
 194          0.156
 195          0.076
 196          0.053
 197          0.043
 198          0.096
 199          0.072
 200          0.061
 201          0.149
 202          0.092
 203          0.026
 204          0.022
 205          0.051
 206          0.046
 207          0.052
 208          0.054
 209          0.064
 210          0.043
 211          0.047
 212          0.076
 213          0.071
 214          0.072
 215          0.051
 216          0.036
 217          0.037
 218          0.039
 219          0.051
 220          0.078
 221          0.070
 222          0.035
 223          0.050
 224          0.056
 225          0.084
 226          0.084
 227          0.075
 228          0.085
 229          0.151
 230          0.165
 231          0.123
 232          0.117
 233          0.127
 234          0.071
 235          0.080
 236          0.044
 237          0.182
 238          0.230
 239          0.052
 240          0.067
 241          0.112
 242          0.040
 243          0.062
 244          0.058
 245          0.113
 246          0.060
 247          0.051
 248          0.063
 249          0.062
 250          0.102
 251          0.091
 252          0.037
 253          0.029
 254          0.048
 255          0.077
 256          0.046
 257          0.049
 258          0.052
 259          0.059
 260          0.025
 261          0.038
 262          0.107
 263          0.083
 264          0.080
 265          0.035
 266          0.046
 267          0.057
 268          0.084
 269          0.066
 270          0.127
 271          0.143
 272          0.159
 273          0.169
 274          0.136
 275          0.075
 276          0.057
 277          0.081
 278          0.069
 279          0.056
 280          0.055
 281          0.081
 282          0.072
 283          0.095
 284          0.032
 285          0.027
 286          0.039
 287          0.048
 288          0.056
 289          0.050
 290          0.051
 291          0.170
 292          0.185
 293          0.441
 294          0.561
 295          0.815
 296          0.730
 297          0.479
 298          0.414
 299          0.155
 300          0.018
 301          0.034
 302          0.064
 303          0.071
 304          0.072
 305          0.060
 306          0.048
 307          0.060
 308          0.067
 309          0.057
 310          0.070
 311          0.093
 312          0.082
 313          0.035
 314          0.045
 315          0.066
 316          0.072
 317          0.062
 318          0.070
 319          0.089
 320          0.073
 321          0.067
 322          0.159
 323          0.246
 324          0.228
 325          0.197
 326          0.189
 327          0.110
 328          0.085
 329          0.113
 330          0.109
 331          0.096
 332          0.207
 333          0.189
 334          0.063
 335          0.101
 336          0.138
 337          0.120
 338          0.141
 339          0.122
 340          0.103
 341          0.099
 342          0.060
 343          0.059
 344          0.058
 345          0.067
 346          0.115
 347          0.089
 348          0.116
 349          0.117
 350          0.117
 351          0.100
 352          0.118
 353          0.203
 354          0.188
 355          0.160
 356          0.069
 357          0.021
 358          0.075
 359          0.058
 360          0.119
 361          0.128
 362          0.134
 363          0.156
 364          0.226
 365          0.249
 366          0.310
 367          0.251
 368          0.126
 369          0.085
 370          0.047
 371          0.087
 372          0.075
 373          0.023
 374          0.063
 375          0.061
 376          0.014
 377          0.015
 378          0.028
 379          0.074
 380          0.052
 381          0.049
 382          0.038
 383          0.033
 384          0.046
 385          0.119
 386          0.176
 387          0.055
 388          0.042
 389          0.058
 390          0.057
 391          0.047
 392          0.068
 393          0.114
 394          0.114
 395          0.091
 396          0.053
 397          0.037
 398          0.043
 399          0.035
 400          0.090
 401          0.092
 402          0.072
 403          0.074
 404          0.071
 405          0.073
 406          0.062
 407          0.075
 408          0.073
 409          0.091
 410          0.068
 411          0.072
 412          0.057
 413          0.074
 414          0.071
 415          0.071
 416          0.057
 417          0.063
 418          0.064
 419          0.069
 420          0.067
 421          0.100
 422          0.142
 423          0.123
 424          0.085
 425          0.086
 426          0.063
 427          0.057
 428          0.048
 429          0.041
 430          0.052
 431          0.124
 432          0.078
 433          0.054
 434          0.063
 435          0.037
 436          0.043
 437          0.067
 438          0.091
 439          0.091
 440          0.133
 441          0.086
 442          0.097
 443          0.080
 444          0.067
 445          0.068
 446          0.068
 447          0.076
 448          0.124
 449          0.026
 450          0.069
 451          0.041
 452          0.078
 453          0.030
 454          0.041
 455          0.078
 456          0.077
 457          0.061
 458          0.051
 459          0.113
 460          0.111
 461          0.062
 462          0.066
 463          0.097
 464          0.110
 465          0.076
 466          0.080
 467          0.122
 468          0.114
 469          0.138
 470          0.111
 471          0.059
 472          0.068
 473          0.107
 474          0.094
 475          0.142
 476          0.095
 477          0.113
 478          0.100
 479          0.077
 480          0.174
 481          0.216
 482          0.213
 483          0.127
 484          0.099
 485          0.031
 486          0.030
 487          0.025

# Average distance: 0.092 nm
