# Atom index    Distance (nm)
   1          0.115
   2          0.098
   3          0.079
   4          0.082
   5          0.163
   6          0.038
   7          0.019
   8          0.031
   9          0.041
  10          0.032
  11          0.136
  12          0.239
  13          0.372
  14          0.404
  15          0.272
  16          0.143
  17          0.059
  18          0.073
  19          0.102
  20          0.077
  21          0.087
  22          0.085
  23          0.104
  24          0.108
  25          0.106
  26          0.102
  27          0.080
  28          0.092
  29          0.088
  30          0.057
  31          0.093
  32          0.115
  33          0.067
  34          0.077
  35          0.085
  36          0.070
  37          0.061
  38          0.045
  39          0.064
  40          0.089
  41          0.086
  42          0.091
  43          0.110
  44          0.149
  45          0.114
  46          0.076
  47          0.096
  48          0.126
  49          0.113
  50          0.108
  51          0.141
  52          0.156
  53          0.121
  54          0.089
  55          0.115
  56          0.121
  57          0.086
  58          0.074
  59          0.082
  60          0.083
  61          0.093
  62          0.120
  63          0.105
  64          0.088
  65          0.096
  66          0.098
  67          0.041
  68          0.163
  69          0.091
  70          0.071
  71          0.040
  72          0.042
  73          0.100
  74          0.105
  75          0.112
  76          0.103
  77          0.104
  78          0.086
  79          0.145
  80          0.161
  81          0.147
  82          0.108
  83          0.103
  84          0.131
  85          0.122
  86          0.051
  87          0.056
  88          0.031
  89          0.094
  90          0.134
  91          0.130
  92          0.168
  93          0.076
  94          0.087
  95          0.087
  96          0.063
  97          0.062
  98          0.065
  99          0.070
 100          0.120
 101          0.123
 102          0.083
 103          0.113
 104          0.108
 105          0.094
 106          0.094
 107          0.073
 108          0.108
 109          0.073
 110          0.067
 111          0.086
 112          0.123
 113          0.121
 114          0.155
 115          0.094
 116          0.195
 117          0.156
 118          0.185
 119          0.120
 120          0.074
 121          0.063
 122          0.051
 123          0.020
 124          0.037
 125          0.064
 126          0.093
 127          0.007
 128          0.039
 129          0.006
 130          0.026
 131          0.028
 132          0.065
 133          0.057
 134          0.037
 135          0.057
 136          0.038
 137          0.065
 138          0.111
 139          0.111
 140          0.128
 141          0.264
 142          0.191
 143          0.142
 144          0.171
 145          0.102
 146          0.087
 147          0.114
 148          0.084
 149          0.067
 150          0.097
 151          0.124
 152          0.096
 153          0.124
 154          0.145
 155          0.122
 156          0.139
 157          0.111
 158          0.106
 159          0.121
 160          0.156
 161          0.102
 162          0.062
 163          0.076
 164          0.089
 165          0.093
 166          0.106
 167          0.098
 168          0.111
 169          0.107
 170          0.057
 171          0.042
 172          0.080
 173          0.079
 174          0.093
 175          0.102
 176          0.126
 177          0.235
 178          0.209
 179          0.095
 180          0.079
 181          0.099
 182          0.087
 183          0.070
 184          0.024
 185          0.045
 186          0.096
 187          0.110
 188          0.068
 189          0.072
 190          0.081
 191          0.096
 192          0.139
 193          0.110
 194          0.086
 195          0.050
 196          0.051
 197          0.056
 198          0.064
 199          0.109
 200          0.153
 201          0.160
 202          0.171
 203          0.164
 204          0.145
 205          0.149
 206          0.091
 207          0.120
 208          0.107
 209          0.105
 210          0.115
 211          0.114
 212          0.042
 213          0.092
 214          0.118
 215          0.071
 216          0.087
 217          0.092
 218          0.094
 219          0.106
 220          0.114
 221          0.071
 222          0.062
 223          0.080
 224          0.103
 225          0.089
 226          0.080
 227          0.083
 228          0.037
 229          0.211
 230          0.308
 231          0.184
 232          0.107
 233          0.070
 234          0.050
 235          0.084
 236          0.122
 237          0.188
 238          0.226
 239          0.277
 240          0.335
 241          0.383
 242          0.257
 243          0.390
 244          0.389
 245          0.185
 246          0.062
 247          0.087
 248          0.081
 249          0.084
 250          0.086
 251          0.071
 252          0.028
 253          0.026
 254          0.025
 255          0.056
 256          0.078
 257          0.071
 258          0.044
 259          0.042
 260          0.059
 261          0.080
 262          0.105
 263          0.100
 264          0.110
 265          0.065
 266          0.048
 267          0.054
 268          0.075
 269          0.075
 270          0.078
 271          0.054
 272          0.059
 273          0.055
 274          0.034
 275          0.044
 276          0.093
 277          0.035
 278          0.087
 279          0.083
 280          0.107
 281          0.133
 282          0.109
 283          0.100
 284          0.076
 285          0.062
 286          0.060
 287          0.081
 288          0.077
 289          0.092
 290          0.113
 291          0.146
 292          0.111
 293          0.335
 294          0.307
 295          0.610
 296          0.500
 297          0.324
 298          0.238
 299          0.107
 300          0.067
 301          0.050
 302          0.049
 303          0.108
 304          0.114
 305          0.102
 306          0.091
 307          0.093
 308          0.049
 309          0.048
 310          0.048
 311          0.054
 312          0.129
 313          0.220
 314          0.182
 315          0.126
 316          0.046
 317          0.039
 318          0.051
 319          0.050
 320          0.059
 321          0.081
 322          0.093
 323          0.166
 324          0.195
 325          0.209
 326          0.226
 327          0.139
 328          0.097
 329          0.103
 330          0.037
 331          0.121
 332          0.145
 333          0.098
 334          0.194
 335          0.195
 336          0.205
 337          0.194
 338          0.144
 339          0.126
 340          0.097
 341          0.108
 342          0.073
 343          0.072
 344          0.114
 345          0.099
 346          0.107
 347          0.108
 348          0.093
 349          0.059
 350          0.067
 351          0.131
 352          0.118
 353          0.056
 354          0.020
 355          0.031
 356          0.066
 357          0.070
 358          0.071
 359          0.064
 360          0.056
 361          0.082
 362          0.083
 363          0.057
 364          0.094
 365          0.174
 366          0.218
 367          0.127
 368          0.063
 369          0.096
 370          0.102
 371          0.055
 372          0.045
 373          0.052
 374          0.047
 375          0.026
 376          0.033
 377          0.029
 378          0.030
 379          0.034
 380          0.041
 381          0.033
 382          0.043
 383          0.072
 384          0.056
 385          0.072
 386          0.077
 387          0.081
 388          0.055
 389          0.063
 390          0.084
 391          0.068
 392          0.058
 393          0.018
 394          0.080
 395          0.052
 396          0.035
 397          0.051
 398          0.077
 399          0.123
 400          0.069
 401          0.096
 402          0.113
 403          0.122
 404          0.170
 405          0.102
 406          0.070
 407          0.036
 408          0.063
 409          0.052
 410          0.049
 411          0.080
 412          0.048
 413          0.070
 414          0.065
 415          0.068
 416          0.080
 417          0.084
 418          0.073
 419          0.067
 420          0.062
 421          0.060
 422          0.096
 423          0.111
 424          0.085
 425          0.049
 426          0.053
 427          0.079
 428          0.050
 429          0.085
 430          0.104
 431          0.196
 432          0.163
 433          0.148
 434          0.149
 435          0.084
 436          0.067
 437          0.029
 438          0.041
 439          0.104
 440          0.105
 441          0.078
 442          0.074
 443          0.093
 444          0.071
 445          0.081
 446          0.069
 447          0.048
 448          0.053
 449          0.069
 450          0.069
 451          0.094
 452          0.035
 453          0.029
 454          0.072
 455          0.063
 456          0.060
 457          0.098
 458          0.088
 459          0.080
 460          0.185
 461          0.218
 462          0.085
 463          0.097
 464          0.080
 465          0.060
 466          0.096
 467          0.103
 468          0.148
 469          0.109
 470          0.171
 471          0.190
 472          0.074
 473          0.105
 474          0.099
 475          0.103
 476          0.090
 477          0.105
 478          0.125
 479          0.125
 480          0.092
 481          0.064
 482          0.097
 483          0.080
 484          0.072
 485          0.080
 486          0.058
 487          0.084

# Average distance: 0.101 nm
