# Atom index    Distance (nm)
   1          0.117
   2          0.062
   3          0.110
   4          0.053
   5          0.123
   6          0.134
   7          0.026
   8          0.013
   9          0.038
  10          0.061
  11          0.128
  12          0.075
  13          0.128
  14          0.143
  15          0.172
  16          0.148
  17          0.091
  18          0.089
  19          0.085
  20          0.096
  21          0.121
  22          0.072
  23          0.243
  24          0.151
  25          0.102
  26          0.124
  27          0.064
  28          0.083
  29          0.114
  30          0.132
  31          0.136
  32          0.203
  33          0.161
  34          0.112
  35          0.192
  36          0.219
  37          0.144
  38          0.046
  39          0.026
  40          0.029
  41          0.034
  42          0.054
  43          0.053
  44          0.116
  45          0.184
  46          0.177
  47          0.258
  48          0.455
  49          0.405
  50          0.607
  51          0.655
  52          0.429
  53          0.207
  54          0.080
  55          0.085
  56          0.061
  57          0.033
  58          0.038
  59          0.043
  60          0.095
  61          0.100
  62          0.079
  63          0.066
  64          0.058
  65          0.070
  66          0.090
  67          0.075
  68          0.090
  69          0.081
  70          0.054
  71          0.118
  72          0.117
  73          0.098
  74          0.089
  75          0.119
  76          0.077
  77          0.082
  78          0.118
  79          0.067
  80          0.067
  81          0.149
  82          0.129
  83          0.068
  84          0.086
  85          0.108
  86          0.139
  87          0.131
  88          0.119
  89          0.134
  90          0.128
  91          0.190
  92          0.223
  93          0.203
  94          0.088
  95          0.087
  96          0.117
  97          0.110
  98          0.092
  99          0.080
 100          0.144
 101          0.143
 102          0.109
 103          0.122
 104          0.083
 105          0.091
 106          0.069
 107          0.093
 108          0.164
 109          0.156
 110          0.189
 111          0.120
 112          0.102
 113          0.075
 114          0.063
 115          0.059
 116          0.105
 117          0.103
 118          0.172
 119          0.131
 120          0.103
 121          0.098
 122          0.111
 123          0.105
 124          0.086
 125          0.088
 126          0.084
 127          0.060
 128          0.027
 129          0.055
 130          0.027
 131          0.040
 132          0.041
 133          0.053
 134          0.060
 135          0.047
 136          0.036
 137          0.048
 138          0.047
 139          0.043
 140          0.095
 141          0.097
 142          0.050
 143          0.061
 144          0.045
 145          0.035
 146          0.036
 147          0.027
 148          0.036
 149          0.043
 150          0.115
 151          0.121
 152          0.131
 153          0.055
 154          0.161
 155          0.074
 156          0.124
 157          0.105
 158          0.041
 159          0.038
 160          0.041
 161          0.052
 162          0.073
 163          0.071
 164          0.037
 165          0.054
 166          0.050
 167          0.038
 168          0.048
 169          0.037
 170          0.050
 171          0.019
 172          0.051
 173          0.037
 174          0.033
 175          0.097
 176          0.097
 177          0.070
 178          0.093
 179          0.084
 180          0.032
 181          0.012
 182          0.020
 183          0.034
 184          0.031
 185          0.062
 186          0.065
 187          0.046
 188          0.052
 189          0.069
 190          0.022
 191          0.068
 192          0.092
 193          0.082
 194          0.065
 195          0.049
 196          0.051
 197          0.070
 198          0.117
 199          0.051
 200          0.079
 201          0.074
 202          0.080
 203          0.096
 204          0.044
 205          0.073
 206          0.017
 207          0.030
 208          0.034
 209          0.060
 210          0.027
 211          0.035
 212          0.022
 213          0.065
 214          0.077
 215          0.059
 216          0.045
 217          0.048
 218          0.060
 219          0.054
 220          0.083
 221          0.155
 222          0.110
 223          0.080
 224          0.052
 225          0.086
 226          0.083
 227          0.099
 228          0.100
 229          0.136
 230          0.163
 231          0.137
 232          0.126
 233          0.059
 234          0.059
 235          0.055
 236          0.070
 237          0.114
 238          0.314
 239          0.306
 240          0.312
 241          0.214
 242          0.161
 243          0.023
 244          0.072
 245          0.066
 246          0.073
 247          0.066
 248          0.024
 249          0.032
 250          0.041
 251          0.040
 252          0.042
 253          0.065
 254          0.090
 255          0.107
 256          0.086
 257          0.085
 258          0.083
 259          0.066
 260          0.039
 261          0.046
 262          0.083
 263          0.120
 264          0.131
 265          0.064
 266          0.072
 267          0.072
 268          0.052
 269          0.036
 270          0.036
 271          0.104
 272          0.096
 273          0.079
 274          0.054
 275          0.033
 276          0.058
 277          0.169
 278          0.201
 279          0.106
 280          0.061
 281          0.041
 282          0.114
 283          0.130
 284          0.125
 285          0.104
 286          0.072
 287          0.047
 288          0.048
 289          0.066
 290          0.039
 291          0.052
 292          0.092
 293          0.126
 294          0.106
 295          0.218
 296          0.192
 297          0.084
 298          0.076
 299          0.040
 300          0.069
 301          0.041
 302          0.064
 303          0.079
 304          0.106
 305          0.121
 306          0.119
 307          0.096
 308          0.069
 309          0.055
 310          0.048
 311          0.065
 312          0.050
 313          0.100
 314          0.146
 315          0.076
 316          0.050
 317          0.060
 318          0.055
 319          0.068
 320          0.078
 321          0.079
 322          0.152
 323          0.150
 324          0.168
 325          0.255
 326          0.255
 327          0.169
 328          0.108
 329          0.108
 330          0.066
 331          0.067
 332          0.094
 333          0.072
 334          0.141
 335          0.101
 336          0.117
 337          0.028
 338          0.086
 339          0.073
 340          0.062
 341          0.115
 342          0.077
 343          0.066
 344          0.074
 345          0.114
 346          0.092
 347          0.096
 348          0.123
 349          0.096
 350          0.069
 351          0.109
 352          0.147
 353          0.173
 354          0.160
 355          0.069
 356          0.080
 357          0.070
 358          0.051
 359          0.101
 360          0.096
 361          0.099
 362          0.030
 363          0.139
 364          0.174
 365          0.228
 366          0.186
 367          0.091
 368          0.096
 369          0.054
 370          0.060
 371          0.058
 372          0.034
 373          0.042
 374          0.046
 375          0.082
 376          0.112
 377          0.076
 378          0.092
 379          0.069
 380          0.064
 381          0.071
 382          0.050
 383          0.072
 384          0.100
 385          0.034
 386          0.040
 387          0.088
 388          0.076
 389          0.046
 390          0.036
 391          0.083
 392          0.078
 393          0.071
 394          0.123
 395          0.149
 396          0.109
 397          0.089
 398          0.070
 399          0.064
 400          0.104
 401          0.163
 402          0.128
 403          0.163
 404          0.101
 405          0.088
 406          0.078
 407          0.076
 408          0.063
 409          0.067
 410          0.068
 411          0.095
 412          0.153
 413          0.151
 414          0.106
 415          0.084
 416          0.086
 417          0.082
 418          0.115
 419          0.090
 420          0.167
 421          0.195
 422          0.234
 423          0.272
 424          0.270
 425          0.200
 426          0.148
 427          0.135
 428          0.145
 429          0.183
 430          0.425
 431          0.328
 432          0.148
 433          0.142
 434          0.114
 435          0.110
 436          0.133
 437          0.141
 438          0.145
 439          0.168
 440          0.166
 441          0.174
 442          0.172
 443          0.121
 444          0.117
 445          0.060
 446          0.062
 447          0.062
 448          0.041
 449          0.052
 450          0.079
 451          0.043
 452          0.049
 453          0.032
 454          0.038
 455          0.064
 456          0.040
 457          0.021
 458          0.045
 459          0.083
 460          0.123
 461          0.129
 462          0.079
 463          0.066
 464          0.040
 465          0.024
 466          0.080
 467          0.055
 468          0.070
 469          0.061
 470          0.095
 471          0.100
 472          0.056
 473          0.047
 474          0.058
 475          0.103
 476          0.069
 477          0.061
 478          0.079
 479          0.071
 480          0.094
 481          0.064
 482          0.050
 483          0.029
 484          0.052
 485          0.113
 486          0.048
 487          0.059

# Average distance: 0.097 nm
