# Atom index    Distance (nm)
   1          0.145
   2          0.120
   3          0.170
   4          0.143
   5          0.166
   6          0.114
   7          0.115
   8          0.086
   9          0.077
  10          0.084
  11          0.118
  12          0.095
  13          0.145
  14          0.188
  15          0.173
  16          0.077
  17          0.029
  18          0.024
  19          0.018
  20          0.099
  21          0.178
  22          0.259
  23          0.247
  24          0.133
  25          0.049
  26          0.102
  27          0.043
  28          0.035
  29          0.054
  30          0.101
  31          0.059
  32          0.071
  33          0.037
  34          0.029
  35          0.100
  36          0.074
  37          0.097
  38          0.104
  39          0.096
  40          0.084
  41          0.113
  42          0.111
  43          0.145
  44          0.123
  45          0.107
  46          0.102
  47          0.106
  48          0.109
  49          0.120
  50          0.155
  51          0.186
  52          0.361
  53          0.288
  54          0.222
  55          0.126
  56          0.101
  57          0.146
  58          0.108
  59          0.184
  60          0.166
  61          0.175
  62          0.152
  63          0.160
  64          0.140
  65          0.155
  66          0.157
  67          0.174
  68          0.226
  69          0.220
  70          0.304
  71          0.165
  72          0.158
  73          0.156
  74          0.141
  75          0.107
  76          0.148
  77          0.200
  78          0.229
  79          0.208
  80          0.200
  81          0.227
  82          0.184
  83          0.160
  84          0.159
  85          0.169
  86          0.191
  87          0.178
  88          0.256
  89          0.289
  90          0.257
  91          0.321
  92          0.295
  93          0.208
  94          0.144
  95          0.176
  96          0.104
  97          0.116
  98          0.134
  99          0.170
 100          0.161
 101          0.191
 102          0.197
 103          0.172
 104          0.127
 105          0.089
 106          0.078
 107          0.075
 108          0.087
 109          0.071
 110          0.062
 111          0.098
 112          0.091
 113          0.022
 114          0.058
 115          0.155
 116          0.180
 117          0.137
 118          0.148
 119          0.151
 120          0.061
 121          0.082
 122          0.090
 123          0.036
 124          0.072
 125          0.092
 126          0.105
 127          0.224
 128          0.168
 129          0.120
 130          0.092
 131          0.088
 132          0.072
 133          0.059
 134          0.063
 135          0.029
 136          0.066
 137          0.059
 138          0.058
 139          0.088
 140          0.093
 141          0.089
 142          0.061
 143          0.062
 144          0.046
 145          0.042
 146          0.065
 147          0.069
 148          0.089
 149          0.089
 150          0.054
 151          0.089
 152          0.156
 153          0.124
 154          0.121
 155          0.125
 156          0.116
 157          0.068
 158          0.086
 159          0.035
 160          0.062
 161          0.055
 162          0.041
 163          0.098
 164          0.108
 165          0.049
 166          0.108
 167          0.065
 168          0.068
 169          0.065
 170          0.036
 171          0.060
 172          0.041
 173          0.052
 174          0.022
 175          0.069
 176          0.072
 177          0.234
 178          0.234
 179          0.095
 180          0.060
 181          0.026
 182          0.043
 183          0.048
 184          0.066
 185          0.049
 186          0.047
 187          0.059
 188          0.054
 189          0.060
 190          0.050
 191          0.055
 192          0.066
 193          0.099
 194          0.080
 195          0.089
 196          0.078
 197          0.101
 198          0.135
 199          0.149
 200          0.129
 201          0.121
 202          0.060
 203          0.021
 204          0.044
 205          0.053
 206          0.098
 207          0.104
 208          0.121
 209          0.083
 210          0.043
 211          0.089
 212          0.067
 213          0.070
 214          0.091
 215          0.080
 216          0.063
 217          0.086
 218          0.100
 219          0.096
 220          0.149
 221          0.165
 222          0.176
 223          0.105
 224          0.082
 225          0.071
 226          0.094
 227          0.084
 228          0.082
 229          0.152
 230          0.169
 231          0.083
 232          0.091
 233          0.087
 234          0.069
 235          0.026
 236          0.061
 237          0.102
 238          0.228
 239          0.099
 240          0.132
 241          0.188
 242          0.265
 243          0.272
 244          0.208
 245          0.131
 246          0.073
 247          0.089
 248          0.105
 249          0.071
 250          0.068
 251          0.049
 252          0.048
 253          0.027
 254          0.049
 255          0.086
 256          0.073
 257          0.094
 258          0.074
 259          0.081
 260          0.068
 261          0.031
 262          0.020
 263          0.030
 264          0.019
 265          0.043
 266          0.056
 267          0.054
 268          0.056
 269          0.102
 270          0.195
 271          0.319
 272          0.187
 273          0.110
 274          0.130
 275          0.064
 276          0.048
 277          0.053
 278          0.043
 279          0.056
 280          0.116
 281          0.163
 282          0.151
 283          0.069
 284          0.057
 285          0.053
 286          0.102
 287          0.101
 288          0.113
 289          0.115
 290          0.120
 291          0.022
 292          0.038
 293          0.097
 294          0.111
 295          0.186
 296          0.177
 297          0.094
 298          0.082
 299          0.069
 300          0.073
 301          0.071
 302          0.090
 303          0.089
 304          0.124
 305          0.136
 306          0.113
 307          0.105
 308          0.073
 309          0.103
 310          0.072
 311          0.053
 312          0.084
 313          0.083
 314          0.159
 315          0.097
 316          0.088
 317          0.072
 318          0.111
 319          0.157
 320          0.094
 321          0.114
 322          0.135
 323          0.125
 324          0.115
 325          0.132
 326          0.113
 327          0.064
 328          0.082
 329          0.078
 330          0.076
 331          0.066
 332          0.083
 333          0.078
 334          0.069
 335          0.070
 336          0.073
 337          0.029
 338          0.006
 339          0.051
 340          0.052
 341          0.032
 342          0.040
 343          0.096
 344          0.059
 345          0.073
 346          0.084
 347          0.027
 348          0.041
 349          0.041
 350          0.026
 351          0.066
 352          0.094
 353          0.160
 354          0.105
 355          0.092
 356          0.025
 357          0.036
 358          0.038
 359          0.076
 360          0.100
 361          0.114
 362          0.098
 363          0.163
 364          0.152
 365          0.120
 366          0.064
 367          0.039
 368          0.014
 369          0.018
 370          0.043
 371          0.034
 372          0.038
 373          0.087
 374          0.086
 375          0.071
 376          0.049
 377          0.041
 378          0.038
 379          0.054
 380          0.055
 381          0.058
 382          0.041
 383          0.066
 384          0.051
 385          0.082
 386          0.081
 387          0.027
 388          0.028
 389          0.011
 390          0.031
 391          0.052
 392          0.134
 393          0.168
 394          0.231
 395          0.188
 396          0.108
 397          0.035
 398          0.027
 399          0.044
 400          0.039
 401          0.067
 402          0.068
 403          0.065
 404          0.104
 405          0.084
 406          0.081
 407          0.083
 408          0.067
 409          0.086
 410          0.073
 411          0.108
 412          0.104
 413          0.093
 414          0.256
 415          0.158
 416          0.070
 417          0.033
 418          0.084
 419          0.072
 420          0.066
 421          0.074
 422          0.113
 423          0.133
 424          0.090
 425          0.076
 426          0.116
 427          0.102
 428          0.080
 429          0.057
 430          0.191
 431          0.231
 432          0.081
 433          0.083
 434          0.028
 435          0.066
 436          0.056
 437          0.090
 438          0.100
 439          0.094
 440          0.111
 441          0.094
 442          0.099
 443          0.121
 444          0.071
 445          0.037
 446          0.022
 447          0.019
 448          0.019
 449          0.021
 450          0.070
 451          0.057
 452          0.148
 453          0.096
 454          0.045
 455          0.049
 456          0.033
 457          0.027
 458          0.026
 459          0.019
 460          0.080
 461          0.012
 462          0.016
 463          0.034
 464          0.029
 465          0.032
 466          0.065
 467          0.137
 468          0.207
 469          0.136
 470          0.041
 471          0.028
 472          0.041
 473          0.035
 474          0.043
 475          0.065
 476          0.044
 477          0.038
 478          0.034
 479          0.030
 480          0.045
 481          0.091
 482          0.082
 483          0.047
 484          0.047
 485          0.076
 486          0.072
 487          0.052

# Average distance: 0.097 nm
