# Atom index    Distance (nm)
   1          0.086
   2          0.055
   3          0.093
   4          0.052
   5          0.121
   6          0.119
   7          0.091
   8          0.044
   9          0.023
  10          0.022
  11          0.035
  12          0.010
  13          0.081
  14          0.148
  15          0.094
  16          0.035
  17          0.060
  18          0.032
  19          0.029
  20          0.030
  21          0.036
  22          0.047
  23          0.146
  24          0.124
  25          0.080
  26          0.125
  27          0.053
  28          0.038
  29          0.049
  30          0.095
  31          0.125
  32          0.142
  33          0.155
  34          0.131
  35          0.114
  36          0.099
  37          0.085
  38          0.082
  39          0.091
  40          0.036
  41          0.098
  42          0.091
  43          0.099
  44          0.116
  45          0.159
  46          0.093
  47          0.084
  48          0.191
  49          0.127
  50          0.149
  51          0.129
  52          0.483
  53          0.177
  54          0.124
  55          0.103
  56          0.103
  57          0.087
  58          0.055
  59          0.051
  60          0.073
  61          0.089
  62          0.092
  63          0.123
  64          0.115
  65          0.100
  66          0.143
  67          0.159
  68          0.132
  69          0.176
  70          0.132
  71          0.178
  72          0.176
  73          0.118
  74          0.112
  75          0.140
  76          0.149
  77          0.125
  78          0.159
  79          0.172
  80          0.154
  81          0.176
  82          0.103
  83          0.089
  84          0.099
  85          0.112
  86          0.067
  87          0.050
  88          0.060
  89          0.130
  90          0.102
  91          0.170
  92          0.093
  93          0.113
  94          0.078
  95          0.076
  96          0.076
  97          0.074
  98          0.059
  99          0.113
 100          0.071
 101          0.107
 102          0.132
 103          0.075
 104          0.077
 105          0.082
 106          0.091
 107          0.142
 108          0.143
 109          0.078
 110          0.057
 111          0.089
 112          0.117
 113          0.058
 114          0.070
 115          0.090
 116          0.065
 117          0.067
 118          0.068
 119          0.062
 120          0.083
 121          0.130
 122          0.119
 123          0.114
 124          0.089
 125          0.066
 126          0.075
 127          0.080
 128          0.046
 129          0.023
 130          0.055
 131          0.095
 132          0.133
 133          0.094
 134          0.023
 135          0.046
 136          0.044
 137          0.052
 138          0.056
 139          0.046
 140          0.074
 141          0.102
 142          0.077
 143          0.113
 144          0.123
 145          0.048
 146          0.060
 147          0.095
 148          0.086
 149          0.050
 150          0.066
 151          0.081
 152          0.083
 153          0.106
 154          0.091
 155          0.033
 156          0.086
 157          0.084
 158          0.098
 159          0.062
 160          0.058
 161          0.026
 162          0.034
 163          0.096
 164          0.062
 165          0.044
 166          0.080
 167          0.063
 168          0.114
 169          0.093
 170          0.060
 171          0.054
 172          0.057
 173          0.052
 174          0.049
 175          0.065
 176          0.065
 177          0.176
 178          0.113
 179          0.071
 180          0.048
 181          0.036
 182          0.020
 183          0.056
 184          0.054
 185          0.052
 186          0.054
 187          0.052
 188          0.075
 189          0.039
 190          0.043
 191          0.060
 192          0.088
 193          0.122
 194          0.135
 195          0.093
 196          0.104
 197          0.103
 198          0.075
 199          0.118
 200          0.141
 201          0.103
 202          0.039
 203          0.011
 204          0.038
 205          0.026
 206          0.030
 207          0.045
 208          0.043
 209          0.029
 210          0.068
 211          0.088
 212          0.079
 213          0.070
 214          0.096
 215          0.065
 216          0.042
 217          0.046
 218          0.058
 219          0.072
 220          0.081
 221          0.131
 222          0.113
 223          0.114
 224          0.079
 225          0.102
 226          0.114
 227          0.108
 228          0.081
 229          0.115
 230          0.114
 231          0.072
 232          0.056
 233          0.067
 234          0.036
 235          0.096
 236          0.076
 237          0.243
 238          0.506
 239          0.261
 240          0.139
 241          0.205
 242          0.058
 243          0.173
 244          0.173
 245          0.137
 246          0.088
 247          0.099
 248          0.066
 249          0.055
 250          0.078
 251          0.082
 252          0.063
 253          0.047
 254          0.041
 255          0.022
 256          0.041
 257          0.041
 258          0.054
 259          0.055
 260          0.061
 261          0.057
 262          0.062
 263          0.054
 264          0.040
 265          0.037
 266          0.063
 267          0.068
 268          0.068
 269          0.034
 270          0.067
 271          0.072
 272          0.112
 273          0.029
 274          0.023
 275          0.046
 276          0.057
 277          0.041
 278          0.038
 279          0.062
 280          0.086
 281          0.137
 282          0.102
 283          0.033
 284          0.043
 285          0.030
 286          0.018
 287          0.071
 288          0.014
 289          0.029
 290          0.023
 291          0.026
 292          0.025
 293          0.044
 294          0.029
 295          0.030
 296          0.116
 297          0.095
 298          0.026
 299          0.013
 300          0.071
 301          0.051
 302          0.021
 303          0.045
 304          0.072
 305          0.037
 306          0.086
 307          0.053
 308          0.055
 309          0.039
 310          0.049
 311          0.067
 312          0.090
 313          0.043
 314          0.077
 315          0.075
 316          0.059
 317          0.027
 318          0.048
 319          0.048
 320          0.045
 321          0.023
 322          0.063
 323          0.058
 324          0.089
 325          0.056
 326          0.083
 327          0.071
 328          0.033
 329          0.059
 330          0.046
 331          0.057
 332          0.088
 333          0.081
 334          0.076
 335          0.092
 336          0.047
 337          0.027
 338          0.025
 339          0.038
 340          0.085
 341          0.097
 342          0.070
 343          0.082
 344          0.101
 345          0.112
 346          0.108
 347          0.096
 348          0.071
 349          0.071
 350          0.073
 351          0.037
 352          0.092
 353          0.177
 354          0.119
 355          0.082
 356          0.054
 357          0.060
 358          0.072
 359          0.092
 360          0.098
 361          0.091
 362          0.150
 363          0.141
 364          0.126
 365          0.108
 366          0.112
 367          0.064
 368          0.057
 369          0.063
 370          0.046
 371          0.030
 372          0.048
 373          0.057
 374          0.032
 375          0.036
 376          0.028
 377          0.074
 378          0.068
 379          0.061
 380          0.080
 381          0.104
 382          0.039
 383          0.110
 384          0.097
 385          0.040
 386          0.052
 387          0.065
 388          0.025
 389          0.063
 390          0.059
 391          0.068
 392          0.084
 393          0.170
 394          0.034
 395          0.033
 396          0.102
 397          0.037
 398          0.047
 399          0.099
 400          0.092
 401          0.044
 402          0.054
 403          0.083
 404          0.029
 405          0.018
 406          0.039
 407          0.044
 408          0.023
 409          0.013
 410          0.076
 411          0.080
 412          0.067
 413          0.094
 414          0.058
 415          0.047
 416          0.076
 417          0.043
 418          0.030
 419          0.039
 420          0.056
 421          0.067
 422          0.189
 423          0.197
 424          0.153
 425          0.069
 426          0.033
 427          0.022
 428          0.046
 429          0.061
 430          0.262
 431          0.372
 432          0.170
 433          0.072
 434          0.043
 435          0.032
 436          0.055
 437          0.077
 438          0.111
 439          0.116
 440          0.134
 441          0.119
 442          0.061
 443          0.017
 444          0.028
 445          0.030
 446          0.032
 447          0.036
 448          0.043
 449          0.030
 450          0.026
 451          0.027
 452          0.088
 453          0.043
 454          0.045
 455          0.049
 456          0.041
 457          0.042
 458          0.053
 459          0.051
 460          0.268
 461          0.117
 462          0.080
 463          0.054
 464          0.040
 465          0.089
 466          0.198
 467          0.363
 468          0.452
 469          0.312
 470          0.187
 471          0.045
 472          0.041
 473          0.028
 474          0.046
 475          0.117
 476          0.078
 477          0.119
 478          0.081
 479          0.066
 480          0.070
 481          0.082
 482          0.140
 483          0.047
 484          0.045
 485          0.035
 486          0.034
 487          0.123

# Average distance: 0.082 nm
