# Atom index    Distance (nm)
   1          0.217
   2          0.194
   3          0.240
   4          0.220
   5          0.174
   6          0.137
   7          0.096
   8          0.059
   9          0.040
  10          0.044
  11          0.091
  12          0.115
  13          0.086
  14          0.092
  15          0.097
  16          0.066
  17          0.018
  18          0.031
  19          0.033
  20          0.055
  21          0.103
  22          0.137
  23          0.146
  24          0.108
  25          0.071
  26          0.081
  27          0.063
  28          0.087
  29          0.090
  30          0.076
  31          0.069
  32          0.090
  33          0.079
  34          0.063
  35          0.029
  36          0.072
  37          0.066
  38          0.033
  39          0.053
  40          0.026
  41          0.083
  42          0.083
  43          0.136
  44          0.153
  45          0.183
  46          0.198
  47          0.232
  48          0.322
  49          0.168
  50          0.249
  51          0.249
  52          0.383
  53          0.261
  54          0.201
  55          0.094
  56          0.071
  57          0.069
  58          0.081
  59          0.076
  60          0.070
  61          0.067
  62          0.072
  63          0.084
  64          0.081
  65          0.086
  66          0.080
  67          0.097
  68          0.094
  69          0.053
  70          0.035
  71          0.057
  72          0.030
  73          0.057
  74          0.035
  75          0.096
  76          0.073
  77          0.111
  78          0.127
  79          0.104
  80          0.127
  81          0.183
  82          0.132
  83          0.098
  84          0.158
  85          0.176
  86          0.178
  87          0.191
  88          0.185
  89          0.139
  90          0.055
  91          0.041
  92          0.052
  93          0.029
  94          0.060
  95          0.098
  96          0.108
  97          0.139
  98          0.153
  99          0.150
 100          0.177
 101          0.194
 102          0.187
 103          0.170
 104          0.142
 105          0.125
 106          0.068
 107          0.069
 108          0.132
 109          0.087
 110          0.068
 111          0.100
 112          0.070
 113          0.062
 114          0.060
 115          0.080
 116          0.131
 117          0.174
 118          0.176
 119          0.161
 120          0.103
 121          0.165
 122          0.186
 123          0.102
 124          0.070
 125          0.125
 126          0.072
 127          0.083
 128          0.072
 129          0.077
 130          0.083
 131          0.085
 132          0.084
 133          0.043
 134          0.016
 135          0.015
 136          0.076
 137          0.038
 138          0.065
 139          0.043
 140          0.045
 141          0.064
 142          0.051
 143          0.115
 144          0.073
 145          0.060
 146          0.045
 147          0.033
 148          0.065
 149          0.147
 150          0.185
 151          0.196
 152          0.111
 153          0.134
 154          0.119
 155          0.086
 156          0.035
 157          0.032
 158          0.062
 159          0.065
 160          0.064
 161          0.052
 162          0.083
 163          0.060
 164          0.035
 165          0.031
 166          0.070
 167          0.086
 168          0.089
 169          0.041
 170          0.048
 171          0.039
 172          0.037
 173          0.039
 174          0.065
 175          0.065
 176          0.076
 177          0.149
 178          0.149
 179          0.067
 180          0.060
 181          0.064
 182          0.055
 183          0.037
 184          0.043
 185          0.049
 186          0.026
 187          0.021
 188          0.048
 189          0.051
 190          0.072
 191          0.086
 192          0.117
 193          0.102
 194          0.128
 195          0.093
 196          0.064
 197          0.029
 198          0.052
 199          0.067
 200          0.078
 201          0.094
 202          0.150
 203          0.126
 204          0.088
 205          0.093
 206          0.047
 207          0.047
 208          0.070
 209          0.082
 210          0.102
 211          0.091
 212          0.097
 213          0.097
 214          0.083
 215          0.068
 216          0.045
 217          0.063
 218          0.056
 219          0.061
 220          0.088
 221          0.146
 222          0.102
 223          0.075
 224          0.096
 225          0.073
 226          0.074
 227          0.072
 228          0.124
 229          0.171
 230          0.182
 231          0.109
 232          0.116
 233          0.074
 234          0.084
 235          0.091
 236          0.130
 237          0.162
 238          0.166
 239          0.298
 240          0.295
 241          0.140
 242          0.138
 243          0.164
 244          0.131
 245          0.099
 246          0.088
 247          0.081
 248          0.039
 249          0.060
 250          0.079
 251          0.045
 252          0.049
 253          0.009
 254          0.031
 255          0.030
 256          0.014
 257          0.029
 258          0.038
 259          0.090
 260          0.072
 261          0.032
 262          0.035
 263          0.069
 264          0.109
 265          0.074
 266          0.101
 267          0.077
 268          0.048
 269          0.063
 270          0.106
 271          0.059
 272          0.119
 273          0.235
 274          0.093
 275          0.042
 276          0.029
 277          0.059
 278          0.083
 279          0.037
 280          0.073
 281          0.081
 282          0.066
 283          0.077
 284          0.083
 285          0.080
 286          0.047
 287          0.025
 288          0.021
 289          0.024
 290          0.029
 291          0.049
 292          0.061
 293          0.044
 294          0.068
 295          0.074
 296          0.057
 297          0.052
 298          0.066
 299          0.056
 300          0.087
 301          0.044
 302          0.055
 303          0.063
 304          0.062
 305          0.057
 306          0.073
 307          0.102
 308          0.072
 309          0.076
 310          0.089
 311          0.054
 312          0.077
 313          0.111
 314          0.116
 315          0.110
 316          0.136
 317          0.099
 318          0.113
 319          0.135
 320          0.133
 321          0.090
 322          0.076
 323          0.178
 324          0.104
 325          0.167
 326          0.231
 327          0.173
 328          0.074
 329          0.053
 330          0.054
 331          0.069
 332          0.104
 333          0.075
 334          0.040
 335          0.034
 336          0.046
 337          0.090
 338          0.042
 339          0.031
 340          0.055
 341          0.052
 342          0.061
 343          0.051
 344          0.027
 345          0.058
 346          0.037
 347          0.062
 348          0.064
 349          0.054
 350          0.069
 351          0.087
 352          0.078
 353          0.083
 354          0.073
 355          0.082
 356          0.076
 357          0.069
 358          0.040
 359          0.065
 360          0.086
 361          0.071
 362          0.092
 363          0.049
 364          0.112
 365          0.137
 366          0.069
 367          0.031
 368          0.067
 369          0.048
 370          0.032
 371          0.019
 372          0.029
 373          0.052
 374          0.033
 375          0.052
 376          0.015
 377          0.040
 378          0.044
 379          0.019
 380          0.043
 381          0.037
 382          0.049
 383          0.083
 384          0.087
 385          0.080
 386          0.042
 387          0.036
 388          0.073
 389          0.074
 390          0.043
 391          0.079
 392          0.095
 393          0.110
 394          0.075
 395          0.088
 396          0.087
 397          0.031
 398          0.033
 399          0.053
 400          0.065
 401          0.045
 402          0.063
 403          0.033
 404          0.062
 405          0.061
 406          0.039
 407          0.019
 408          0.012
 409          0.038
 410          0.022
 411          0.017
 412          0.021
 413          0.042
 414          0.123
 415          0.037
 416          0.051
 417          0.046
 418          0.033
 419          0.024
 420          0.032
 421          0.050
 422          0.061
 423          0.119
 424          0.144
 425          0.057
 426          0.031
 427          0.023
 428          0.036
 429          0.052
 430          0.041
 431          0.165
 432          0.072
 433          0.050
 434          0.022
 435          0.021
 436          0.028
 437          0.035
 438          0.042
 439          0.051
 440          0.086
 441          0.049
 442          0.029
 443          0.015
 444          0.037
 445          0.054
 446          0.064
 447          0.028
 448          0.076
 449          0.059
 450          0.107
 451          0.104
 452          0.058
 453          0.014
 454          0.045
 455          0.020
 456          0.019
 457          0.043
 458          0.043
 459          0.054
 460          0.055
 461          0.051
 462          0.029
 463          0.023
 464          0.015
 465          0.048
 466          0.091
 467          0.098
 468          0.105
 469          0.108
 470          0.098
 471          0.051
 472          0.039
 473          0.050
 474          0.057
 475          0.095
 476          0.107
 477          0.149
 478          0.132
 479          0.138
 480          0.136
 481          0.126
 482          0.118
 483          0.141
 484          0.097
 485          0.091
 486          0.033
 487          0.037

# Average distance: 0.083 nm
