# Atom index    Distance (nm)
   1          0.170
   2          0.129
   3          0.170
   4          0.131
   5          0.101
   6          0.118
   7          0.105
   8          0.065
   9          0.098
  10          0.125
  11          0.129
  12          0.146
  13          0.150
  14          0.130
  15          0.100
  16          0.122
  17          0.114
  18          0.127
  19          0.142
  20          0.215
  21          0.110
  22          0.341
  23          0.215
  24          0.160
  25          0.156
  26          0.166
  27          0.162
  28          0.175
  29          0.156
  30          0.142
  31          0.096
  32          0.135
  33          0.118
  34          0.082
  35          0.183
  36          0.213
  37          0.140
  38          0.143
  39          0.138
  40          0.081
  41          0.095
  42          0.098
  43          0.118
  44          0.141
  45          0.170
  46          0.164
  47          0.174
  48          0.158
  49          0.139
  50          0.118
  51          0.129
  52          0.286
  53          0.183
  54          0.145
  55          0.112
  56          0.117
  57          0.132
  58          0.190
  59          0.244
  60          0.191
  61          0.174
  62          0.151
  63          0.111
  64          0.096
  65          0.066
  66          0.073
  67          0.272
  68          0.349
  69          0.293
  70          0.245
  71          0.126
  72          0.146
  73          0.148
  74          0.158
  75          0.155
  76          0.154
  77          0.161
  78          0.125
  79          0.064
  80          0.085
  81          0.022
  82          0.060
  83          0.040
  84          0.069
  85          0.138
  86          0.180
  87          0.237
  88          0.353
  89          0.355
  90          0.307
  91          0.301
  92          0.168
  93          0.336
  94          0.152
  95          0.210
  96          0.193
  97          0.150
  98          0.148
  99          0.137
 100          0.087
 101          0.061
 102          0.124
 103          0.158
 104          0.131
 105          0.125
 106          0.122
 107          0.109
 108          0.103
 109          0.147
 110          0.242
 111          0.230
 112          0.160
 113          0.076
 114          0.116
 115          0.147
 116          0.175
 117          0.172
 118          0.183
 119          0.267
 120          0.219
 121          0.167
 122          0.172
 123          0.165
 124          0.129
 125          0.129
 126          0.096
 127          0.118
 128          0.111
 129          0.086
 130          0.040
 131          0.052
 132          0.043
 133          0.054
 134          0.117
 135          0.113
 136          0.126
 137          0.092
 138          0.089
 139          0.097
 140          0.112
 141          0.151
 142          0.112
 143          0.049
 144          0.098
 145          0.098
 146          0.111
 147          0.107
 148          0.110
 149          0.129
 150          0.055
 151          0.152
 152          0.152
 153          0.293
 154          0.127
 155          0.065
 156          0.032
 157          0.042
 158          0.073
 159          0.071
 160          0.112
 161          0.074
 162          0.079
 163          0.152
 164          0.126
 165          0.092
 166          0.091
 167          0.103
 168          0.075
 169          0.080
 170          0.081
 171          0.120
 172          0.078
 173          0.095
 174          0.121
 175          0.111
 176          0.123
 177          0.332
 178          0.244
 179          0.044
 180          0.057
 181          0.085
 182          0.064
 183          0.085
 184          0.080
 185          0.105
 186          0.112
 187          0.097
 188          0.067
 189          0.106
 190          0.101
 191          0.120
 192          0.073
 193          0.047
 194          0.083
 195          0.119
 196          0.101
 197          0.100
 198          0.160
 199          0.147
 200          0.125
 201          0.130
 202          0.145
 203          0.109
 204          0.119
 205          0.086
 206          0.105
 207          0.076
 208          0.091
 209          0.062
 210          0.076
 211          0.097
 212          0.049
 213          0.056
 214          0.016
 215          0.060
 216          0.043
 217          0.082
 218          0.099
 219          0.096
 220          0.100
 221          0.147
 222          0.086
 223          0.091
 224          0.046
 225          0.052
 226          0.066
 227          0.059
 228          0.065
 229          0.080
 230          0.090
 231          0.064
 232          0.052
 233          0.042
 234          0.046
 235          0.046
 236          0.053
 237          0.091
 238          0.084
 239          0.063
 240          0.032
 241          0.073
 242          0.204
 243          0.320
 244          0.144
 245          0.062
 246          0.048
 247          0.076
 248          0.006
 249          0.095
 250          0.139
 251          0.151
 252          0.153
 253          0.084
 254          0.066
 255          0.064
 256          0.066
 257          0.079
 258          0.102
 259          0.141
 260          0.176
 261          0.229
 262          0.301
 263          0.251
 264          0.261
 265          0.200
 266          0.180
 267          0.110
 268          0.088
 269          0.117
 270          0.118
 271          0.117
 272          0.121
 273          0.138
 274          0.122
 275          0.063
 276          0.085
 277          0.079
 278          0.098
 279          0.188
 280          0.293
 281          0.157
 282          0.178
 283          0.118
 284          0.081
 285          0.070
 286          0.072
 287          0.071
 288          0.059
 289          0.058
 290          0.113
 291          0.107
 292          0.120
 293          0.232
 294          0.319
 295          0.431
 296          0.350
 297          0.261
 298          0.183
 299          0.035
 300          0.030
 301          0.064
 302          0.101
 303          0.089
 304          0.122
 305          0.085
 306          0.102
 307          0.085
 308          0.082
 309          0.079
 310          0.070
 311          0.113
 312          0.152
 313          0.252
 314          0.223
 315          0.178
 316          0.131
 317          0.106
 318          0.102
 319          0.091
 320          0.119
 321          0.066
 322          0.084
 323          0.178
 324          0.163
 325          0.148
 326          0.140
 327          0.106
 328          0.070
 329          0.068
 330          0.072
 331          0.115
 332          0.121
 333          0.109
 334          0.126
 335          0.134
 336          0.159
 337          0.111
 338          0.170
 339          0.124
 340          0.121
 341          0.120
 342          0.140
 343          0.129
 344          0.143
 345          0.133
 346          0.146
 347          0.196
 348          0.184
 349          0.133
 350          0.087
 351          0.123
 352          0.133
 353          0.144
 354          0.127
 355          0.083
 356          0.098
 357          0.100
 358          0.099
 359          0.108
 360          0.198
 361          0.137
 362          0.222
 363          0.259
 364          0.269
 365          0.294
 366          0.349
 367          0.309
 368          0.211
 369          0.187
 370          0.233
 371          0.226
 372          0.125
 373          0.126
 374          0.105
 375          0.094
 376          0.065
 377          0.067
 378          0.058
 379          0.074
 380          0.077
 381          0.057
 382          0.060
 383          0.065
 384          0.110
 385          0.099
 386          0.054
 387          0.068
 388          0.079
 389          0.078
 390          0.061
 391          0.063
 392          0.110
 393          0.209
 394          0.204
 395          0.133
 396          0.166
 397          0.139
 398          0.127
 399          0.085
 400          0.077
 401          0.099
 402          0.062
 403          0.076
 404          0.150
 405          0.098
 406          0.084
 407          0.055
 408          0.099
 409          0.111
 410          0.061
 411          0.079
 412          0.080
 413          0.131
 414          0.219
 415          0.171
 416          0.078
 417          0.045
 418          0.043
 419          0.058
 420          0.116
 421          0.250
 422          0.345
 423          0.231
 424          0.284
 425          0.211
 426          0.177
 427          0.168
 428          0.182
 429          0.190
 430          0.220
 431          0.251
 432          0.249
 433          0.215
 434          0.183
 435          0.165
 436          0.147
 437          0.145
 438          0.247
 439          0.184
 440          0.207
 441          0.170
 442          0.102
 443          0.071
 444          0.038
 445          0.060
 446          0.066
 447          0.053
 448          0.121
 449          0.125
 450          0.128
 451          0.110
 452          0.190
 453          0.183
 454          0.106
 455          0.110
 456          0.119
 457          0.096
 458          0.071
 459          0.077
 460          0.110
 461          0.111
 462          0.091
 463          0.078
 464          0.083
 465          0.091
 466          0.118
 467          0.147
 468          0.138
 469          0.119
 470          0.145
 471          0.113
 472          0.108
 473          0.123
 474          0.092
 475          0.154
 476          0.176
 477          0.183
 478          0.174
 479          0.187
 480          0.185
 481          0.114
 482          0.100
 483          0.112
 484          0.108
 485          0.073
 486          0.065
 487          0.120

# Average distance: 0.130 nm
