# Atom index    Distance (nm)
   1          0.077
   2          0.096
   3          0.104
   4          0.129
   5          0.304
   6          0.072
   7          0.033
   8          0.062
   9          0.076
  10          0.092
  11          0.094
  12          0.055
  13          0.081
  14          0.173
  15          0.191
  16          0.093
  17          0.098
  18          0.034
  19          0.076
  20          0.095
  21          0.189
  22          0.203
  23          0.248
  24          0.230
  25          0.135
  26          0.222
  27          0.170
  28          0.183
  29          0.151
  30          0.205
  31          0.228
  32          0.275
  33          0.250
  34          0.175
  35          0.100
  36          0.162
  37          0.148
  38          0.048
  39          0.039
  40          0.049
  41          0.072
  42          0.070
  43          0.130
  44          0.097
  45          0.053
  46          0.042
  47          0.043
  48          0.098
  49          0.082
  50          0.180
  51          0.219
  52          0.423
  53          0.276
  54          0.135
  55          0.105
  56          0.046
  57          0.057
  58          0.094
  59          0.145
  60          0.210
  61          0.235
  62          0.042
  63          0.043
  64          0.067
  65          0.101
  66          0.180
  67          0.252
  68          0.333
  69          0.343
  70          0.257
  71          0.236
  72          0.172
  73          0.156
  74          0.099
  75          0.085
  76          0.076
  77          0.125
  78          0.148
  79          0.165
  80          0.167
  81          0.195
  82          0.173
  83          0.114
  84          0.078
  85          0.141
  86          0.256
  87          0.300
  88          0.303
  89          0.368
  90          0.333
  91          0.324
  92          0.158
  93          0.290
  94          0.201
  95          0.173
  96          0.142
  97          0.118
  98          0.176
  99          0.138
 100          0.176
 101          0.193
 102          0.264
 103          0.240
 104          0.218
 105          0.219
 106          0.147
 107          0.122
 108          0.166
 109          0.117
 110          0.141
 111          0.206
 112          0.171
 113          0.210
 114          0.207
 115          0.210
 116          0.262
 117          0.223
 118          0.234
 119          0.333
 120          0.214
 121          0.178
 122          0.184
 123          0.139
 124          0.094
 125          0.079
 126          0.081
 127          0.112
 128          0.123
 129          0.148
 130          0.091
 131          0.092
 132          0.088
 133          0.110
 134          0.088
 135          0.061
 136          0.043
 137          0.035
 138          0.052
 139          0.060
 140          0.097
 141          0.091
 142          0.097
 143          0.110
 144          0.101
 145          0.068
 146          0.065
 147          0.048
 148          0.050
 149          0.056
 150          0.050
 151          0.116
 152          0.087
 153          0.041
 154          0.049
 155          0.046
 156          0.134
 157          0.060
 158          0.058
 159          0.055
 160          0.073
 161          0.039
 162          0.079
 163          0.125
 164          0.066
 165          0.041
 166          0.117
 167          0.045
 168          0.046
 169          0.050
 170          0.036
 171          0.027
 172          0.034
 173          0.073
 174          0.084
 175          0.064
 176          0.053
 177          0.150
 178          0.086
 179          0.098
 180          0.084
 181          0.054
 182          0.069
 183          0.086
 184          0.057
 185          0.053
 186          0.030
 187          0.039
 188          0.050
 189          0.051
 190          0.095
 191          0.114
 192          0.079
 193          0.112
 194          0.120
 195          0.053
 196          0.044
 197          0.050
 198          0.045
 199          0.143
 200          0.127
 201          0.129
 202          0.105
 203          0.090
 204          0.046
 205          0.064
 206          0.093
 207          0.147
 208          0.145
 209          0.207
 210          0.151
 211          0.137
 212          0.076
 213          0.120
 214          0.110
 215          0.156
 216          0.187
 217          0.152
 218          0.171
 219          0.137
 220          0.121
 221          0.094
 222          0.101
 223          0.131
 224          0.182
 225          0.191
 226          0.210
 227          0.150
 228          0.194
 229          0.190
 230          0.179
 231          0.093
 232          0.092
 233          0.135
 234          0.130
 235          0.221
 236          0.187
 237          0.236
 238          0.373
 239          0.134
 240          0.097
 241          0.142
 242          0.197
 243          0.277
 244          0.251
 245          0.227
 246          0.174
 247          0.208
 248          0.154
 249          0.082
 250          0.078
 251          0.066
 252          0.058
 253          0.037
 254          0.079
 255          0.122
 256          0.088
 257          0.078
 258          0.072
 259          0.069
 260          0.068
 261          0.157
 262          0.248
 263          0.308
 264          0.140
 265          0.072
 266          0.108
 267          0.074
 268          0.046
 269          0.033
 270          0.081
 271          0.091
 272          0.098
 273          0.047
 274          0.118
 275          0.025
 276          0.034
 277          0.060
 278          0.225
 279          0.226
 280          0.279
 281          0.204
 282          0.199
 283          0.091
 284          0.056
 285          0.050
 286          0.056
 287          0.072
 288          0.033
 289          0.037
 290          0.030
 291          0.071
 292          0.103
 293          0.202
 294          0.209
 295          0.260
 296          0.226
 297          0.096
 298          0.080
 299          0.056
 300          0.078
 301          0.044
 302          0.068
 303          0.038
 304          0.062
 305          0.075
 306          0.102
 307          0.082
 308          0.048
 309          0.051
 310          0.059
 311          0.110
 312          0.143
 313          0.187
 314          0.220
 315          0.126
 316          0.124
 317          0.062
 318          0.091
 319          0.037
 320          0.048
 321          0.063
 322          0.106
 323          0.118
 324          0.147
 325          0.140
 326          0.179
 327          0.146
 328          0.106
 329          0.060
 330          0.057
 331          0.055
 332          0.102
 333          0.081
 334          0.074
 335          0.088
 336          0.067
 337          0.095
 338          0.065
 339          0.056
 340          0.064
 341          0.014
 342          0.096
 343          0.100
 344          0.063
 345          0.074
 346          0.141
 347          0.079
 348          0.067
 349          0.087
 350          0.113
 351          0.112
 352          0.168
 353          0.245
 354          0.245
 355          0.198
 356          0.157
 357          0.096
 358          0.084
 359          0.085
 360          0.135
 361          0.065
 362          0.026
 363          0.077
 364          0.054
 365          0.130
 366          0.125
 367          0.127
 368          0.100
 369          0.105
 370          0.060
 371          0.075
 372          0.108
 373          0.132
 374          0.080
 375          0.045
 376          0.076
 377          0.065
 378          0.064
 379          0.045
 380          0.026
 381          0.071
 382          0.112
 383          0.094
 384          0.102
 385          0.085
 386          0.050
 387          0.039
 388          0.094
 389          0.092
 390          0.062
 391          0.052
 392          0.122
 393          0.177
 394          0.201
 395          0.267
 396          0.153
 397          0.038
 398          0.038
 399          0.027
 400          0.091
 401          0.081
 402          0.091
 403          0.167
 404          0.089
 405          0.091
 406          0.096
 407          0.083
 408          0.077
 409          0.064
 410          0.078
 411          0.117
 412          0.099
 413          0.193
 414          0.126
 415          0.083
 416          0.171
 417          0.100
 418          0.060
 419          0.067
 420          0.061
 421          0.132
 422          0.220
 423          0.229
 424          0.135
 425          0.063
 426          0.061
 427          0.062
 428          0.047
 429          0.126
 430          0.423
 431          0.609
 432          0.352
 433          0.228
 434          0.043
 435          0.023
 436          0.030
 437          0.041
 438          0.083
 439          0.043
 440          0.110
 441          0.147
 442          0.207
 443          0.182
 444          0.131
 445          0.128
 446          0.114
 447          0.080
 448          0.104
 449          0.077
 450          0.130
 451          0.111
 452          0.108
 453          0.121
 454          0.080
 455          0.074
 456          0.070
 457          0.054
 458          0.099
 459          0.153
 460          0.248
 461          0.262
 462          0.181
 463          0.116
 464          0.094
 465          0.090
 466          0.105
 467          0.059
 468          0.046
 469          0.073
 470          0.055
 471          0.032
 472          0.044
 473          0.038
 474          0.129
 475          0.202
 476          0.206
 477          0.163
 478          0.115
 479          0.065
 480          0.059
 481          0.065
 482          0.076
 483          0.065
 484          0.125
 485          0.094
 486          0.090
 487          0.096

# Average distance: 0.120 nm
