# Atom index    Distance (nm)
   1          0.192
   2          0.121
   3          0.094
   4          0.080
   5          0.135
   6          0.094
   7          0.065
   8          0.057
   9          0.129
  10          0.078
  11          0.044
  12          0.056
  13          0.093
  14          0.153
  15          0.076
  16          0.068
  17          0.109
  18          0.110
  19          0.134
  20          0.121
  21          0.122
  22          0.199
  23          0.216
  24          0.199
  25          0.135
  26          0.124
  27          0.108
  28          0.113
  29          0.095
  30          0.169
  31          0.169
  32          0.164
  33          0.112
  34          0.046
  35          0.077
  36          0.040
  37          0.055
  38          0.039
  39          0.032
  40          0.044
  41          0.055
  42          0.044
  43          0.086
  44          0.157
  45          0.237
  46          0.206
  47          0.299
  48          0.414
  49          0.351
  50          0.345
  51          0.300
  52          0.231
  53          0.164
  54          0.038
  55          0.046
  56          0.050
  57          0.054
  58          0.069
  59          0.101
  60          0.089
  61          0.079
  62          0.080
  63          0.086
  64          0.065
  65          0.075
  66          0.077
  67          0.060
  68          0.042
  69          0.091
  70          0.081
  71          0.076
  72          0.081
  73          0.062
  74          0.066
  75          0.071
  76          0.062
  77          0.063
  78          0.157
  79          0.135
  80          0.153
  81          0.168
  82          0.080
  83          0.065
  84          0.024
  85          0.036
  86          0.084
  87          0.124
  88          0.089
  89          0.074
  90          0.053
  91          0.084
  92          0.060
  93          0.052
  94          0.061
  95          0.047
  96          0.028
  97          0.020
  98          0.021
  99          0.041
 100          0.099
 101          0.127
 102          0.114
 103          0.091
 104          0.061
 105          0.055
 106          0.047
 107          0.007
 108          0.052
 109          0.119
 110          0.148
 111          0.163
 112          0.186
 113          0.135
 114          0.079
 115          0.036
 116          0.060
 117          0.089
 118          0.134
 119          0.137
 120          0.093
 121          0.132
 122          0.135
 123          0.109
 124          0.087
 125          0.035
 126          0.027
 127          0.034
 128          0.048
 129          0.030
 130          0.060
 131          0.072
 132          0.075
 133          0.069
 134          0.062
 135          0.059
 136          0.054
 137          0.050
 138          0.040
 139          0.053
 140          0.074
 141          0.114
 142          0.125
 143          0.084
 144          0.095
 145          0.072
 146          0.052
 147          0.027
 148          0.026
 149          0.065
 150          0.130
 151          0.122
 152          0.066
 153          0.079
 154          0.056
 155          0.047
 156          0.061
 157          0.054
 158          0.054
 159          0.061
 160          0.094
 161          0.080
 162          0.078
 163          0.116
 164          0.113
 165          0.116
 166          0.128
 167          0.101
 168          0.056
 169          0.070
 170          0.069
 171          0.061
 172          0.045
 173          0.053
 174          0.049
 175          0.039
 176          0.090
 177          0.137
 178          0.229
 179          0.087
 180          0.054
 181          0.048
 182          0.077
 183          0.042
 184          0.040
 185          0.047
 186          0.051
 187          0.047
 188          0.033
 189          0.038
 190          0.038
 191          0.032
 192          0.034
 193          0.050
 194          0.049
 195          0.015
 196          0.014
 197          0.029
 198          0.022
 199          0.073
 200          0.085
 201          0.067
 202          0.046
 203          0.043
 204          0.021
 205          0.115
 206          0.044
 207          0.022
 208          0.036
 209          0.025
 210          0.037
 211          0.119
 212          0.109
 213          0.048
 214          0.070
 215          0.081
 216          0.090
 217          0.017
 218          0.019
 219          0.045
 220          0.058
 221          0.029
 222          0.038
 223          0.030
 224          0.028
 225          0.051
 226          0.052
 227          0.033
 228          0.033
 229          0.054
 230          0.127
 231          0.049
 232          0.065
 233          0.078
 234          0.041
 235          0.022
 236          0.023
 237          0.089
 238          0.207
 239          0.208
 240          0.160
 241          0.165
 242          0.121
 243          0.162
 244          0.167
 245          0.124
 246          0.079
 247          0.079
 248          0.063
 249          0.060
 250          0.043
 251          0.079
 252          0.093
 253          0.129
 254          0.088
 255          0.053
 256          0.055
 257          0.019
 258          0.014
 259          0.074
 260          0.086
 261          0.064
 262          0.053
 263          0.102
 264          0.080
 265          0.014
 266          0.026
 267          0.022
 268          0.031
 269          0.046
 270          0.062
 271          0.071
 272          0.110
 273          0.102
 274          0.082
 275          0.029
 276          0.044
 277          0.043
 278          0.027
 279          0.022
 280          0.064
 281          0.054
 282          0.096
 283          0.062
 284          0.046
 285          0.054
 286          0.032
 287          0.046
 288          0.053
 289          0.068
 290          0.076
 291          0.071
 292          0.076
 293          0.053
 294          0.051
 295          0.043
 296          0.049
 297          0.068
 298          0.038
 299          0.037
 300          0.014
 301          0.030
 302          0.062
 303          0.058
 304          0.044
 305          0.049
 306          0.024
 307          0.045
 308          0.017
 309          0.020
 310          0.039
 311          0.027
 312          0.103
 313          0.133
 314          0.125
 315          0.103
 316          0.059
 317          0.035
 318          0.046
 319          0.065
 320          0.052
 321          0.058
 322          0.065
 323          0.059
 324          0.051
 325          0.047
 326          0.041
 327          0.028
 328          0.045
 329          0.041
 330          0.054
 331          0.045
 332          0.087
 333          0.052
 334          0.043
 335          0.102
 336          0.144
 337          0.090
 338          0.090
 339          0.065
 340          0.061
 341          0.061
 342          0.094
 343          0.106
 344          0.083
 345          0.062
 346          0.069
 347          0.041
 348          0.039
 349          0.063
 350          0.077
 351          0.157
 352          0.147
 353          0.100
 354          0.081
 355          0.087
 356          0.106
 357          0.119
 358          0.122
 359          0.073
 360          0.119
 361          0.067
 362          0.139
 363          0.154
 364          0.171
 365          0.059
 366          0.092
 367          0.123
 368          0.110
 369          0.059
 370          0.058
 371          0.053
 372          0.042
 373          0.034
 374          0.048
 375          0.050
 376          0.055
 377          0.053
 378          0.091
 379          0.055
 380          0.096
 381          0.077
 382          0.039
 383          0.059
 384          0.074
 385          0.079
 386          0.086
 387          0.096
 388          0.078
 389          0.022
 390          0.055
 391          0.066
 392          0.040
 393          0.041
 394          0.096
 395          0.082
 396          0.068
 397          0.056
 398          0.067
 399          0.023
 400          0.096
 401          0.110
 402          0.104
 403          0.192
 404          0.085
 405          0.037
 406          0.073
 407          0.063
 408          0.073
 409          0.043
 410          0.047
 411          0.039
 412          0.053
 413          0.020
 414          0.014
 415          0.040
 416          0.017
 417          0.016
 418          0.033
 419          0.051
 420          0.050
 421          0.088
 422          0.080
 423          0.124
 424          0.158
 425          0.097
 426          0.088
 427          0.084
 428          0.083
 429          0.130
 430          0.090
 431          0.184
 432          0.212
 433          0.173
 434          0.150
 435          0.099
 436          0.082
 437          0.108
 438          0.120
 439          0.144
 440          0.140
 441          0.193
 442          0.142
 443          0.107
 444          0.048
 445          0.040
 446          0.068
 447          0.057
 448          0.087
 449          0.091
 450          0.065
 451          0.061
 452          0.112
 453          0.082
 454          0.083
 455          0.070
 456          0.070
 457          0.064
 458          0.089
 459          0.108
 460          0.116
 461          0.107
 462          0.149
 463          0.100
 464          0.054
 465          0.046
 466          0.035
 467          0.100
 468          0.133
 469          0.121
 470          0.124
 471          0.116
 472          0.059
 473          0.089
 474          0.098
 475          0.129
 476          0.115
 477          0.150
 478          0.140
 479          0.112
 480          0.106
 481          0.054
 482          0.030
 483          0.052
 484          0.065
 485          0.032
 486          0.035
 487          0.059

# Average distance: 0.081 nm
