# Atom index    Distance (nm)
   1          0.069
   2          0.047
   3          0.075
   4          0.108
   5          0.060
   6          0.068
   7          0.093
   8          0.065
   9          0.036
  10          0.032
  11          0.038
  12          0.048
  13          0.106
  14          0.157
  15          0.150
  16          0.068
  17          0.075
  18          0.057
  19          0.049
  20          0.116
  21          0.155
  22          0.215
  23          0.209
  24          0.276
  25          0.194
  26          0.141
  27          0.106
  28          0.046
  29          0.054
  30          0.050
  31          0.043
  32          0.055
  33          0.051
  34          0.046
  35          0.058
  36          0.056
  37          0.079
  38          0.056
  39          0.074
  40          0.083
  41          0.061
  42          0.055
  43          0.072
  44          0.094
  45          0.144
  46          0.155
  47          0.137
  48          0.221
  49          0.187
  50          0.079
  51          0.164
  52          0.152
  53          0.063
  54          0.072
  55          0.097
  56          0.071
  57          0.064
  58          0.112
  59          0.141
  60          0.132
  61          0.071
  62          0.050
  63          0.076
  64          0.086
  65          0.090
  66          0.089
  67          0.099
  68          0.050
  69          0.043
  70          0.090
  71          0.102
  72          0.080
  73          0.107
  74          0.096
  75          0.111
  76          0.106
  77          0.119
  78          0.089
  79          0.049
  80          0.063
  81          0.071
  82          0.079
  83          0.111
  84          0.095
  85          0.070
  86          0.070
  87          0.061
  88          0.028
  89          0.074
  90          0.055
  91          0.047
  92          0.034
  93          0.035
  94          0.076
  95          0.052
  96          0.059
  97          0.081
  98          0.089
  99          0.062
 100          0.072
 101          0.071
 102          0.082
 103          0.096
 104          0.067
 105          0.062
 106          0.042
 107          0.031
 108          0.034
 109          0.034
 110          0.018
 111          0.060
 112          0.104
 113          0.081
 114          0.053
 115          0.031
 116          0.038
 117          0.068
 118          0.129
 119          0.175
 120          0.136
 121          0.163
 122          0.146
 123          0.146
 124          0.092
 125          0.072
 126          0.058
 127          0.036
 128          0.033
 129          0.032
 130          0.018
 131          0.028
 132          0.013
 133          0.013
 134          0.017
 135          0.038
 136          0.030
 137          0.026
 138          0.077
 139          0.079
 140          0.068
 141          0.129
 142          0.074
 143          0.038
 144          0.093
 145          0.103
 146          0.048
 147          0.041
 148          0.031
 149          0.064
 150          0.104
 151          0.102
 152          0.109
 153          0.099
 154          0.084
 155          0.071
 156          0.071
 157          0.060
 158          0.096
 159          0.069
 160          0.045
 161          0.076
 162          0.097
 163          0.095
 164          0.063
 165          0.061
 166          0.045
 167          0.059
 168          0.053
 169          0.050
 170          0.037
 171          0.029
 172          0.033
 173          0.045
 174          0.047
 175          0.073
 176          0.063
 177          0.030
 178          0.055
 179          0.065
 180          0.063
 181          0.061
 182          0.052
 183          0.089
 184          0.089
 185          0.066
 186          0.103
 187          0.064
 188          0.097
 189          0.110
 190          0.116
 191          0.080
 192          0.103
 193          0.095
 194          0.112
 195          0.078
 196          0.112
 197          0.074
 198          0.059
 199          0.087
 200          0.070
 201          0.090
 202          0.074
 203          0.117
 204          0.105
 205          0.097
 206          0.100
 207          0.085
 208          0.052
 209          0.012
 210          0.037
 211          0.049
 212          0.133
 213          0.021
 214          0.037
 215          0.040
 216          0.038
 217          0.039
 218          0.075
 219          0.081
 220          0.045
 221          0.075
 222          0.055
 223          0.042
 224          0.050
 225          0.060
 226          0.062
 227          0.059
 228          0.037
 229          0.084
 230          0.067
 231          0.079
 232          0.056
 233          0.059
 234          0.054
 235          0.055
 236          0.076
 237          0.034
 238          0.079
 239          0.205
 240          0.168
 241          0.192
 242          0.129
 243          0.152
 244          0.142
 245          0.152
 246          0.063
 247          0.066
 248          0.054
 249          0.058
 250          0.015
 251          0.037
 252          0.040
 253          0.066
 254          0.080
 255          0.069
 256          0.073
 257          0.041
 258          0.046
 259          0.020
 260          0.054
 261          0.083
 262          0.096
 263          0.053
 264          0.094
 265          0.047
 266          0.022
 267          0.043
 268          0.051
 269          0.054
 270          0.056
 271          0.066
 272          0.071
 273          0.102
 274          0.066
 275          0.097
 276          0.092
 277          0.080
 278          0.132
 279          0.137
 280          0.168
 281          0.189
 282          0.114
 283          0.096
 284          0.072
 285          0.042
 286          0.038
 287          0.050
 288          0.055
 289          0.041
 290          0.066
 291          0.084
 292          0.113
 293          0.159
 294          0.054
 295          0.102
 296          0.109
 297          0.126
 298          0.092
 299          0.099
 300          0.052
 301          0.063
 302          0.081
 303          0.107
 304          0.096
 305          0.124
 306          0.134
 307          0.076
 308          0.067
 309          0.068
 310          0.086
 311          0.101
 312          0.130
 313          0.126
 314          0.121
 315          0.136
 316          0.117
 317          0.090
 318          0.078
 319          0.067
 320          0.049
 321          0.079
 322          0.099
 323          0.037
 324          0.093
 325          0.131
 326          0.140
 327          0.130
 328          0.092
 329          0.056
 330          0.092
 331          0.117
 332          0.057
 333          0.079
 334          0.113
 335          0.086
 336          0.074
 337          0.103
 338          0.075
 339          0.057
 340          0.075
 341          0.059
 342          0.107
 343          0.119
 344          0.111
 345          0.101
 346          0.145
 347          0.147
 348          0.101
 349          0.076
 350          0.175
 351          0.136
 352          0.076
 353          0.132
 354          0.182
 355          0.117
 356          0.152
 357          0.133
 358          0.142
 359          0.150
 360          0.181
 361          0.149
 362          0.145
 363          0.079
 364          0.044
 365          0.067
 366          0.133
 367          0.115
 368          0.067
 369          0.086
 370          0.022
 371          0.023
 372          0.018
 373          0.038
 374          0.055
 375          0.064
 376          0.087
 377          0.104
 378          0.138
 379          0.097
 380          0.072
 381          0.077
 382          0.077
 383          0.078
 384          0.090
 385          0.109
 386          0.105
 387          0.069
 388          0.054
 389          0.056
 390          0.052
 391          0.045
 392          0.061
 393          0.106
 394          0.151
 395          0.071
 396          0.074
 397          0.032
 398          0.035
 399          0.063
 400          0.045
 401          0.073
 402          0.073
 403          0.075
 404          0.069
 405          0.081
 406          0.085
 407          0.100
 408          0.092
 409          0.084
 410          0.054
 411          0.047
 412          0.072
 413          0.077
 414          0.107
 415          0.125
 416          0.070
 417          0.051
 418          0.023
 419          0.082
 420          0.082
 421          0.087
 422          0.073
 423          0.075
 424          0.071
 425          0.049
 426          0.052
 427          0.053
 428          0.043
 429          0.041
 430          0.099
 431          0.221
 432          0.177
 433          0.103
 434          0.044
 435          0.052
 436          0.053
 437          0.024
 438          0.024
 439          0.031
 440          0.034
 441          0.032
 442          0.043
 443          0.030
 444          0.039
 445          0.041
 446          0.063
 447          0.084
 448          0.076
 449          0.055
 450          0.036
 451          0.051
 452          0.055
 453          0.041
 454          0.046
 455          0.047
 456          0.017
 457          0.018
 458          0.018
 459          0.056
 460          0.197
 461          0.111
 462          0.052
 463          0.043
 464          0.019
 465          0.011
 466          0.043
 467          0.085
 468          0.084
 469          0.016
 470          0.047
 471          0.053
 472          0.033
 473          0.025
 474          0.057
 475          0.049
 476          0.051
 477          0.018
 478          0.069
 479          0.021
 480          0.081
 481          0.124
 482          0.086
 483          0.053
 484          0.063
 485          0.055
 486          0.057
 487          0.059

# Average distance: 0.079 nm
