# Atom index    Distance (nm)
   1          0.850
   2          0.588
   3          0.394
   4          0.205
   5          0.122
   6          0.147
   7          0.133
   8          0.128
   9          0.122
  10          0.100
  11          0.086
  12          0.113
  13          0.138
  14          0.142
  15          0.161
  16          0.155
  17          0.103
  18          0.124
  19          0.123
  20          0.127
  21          0.176
  22          0.225
  23          0.251
  24          0.325
  25          0.238
  26          0.202
  27          0.138
  28          0.147
  29          0.161
  30          0.185
  31          0.179
  32          0.179
  33          0.140
  34          0.127
  35          0.163
  36          0.185
  37          0.210
  38          0.172
  39          0.173
  40          0.153
  41          0.153
  42          0.127
  43          0.117
  44          0.107
  45          0.194
  46          0.175
  47          0.153
  48          0.177
  49          0.169
  50          0.154
  51          0.085
  52          0.120
  53          0.085
  54          0.062
  55          0.098
  56          0.105
  57          0.149
  58          0.205
  59          0.196
  60          0.214
  61          0.223
  62          0.243
  63          0.152
  64          0.139
  65          0.081
  66          0.033
  67          0.066
  68          0.065
  69          0.105
  70          0.141
  71          0.151
  72          0.126
  73          0.150
  74          0.195
  75          0.206
  76          0.197
  77          0.186
  78          0.210
  79          0.157
  80          0.215
  81          0.122
  82          0.094
  83          0.116
  84          0.118
  85          0.058
  86          0.084
  87          0.124
  88          0.235
  89          0.271
  90          0.212
  91          0.245
  92          0.241
  93          0.278
  94          0.213
  95          0.181
  96          0.133
  97          0.139
  98          0.147
  99          0.121
 100          0.142
 101          0.114
 102          0.136
 103          0.208
 104          0.139
 105          0.131
 106          0.116
 107          0.147
 108          0.175
 109          0.185
 110          0.249
 111          0.201
 112          0.059
 113          0.074
 114          0.074
 115          0.048
 116          0.057
 117          0.010
 118          0.071
 119          0.119
 120          0.139
 121          0.183
 122          0.183
 123          0.124
 124          0.140
 125          0.138
 126          0.133
 127          0.134
 128          0.098
 129          0.080
 130          0.059
 131          0.082
 132          0.083
 133          0.035
 134          0.061
 135          0.046
 136          0.081
 137          0.029
 138          0.042
 139          0.059
 140          0.079
 141          0.105
 142          0.143
 143          0.144
 144          0.112
 145          0.085
 146          0.073
 147          0.059
 148          0.074
 149          0.084
 150          0.258
 151          0.342
 152          0.321
 153          0.238
 154          0.128
 155          0.088
 156          0.045
 157          0.043
 158          0.070
 159          0.080
 160          0.116
 161          0.079
 162          0.081
 163          0.055
 164          0.069
 165          0.064
 166          0.058
 167          0.076
 168          0.058
 169          0.080
 170          0.084
 171          0.068
 172          0.069
 173          0.067
 174          0.118
 175          0.131
 176          0.085
 177          0.088
 178          0.102
 179          0.092
 180          0.080
 181          0.073
 182          0.073
 183          0.085
 184          0.087
 185          0.093
 186          0.071
 187          0.077
 188          0.091
 189          0.077
 190          0.065
 191          0.081
 192          0.078
 193          0.082
 194          0.084
 195          0.069
 196          0.089
 197          0.112
 198          0.116
 199          0.123
 200          0.161
 201          0.215
 202          0.207
 203          0.165
 204          0.098
 205          0.066
 206          0.116
 207          0.140
 208          0.099
 209          0.081
 210          0.092
 211          0.080
 212          0.082
 213          0.061
 214          0.083
 215          0.076
 216          0.081
 217          0.096
 218          0.120
 219          0.173
 220          0.283
 221          0.316
 222          0.245
 223          0.188
 224          0.121
 225          0.107
 226          0.104
 227          0.071
 228          0.075
 229          0.129
 230          0.152
 231          0.100
 232          0.034
 233          0.047
 234          0.034
 235          0.018
 236          0.031
 237          0.120
 238          0.087
 239          0.147
 240          0.133
 241          0.148
 242          0.183
 243          0.226
 244          0.159
 245          0.186
 246          0.137
 247          0.081
 248          0.055
 249          0.012
 250          0.030
 251          0.030
 252          0.011
 253          0.026
 254          0.059
 255          0.051
 256          0.074
 257          0.053
 258          0.048
 259          0.051
 260          0.089
 261          0.151
 262          0.262
 263          0.372
 264          0.245
 265          0.179
 266          0.102
 267          0.108
 268          0.110
 269          0.113
 270          0.149
 271          0.150
 272          0.136
 273          0.157
 274          0.162
 275          0.167
 276          0.157
 277          0.155
 278          0.256
 279          0.158
 280          0.179
 281          0.193
 282          0.154
 283          0.140
 284          0.138
 285          0.130
 286          0.101
 287          0.074
 288          0.053
 289          0.065
 290          0.093
 291          0.078
 292          0.202
 293          0.226
 294          0.183
 295          0.207
 296          0.224
 297          0.242
 298          0.278
 299          0.214
 300          0.202
 301          0.141
 302          0.131
 303          0.120
 304          0.122
 305          0.185
 306          0.205
 307          0.188
 308          0.193
 309          0.125
 310          0.132
 311          0.091
 312          0.109
 313          0.162
 314          0.160
 315          0.139
 316          0.112
 317          0.095
 318          0.116
 319          0.145
 320          0.141
 321          0.165
 322          0.167
 323          0.173
 324          0.175
 325          0.302
 326          0.257
 327          0.181
 328          0.187
 329          0.176
 330          0.151
 331          0.158
 332          0.137
 333          0.154
 334          0.142
 335          0.129
 336          0.222
 337          0.067
 338          0.105
 339          0.093
 340          0.090
 341          0.088
 342          0.068
 343          0.062
 344          0.080
 345          0.075
 346          0.053
 347          0.049
 348          0.044
 349          0.022
 350          0.050
 351          0.108
 352          0.135
 353          0.181
 354          0.190
 355          0.159
 356          0.103
 357          0.076
 358          0.089
 359          0.048
 360          0.111
 361          0.047
 362          0.045
 363          0.028
 364          0.053
 365          0.189
 366          0.327
 367          0.366
 368          0.157
 369          0.075
 370          0.069
 371          0.056
 372          0.058
 373          0.025
 374          0.028
 375          0.009
 376          0.030
 377          0.045
 378          0.045
 379          0.039
 380          0.042
 381          0.040
 382          0.038
 383          0.039
 384          0.087
 385          0.058
 386          0.091
 387          0.039
 388          0.029
 389          0.055
 390          0.079
 391          0.118
 392          0.088
 393          0.146
 394          0.162
 395          0.098
 396          0.134
 397          0.116
 398          0.065
 399          0.081
 400          0.070
 401          0.056
 402          0.048
 403          0.052
 404          0.086
 405          0.071
 406          0.061
 407          0.054
 408          0.052
 409          0.059
 410          0.093
 411          0.110
 412          0.109
 413          0.201
 414          0.156
 415          0.118
 416          0.112
 417          0.108
 418          0.084
 419          0.079
 420          0.085
 421          0.129
 422          0.185
 423          0.245
 424          0.104
 425          0.160
 426          0.135
 427          0.101
 428          0.147
 429          0.180
 430          0.152
 431          0.154
 432          0.082
 433          0.091
 434          0.091
 435          0.115
 436          0.132
 437          0.152
 438          0.170
 439          0.182
 440          0.188
 441          0.172
 442          0.150
 443          0.140
 444          0.141
 445          0.143
 446          0.144
 447          0.128
 448          0.122
 449          0.118
 450          0.109
 451          0.098
 452          0.078
 453          0.142
 454          0.109
 455          0.136
 456          0.095
 457          0.090
 458          0.159
 459          0.150
 460          0.152
 461          0.128
 462          0.165
 463          0.144
 464          0.091
 465          0.092
 466          0.108
 467          0.182
 468          0.334
 469          0.175
 470          0.048
 471          0.048
 472          0.065
 473          0.084
 474          0.076
 475          0.133
 476          0.175
 477          0.183
 478          0.202
 479          0.235
 480          0.121
 481          0.204
 482          0.256
 483          0.152
 484          0.026
 485          0.096
 486          0.095
 487          0.114

# Average distance: 0.128 nm
