# Atom index    Distance (nm)
   1          0.616
   2          0.374
   3          0.414
   4          0.263
   5          0.130
   6          0.029
   7          0.035
   8          0.075
   9          0.045
  10          0.033
  11          0.066
  12          0.074
  13          0.101
  14          0.079
  15          0.065
  16          0.065
  17          0.075
  18          0.024
  19          0.049
  20          0.112
  21          0.112
  22          0.113
  23          0.126
  24          0.136
  25          0.165
  26          0.110
  27          0.080
  28          0.061
  29          0.046
  30          0.041
  31          0.063
  32          0.113
  33          0.105
  34          0.076
  35          0.097
  36          0.072
  37          0.084
  38          0.059
  39          0.056
  40          0.019
  41          0.025
  42          0.053
  43          0.181
  44          0.197
  45          0.274
  46          0.283
  47          0.285
  48          0.236
  49          0.118
  50          0.177
  51          0.357
  52          0.347
  53          0.249
  54          0.122
  55          0.067
  56          0.048
  57          0.059
  58          0.099
  59          0.132
  60          0.199
  61          0.167
  62          0.169
  63          0.135
  64          0.030
  65          0.104
  66          0.152
  67          0.106
  68          0.089
  69          0.128
  70          0.162
  71          0.205
  72          0.143
  73          0.123
  74          0.129
  75          0.201
  76          0.179
  77          0.235
  78          0.244
  79          0.203
  80          0.110
  81          0.140
  82          0.159
  83          0.115
  84          0.143
  85          0.146
  86          0.132
  87          0.141
  88          0.154
  89          0.176
  90          0.138
  91          0.157
  92          0.154
  93          0.122
  94          0.122
  95          0.165
  96          0.113
  97          0.073
  98          0.177
  99          0.167
 100          0.197
 101          0.130
 102          0.253
 103          0.287
 104          0.186
 105          0.185
 106          0.146
 107          0.104
 108          0.073
 109          0.091
 110          0.114
 111          0.146
 112          0.177
 113          0.116
 114          0.166
 115          0.190
 116          0.205
 117          0.190
 118          0.245
 119          0.226
 120          0.143
 121          0.142
 122          0.095
 123          0.069
 124          0.097
 125          0.090
 126          0.078
 127          0.109
 128          0.076
 129          0.061
 130          0.104
 131          0.095
 132          0.171
 133          0.114
 134          0.095
 135          0.052
 136          0.051
 137          0.077
 138          0.076
 139          0.082
 140          0.071
 141          0.112
 142          0.150
 143          0.153
 144          0.117
 145          0.086
 146          0.080
 147          0.066
 148          0.047
 149          0.170
 150          0.240
 151          0.269
 152          0.301
 153          0.295
 154          0.236
 155          0.118
 156          0.141
 157          0.113
 158          0.089
 159          0.099
 160          0.147
 161          0.114
 162          0.114
 163          0.105
 164          0.075
 165          0.125
 166          0.112
 167          0.124
 168          0.059
 169          0.043
 170          0.046
 171          0.048
 172          0.038
 173          0.076
 174          0.073
 175          0.087
 176          0.083
 177          0.144
 178          0.161
 179          0.132
 180          0.083
 181          0.055
 182          0.043
 183          0.014
 184          0.043
 185          0.042
 186          0.032
 187          0.042
 188          0.039
 189          0.036
 190          0.038
 191          0.046
 192          0.095
 193          0.094
 194          0.095
 195          0.099
 196          0.054
 197          0.044
 198          0.065
 199          0.095
 200          0.061
 201          0.064
 202          0.074
 203          0.068
 204          0.043
 205          0.042
 206          0.071
 207          0.123
 208          0.141
 209          0.118
 210          0.060
 211          0.096
 212          0.113
 213          0.082
 214          0.045
 215          0.098
 216          0.099
 217          0.097
 218          0.122
 219          0.140
 220          0.184
 221          0.228
 222          0.182
 223          0.207
 224          0.135
 225          0.069
 226          0.063
 227          0.089
 228          0.087
 229          0.172
 230          0.164
 231          0.157
 232          0.078
 233          0.078
 234          0.041
 235          0.048
 236          0.045
 237          0.160
 238          0.190
 239          0.160
 240          0.207
 241          0.279
 242          0.267
 243          0.269
 244          0.214
 245          0.138
 246          0.125
 247          0.070
 248          0.055
 249          0.068
 250          0.087
 251          0.077
 252          0.132
 253          0.124
 254          0.120
 255          0.105
 256          0.066
 257          0.064
 258          0.053
 259          0.087
 260          0.076
 261          0.022
 262          0.032
 263          0.065
 264          0.032
 265          0.058
 266          0.060
 267          0.075
 268          0.063
 269          0.062
 270          0.075
 271          0.059
 272          0.176
 273          0.127
 274          0.077
 275          0.014
 276          0.033
 277          0.031
 278          0.076
 279          0.050
 280          0.026
 281          0.124
 282          0.061
 283          0.061
 284          0.079
 285          0.095
 286          0.070
 287          0.068
 288          0.073
 289          0.076
 290          0.036
 291          0.159
 292          0.190
 293          0.338
 294          0.472
 295          0.540
 296          0.460
 297          0.364
 298          0.287
 299          0.196
 300          0.118
 301          0.107
 302          0.085
 303          0.078
 304          0.113
 305          0.135
 306          0.145
 307          0.118
 308          0.109
 309          0.083
 310          0.077
 311          0.083
 312          0.122
 313          0.219
 314          0.240
 315          0.215
 316          0.122
 317          0.038
 318          0.052
 319          0.075
 320          0.106
 321          0.156
 322          0.204
 323          0.249
 324          0.197
 325          0.230
 326          0.239
 327          0.166
 328          0.166
 329          0.179
 330          0.169
 331          0.224
 332          0.185
 333          0.168
 334          0.193
 335          0.184
 336          0.085
 337          0.095
 338          0.094
 339          0.093
 340          0.151
 341          0.131
 342          0.150
 343          0.166
 344          0.165
 345          0.167
 346          0.172
 347          0.172
 348          0.146
 349          0.131
 350          0.126
 351          0.114
 352          0.115
 353          0.134
 354          0.076
 355          0.064
 356          0.036
 357          0.037
 358          0.134
 359          0.119
 360          0.199
 361          0.150
 362          0.148
 363          0.169
 364          0.142
 365          0.164
 366          0.151
 367          0.124
 368          0.109
 369          0.110
 370          0.053
 371          0.056
 372          0.049
 373          0.097
 374          0.078
 375          0.120
 376          0.091
 377          0.101
 378          0.076
 379          0.094
 380          0.070
 381          0.075
 382          0.081
 383          0.135
 384          0.155
 385          0.120
 386          0.145
 387          0.085
 388          0.109
 389          0.150
 390          0.149
 391          0.167
 392          0.252
 393          0.290
 394          0.404
 395          0.257
 396          0.201
 397          0.118
 398          0.117
 399          0.103
 400          0.104
 401          0.111
 402          0.090
 403          0.098
 404          0.205
 405          0.182
 406          0.181
 407          0.145
 408          0.122
 409          0.118
 410          0.117
 411          0.160
 412          0.185
 413          0.153
 414          0.128
 415          0.045
 416          0.084
 417          0.080
 418          0.088
 419          0.089
 420          0.166
 421          0.162
 422          0.146
 423          0.349
 424          0.322
 425          0.253
 426          0.217
 427          0.142
 428          0.145
 429          0.109
 430          0.162
 431          0.182
 432          0.168
 433          0.072
 434          0.054
 435          0.085
 436          0.141
 437          0.185
 438          0.252
 439          0.257
 440          0.219
 441          0.196
 442          0.197
 443          0.138
 444          0.110
 445          0.083
 446          0.107
 447          0.008
 448          0.054
 449          0.088
 450          0.144
 451          0.135
 452          0.212
 453          0.177
 454          0.160
 455          0.092
 456          0.137
 457          0.036
 458          0.054
 459          0.142
 460          0.233
 461          0.257
 462          0.161
 463          0.095
 464          0.071
 465          0.077
 466          0.105
 467          0.133
 468          0.207
 469          0.099
 470          0.105
 471          0.090
 472          0.074
 473          0.066
 474          0.051
 475          0.101
 476          0.182
 477          0.230
 478          0.309
 479          0.292
 480          0.347
 481          0.413
 482          0.345
 483          0.223
 484          0.199
 485          0.143
 486          0.121
 487          0.147

# Average distance: 0.131 nm
