# Atom index    Distance (nm)
   1          0.078
   2          0.087
   3          0.082
   4          0.141
   5          0.135
   6          0.150
   7          0.144
   8          0.131
   9          0.159
  10          0.115
  11          0.111
  12          0.105
  13          0.137
  14          0.134
  15          0.120
  16          0.098
  17          0.055
  18          0.035
  19          0.065
  20          0.079
  21          0.143
  22          0.162
  23          0.142
  24          0.167
  25          0.147
  26          0.048
  27          0.061
  28          0.041
  29          0.034
  30          0.052
  31          0.089
  32          0.102
  33          0.128
  34          0.122
  35          0.107
  36          0.092
  37          0.155
  38          0.105
  39          0.128
  40          0.111
  41          0.109
  42          0.093
  43          0.096
  44          0.092
  45          0.088
  46          0.133
  47          0.304
  48          0.332
  49          0.246
  50          0.207
  51          0.157
  52          0.040
  53          0.018
  54          0.054
  55          0.047
  56          0.051
  57          0.137
  58          0.135
  59          0.120
  60          0.084
  61          0.095
  62          0.072
  63          0.053
  64          0.073
  65          0.113
  66          0.091
  67          0.139
  68          0.232
  69          0.208
  70          0.177
  71          0.072
  72          0.023
  73          0.132
  74          0.133
  75          0.168
  76          0.096
  77          0.053
  78          0.031
  79          0.098
  80          0.104
  81          0.081
  82          0.123
  83          0.085
  84          0.052
  85          0.050
  86          0.094
  87          0.088
  88          0.114
  89          0.141
  90          0.150
  91          0.169
  92          0.292
  93          0.316
  94          0.117
  95          0.111
  96          0.081
  97          0.075
  98          0.053
  99          0.033
 100          0.168
 101          0.251
 102          0.151
 103          0.117
 104          0.069
 105          0.063
 106          0.037
 107          0.040
 108          0.077
 109          0.095
 110          0.102
 111          0.111
 112          0.170
 113          0.122
 114          0.164
 115          0.108
 116          0.082
 117          0.029
 118          0.056
 119          0.068
 120          0.075
 121          0.097
 122          0.086
 123          0.086
 124          0.058
 125          0.084
 126          0.097
 127          0.082
 128          0.109
 129          0.100
 130          0.075
 131          0.086
 132          0.104
 133          0.104
 134          0.060
 135          0.079
 136          0.055
 137          0.039
 138          0.042
 139          0.041
 140          0.020
 141          0.086
 142          0.029
 143          0.050
 144          0.095
 145          0.092
 146          0.080
 147          0.093
 148          0.087
 149          0.074
 150          0.075
 151          0.031
 152          0.076
 153          0.066
 154          0.059
 155          0.050
 156          0.092
 157          0.073
 158          0.057
 159          0.068
 160          0.078
 161          0.042
 162          0.030
 163          0.037
 164          0.027
 165          0.029
 166          0.094
 167          0.065
 168          0.066
 169          0.044
 170          0.055
 171          0.019
 172          0.020
 173          0.026
 174          0.050
 175          0.070
 176          0.040
 177          0.083
 178          0.102
 179          0.080
 180          0.090
 181          0.040
 182          0.100
 183          0.094
 184          0.075
 185          0.098
 186          0.114
 187          0.107
 188          0.079
 189          0.079
 190          0.081
 191          0.057
 192          0.071
 193          0.069
 194          0.057
 195          0.061
 196          0.049
 197          0.057
 198          0.051
 199          0.071
 200          0.124
 201          0.138
 202          0.203
 203          0.113
 204          0.049
 205          0.051
 206          0.064
 207          0.107
 208          0.115
 209          0.175
 210          0.072
 211          0.049
 212          0.059
 213          0.047
 214          0.078
 215          0.108
 216          0.113
 217          0.074
 218          0.084
 219          0.042
 220          0.088
 221          0.112
 222          0.120
 223          0.122
 224          0.139
 225          0.092
 226          0.060
 227          0.053
 228          0.170
 229          0.274
 230          0.280
 231          0.279
 232          0.110
 233          0.047
 234          0.048
 235          0.112
 236          0.108
 237          0.084
 238          0.120
 239          0.161
 240          0.164
 241          0.109
 242          0.121
 243          0.202
 244          0.205
 245          0.084
 246          0.079
 247          0.096
 248          0.054
 249          0.073
 250          0.085
 251          0.095
 252          0.081
 253          0.099
 254          0.087
 255          0.094
 256          0.079
 257          0.070
 258          0.032
 259          0.052
 260          0.052
 261          0.097
 262          0.153
 263          0.112
 264          0.135
 265          0.029
 266          0.063
 267          0.061
 268          0.050
 269          0.056
 270          0.079
 271          0.113
 272          0.133
 273          0.070
 274          0.088
 275          0.060
 276          0.070
 277          0.049
 278          0.110
 279          0.104
 280          0.140
 281          0.107
 282          0.031
 283          0.033
 284          0.016
 285          0.019
 286          0.042
 287          0.042
 288          0.057
 289          0.094
 290          0.047
 291          0.051
 292          0.041
 293          0.055
 294          0.057
 295          0.130
 296          0.193
 297          0.131
 298          0.060
 299          0.103
 300          0.113
 301          0.074
 302          0.078
 303          0.047
 304          0.065
 305          0.068
 306          0.095
 307          0.060
 308          0.066
 309          0.067
 310          0.094
 311          0.093
 312          0.105
 313          0.150
 314          0.116
 315          0.038
 316          0.041
 317          0.012
 318          0.050
 319          0.092
 320          0.102
 321          0.099
 322          0.099
 323          0.145
 324          0.150
 325          0.192
 326          0.117
 327          0.028
 328          0.040
 329          0.041
 330          0.061
 331          0.077
 332          0.075
 333          0.062
 334          0.059
 335          0.027
 336          0.048
 337          0.063
 338          0.037
 339          0.044
 340          0.077
 341          0.057
 342          0.067
 343          0.078
 344          0.046
 345          0.057
 346          0.051
 347          0.086
 348          0.097
 349          0.097
 350          0.095
 351          0.096
 352          0.058
 353          0.214
 354          0.122
 355          0.063
 356          0.053
 357          0.044
 358          0.073
 359          0.073
 360          0.038
 361          0.076
 362          0.100
 363          0.165
 364          0.192
 365          0.134
 366          0.134
 367          0.135
 368          0.126
 369          0.067
 370          0.072
 371          0.069
 372          0.067
 373          0.090
 374          0.113
 375          0.060
 376          0.065
 377          0.088
 378          0.095
 379          0.075
 380          0.061
 381          0.082
 382          0.050
 383          0.055
 384          0.092
 385          0.289
 386          0.259
 387          0.088
 388          0.055
 389          0.049
 390          0.039
 391          0.054
 392          0.086
 393          0.159
 394          0.177
 395          0.247
 396          0.193
 397          0.133
 398          0.077
 399          0.092
 400          0.085
 401          0.102
 402          0.033
 403          0.076
 404          0.046
 405          0.037
 406          0.027
 407          0.039
 408          0.049
 409          0.070
 410          0.064
 411          0.081
 412          0.065
 413          0.058
 414          0.059
 415          0.037
 416          0.049
 417          0.052
 418          0.082
 419          0.069
 420          0.102
 421          0.159
 422          0.202
 423          0.216
 424          0.198
 425          0.163
 426          0.076
 427          0.071
 428          0.091
 429          0.089
 430          0.155
 431          0.150
 432          0.075
 433          0.093
 434          0.045
 435          0.047
 436          0.101
 437          0.095
 438          0.176
 439          0.176
 440          0.151
 441          0.174
 442          0.206
 443          0.131
 444          0.041
 445          0.107
 446          0.093
 447          0.056
 448          0.046
 449          0.034
 450          0.029
 451          0.057
 452          0.060
 453          0.033
 454          0.026
 455          0.059
 456          0.055
 457          0.052
 458          0.071
 459          0.149
 460          0.254
 461          0.226
 462          0.122
 463          0.069
 464          0.064
 465          0.093
 466          0.107
 467          0.247
 468          0.315
 469          0.076
 470          0.158
 471          0.078
 472          0.032
 473          0.049
 474          0.056
 475          0.187
 476          0.108
 477          0.128
 478          0.078
 479          0.062
 480          0.083
 481          0.075
 482          0.127
 483          0.060
 484          0.049
 485          0.030
 486          0.034
 487          0.086

# Average distance: 0.094 nm
