# Atom index    Distance (nm)
   1          0.098
   2          0.086
   3          0.088
   4          0.052
   5          0.105
   6          0.098
   7          0.049
   8          0.006
   9          0.074
  10          0.055
  11          0.053
  12          0.088
  13          0.080
  14          0.055
  15          0.052
  16          0.042
  17          0.040
  18          0.069
  19          0.073
  20          0.125
  21          0.099
  22          0.075
  23          0.121
  24          0.110
  25          0.168
  26          0.155
  27          0.118
  28          0.084
  29          0.089
  30          0.074
  31          0.060
  32          0.145
  33          0.130
  34          0.128
  35          0.146
  36          0.144
  37          0.105
  38          0.069
  39          0.055
  40          0.041
  41          0.086
  42          0.143
  43          0.116
  44          0.067
  45          0.085
  46          0.060
  47          0.204
  48          0.303
  49          0.205
  50          0.129
  51          0.116
  52          0.101
  53          0.069
  54          0.094
  55          0.117
  56          0.102
  57          0.086
  58          0.077
  59          0.093
  60          0.110
  61          0.109
  62          0.098
  63          0.104
  64          0.113
  65          0.117
  66          0.150
  67          0.316
  68          0.444
  69          0.292
  70          0.327
  71          0.140
  72          0.127
  73          0.098
  74          0.099
  75          0.053
  76          0.064
  77          0.058
  78          0.084
  79          0.099
  80          0.118
  81          0.222
  82          0.118
  83          0.058
  84          0.150
  85          0.053
  86          0.097
  87          0.089
  88          0.096
  89          0.072
  90          0.067
  91          0.118
  92          0.056
  93          0.039
  94          0.068
  95          0.039
  96          0.065
  97          0.069
  98          0.086
  99          0.085
 100          0.082
 101          0.012
 102          0.090
 103          0.028
 104          0.079
 105          0.096
 106          0.063
 107          0.081
 108          0.111
 109          0.109
 110          0.094
 111          0.142
 112          0.148
 113          0.155
 114          0.193
 115          0.142
 116          0.159
 117          0.102
 118          0.160
 119          0.094
 120          0.085
 121          0.028
 122          0.082
 123          0.117
 124          0.063
 125          0.049
 126          0.068
 127          0.124
 128          0.087
 129          0.053
 130          0.042
 131          0.071
 132          0.108
 133          0.083
 134          0.052
 135          0.051
 136          0.077
 137          0.058
 138          0.050
 139          0.053
 140          0.061
 141          0.124
 142          0.142
 143          0.079
 144          0.121
 145          0.081
 146          0.047
 147          0.027
 148          0.034
 149          0.037
 150          0.064
 151          0.155
 152          0.123
 153          0.081
 154          0.075
 155          0.057
 156          0.075
 157          0.038
 158          0.050
 159          0.028
 160          0.055
 161          0.070
 162          0.091
 163          0.080
 164          0.088
 165          0.068
 166          0.093
 167          0.057
 168          0.046
 169          0.018
 170          0.048
 171          0.048
 172          0.041
 173          0.054
 174          0.079
 175          0.083
 176          0.077
 177          0.100
 178          0.062
 179          0.017
 180          0.049
 181          0.058
 182          0.123
 183          0.081
 184          0.040
 185          0.047
 186          0.028
 187          0.038
 188          0.037
 189          0.056
 190          0.049
 191          0.049
 192          0.072
 193          0.074
 194          0.113
 195          0.029
 196          0.043
 197          0.048
 198          0.055
 199          0.107
 200          0.057
 201          0.069
 202          0.141
 203          0.061
 204          0.055
 205          0.022
 206          0.045
 207          0.047
 208          0.057
 209          0.055
 210          0.086
 211          0.020
 212          0.075
 213          0.050
 214          0.080
 215          0.034
 216          0.031
 217          0.045
 218          0.055
 219          0.071
 220          0.035
 221          0.069
 222          0.049
 223          0.048
 224          0.042
 225          0.075
 226          0.093
 227          0.071
 228          0.056
 229          0.088
 230          0.105
 231          0.056
 232          0.069
 233          0.047
 234          0.071
 235          0.027
 236          0.102
 237          0.113
 238          0.123
 239          0.111
 240          0.096
 241          0.062
 242          0.036
 243          0.096
 244          0.063
 245          0.106
 246          0.068
 247          0.063
 248          0.046
 249          0.127
 250          0.115
 251          0.109
 252          0.086
 253          0.056
 254          0.071
 255          0.057
 256          0.076
 257          0.044
 258          0.045
 259          0.016
 260          0.068
 261          0.111
 262          0.067
 263          0.043
 264          0.059
 265          0.038
 266          0.051
 267          0.047
 268          0.029
 269          0.037
 270          0.039
 271          0.081
 272          0.118
 273          0.058
 274          0.081
 275          0.062
 276          0.038
 277          0.039
 278          0.066
 279          0.078
 280          0.113
 281          0.073
 282          0.037
 283          0.024
 284          0.016
 285          0.010
 286          0.037
 287          0.047
 288          0.086
 289          0.102
 290          0.109
 291          0.058
 292          0.073
 293          0.090
 294          0.114
 295          0.145
 296          0.149
 297          0.139
 298          0.148
 299          0.051
 300          0.084
 301          0.082
 302          0.027
 303          0.072
 304          0.078
 305          0.086
 306          0.044
 307          0.076
 308          0.019
 309          0.037
 310          0.036
 311          0.031
 312          0.076
 313          0.105
 314          0.134
 315          0.097
 316          0.014
 317          0.022
 318          0.064
 319          0.042
 320          0.062
 321          0.051
 322          0.064
 323          0.064
 324          0.054
 325          0.153
 326          0.167
 327          0.073
 328          0.048
 329          0.049
 330          0.042
 331          0.120
 332          0.099
 333          0.094
 334          0.031
 335          0.019
 336          0.023
 337          0.063
 338          0.027
 339          0.045
 340          0.063
 341          0.137
 342          0.102
 343          0.102
 344          0.088
 345          0.108
 346          0.143
 347          0.151
 348          0.111
 349          0.119
 350          0.117
 351          0.095
 352          0.086
 353          0.124
 354          0.125
 355          0.081
 356          0.060
 357          0.066
 358          0.083
 359          0.103
 360          0.202
 361          0.104
 362          0.133
 363          0.138
 364          0.141
 365          0.102
 366          0.118
 367          0.117
 368          0.106
 369          0.073
 370          0.072
 371          0.068
 372          0.025
 373          0.031
 374          0.031
 375          0.038
 376          0.080
 377          0.071
 378          0.077
 379          0.058
 380          0.051
 381          0.048
 382          0.088
 383          0.111
 384          0.167
 385          0.088
 386          0.061
 387          0.087
 388          0.083
 389          0.092
 390          0.092
 391          0.078
 392          0.108
 393          0.113
 394          0.126
 395          0.114
 396          0.049
 397          0.059
 398          0.072
 399          0.097
 400          0.089
 401          0.074
 402          0.083
 403          0.094
 404          0.101
 405          0.065
 406          0.049
 407          0.054
 408          0.067
 409          0.116
 410          0.108
 411          0.110
 412          0.072
 413          0.095
 414          0.063
 415          0.067
 416          0.037
 417          0.071
 418          0.087
 419          0.045
 420          0.047
 421          0.103
 422          0.193
 423          0.219
 424          0.138
 425          0.116
 426          0.045
 427          0.018
 428          0.046
 429          0.039
 430          0.045
 431          0.084
 432          0.093
 433          0.071
 434          0.061
 435          0.077
 436          0.084
 437          0.054
 438          0.140
 439          0.136
 440          0.148
 441          0.120
 442          0.110
 443          0.078
 444          0.082
 445          0.096
 446          0.065
 447          0.082
 448          0.053
 449          0.054
 450          0.050
 451          0.073
 452          0.127
 453          0.073
 454          0.063
 455          0.040
 456          0.027
 457          0.027
 458          0.085
 459          0.083
 460          0.078
 461          0.056
 462          0.053
 463          0.067
 464          0.082
 465          0.076
 466          0.069
 467          0.110
 468          0.189
 469          0.104
 470          0.138
 471          0.047
 472          0.095
 473          0.051
 474          0.091
 475          0.095
 476          0.102
 477          0.107
 478          0.076
 479          0.110
 480          0.204
 481          0.280
 482          0.267
 483          0.117
 484          0.100
 485          0.089
 486          0.085
 487          0.066

# Average distance: 0.084 nm
