# Atom index    Distance (nm)
   1          0.124
   2          0.157
   3          0.155
   4          0.124
   5          0.106
   6          0.074
   7          0.076
   8          0.061
   9          0.053
  10          0.054
  11          0.080
  12          0.052
  13          0.036
  14          0.025
  15          0.040
  16          0.040
  17          0.033
  18          0.057
  19          0.022
  20          0.084
  21          0.097
  22          0.164
  23          0.225
  24          0.208
  25          0.113
  26          0.067
  27          0.019
  28          0.108
  29          0.142
  30          0.133
  31          0.110
  32          0.137
  33          0.083
  34          0.026
  35          0.027
  36          0.058
  37          0.031
  38          0.021
  39          0.050
  40          0.048
  41          0.052
  42          0.055
  43          0.131
  44          0.126
  45          0.093
  46          0.083
  47          0.098
  48          0.191
  49          0.171
  50          0.102
  51          0.105
  52          0.164
  53          0.125
  54          0.138
  55          0.089
  56          0.037
  57          0.050
  58          0.047
  59          0.117
  60          0.083
  61          0.048
  62          0.037
  63          0.074
  64          0.077
  65          0.090
  66          0.128
  67          0.207
  68          0.252
  69          0.307
  70          0.257
  71          0.254
  72          0.179
  73          0.100
  74          0.052
  75          0.060
  76          0.033
  77          0.092
  78          0.162
  79          0.154
  80          0.159
  81          0.197
  82          0.221
  83          0.155
  84          0.171
  85          0.132
  86          0.175
  87          0.163
  88          0.192
  89          0.170
  90          0.065
  91          0.155
  92          0.168
  93          0.180
  94          0.095
  95          0.141
  96          0.152
  97          0.146
  98          0.167
  99          0.154
 100          0.221
 101          0.223
 102          0.192
 103          0.177
 104          0.153
 105          0.135
 106          0.105
 107          0.106
 108          0.091
 109          0.072
 110          0.094
 111          0.094
 112          0.101
 113          0.089
 114          0.113
 115          0.132
 116          0.123
 117          0.107
 118          0.126
 119          0.081
 120          0.075
 121          0.069
 122          0.102
 123          0.109
 124          0.097
 125          0.076
 126          0.070
 127          0.096
 128          0.133
 129          0.081
 130          0.028
 131          0.074
 132          0.076
 133          0.084
 134          0.095
 135          0.059
 136          0.097
 137          0.097
 138          0.074
 139          0.064
 140          0.055
 141          0.059
 142          0.079
 143          0.058
 144          0.054
 145          0.068
 146          0.049
 147          0.031
 148          0.026
 149          0.125
 150          0.244
 151          0.216
 152          0.226
 153          0.277
 154          0.216
 155          0.196
 156          0.234
 157          0.069
 158          0.080
 159          0.072
 160          0.042
 161          0.036
 162          0.031
 163          0.077
 164          0.073
 165          0.067
 166          0.072
 167          0.066
 168          0.062
 169          0.056
 170          0.034
 171          0.041
 172          0.041
 173          0.058
 174          0.103
 175          0.054
 176          0.045
 177          0.089
 178          0.055
 179          0.084
 180          0.092
 181          0.089
 182          0.075
 183          0.058
 184          0.100
 185          0.095
 186          0.112
 187          0.115
 188          0.114
 189          0.127
 190          0.109
 191          0.124
 192          0.161
 193          0.097
 194          0.115
 195          0.105
 196          0.101
 197          0.069
 198          0.068
 199          0.050
 200          0.029
 201          0.042
 202          0.078
 203          0.108
 204          0.120
 205          0.112
 206          0.116
 207          0.128
 208          0.119
 209          0.095
 210          0.071
 211          0.122
 212          0.070
 213          0.160
 214          0.041
 215          0.070
 216          0.159
 217          0.126
 218          0.111
 219          0.123
 220          0.110
 221          0.114
 222          0.116
 223          0.138
 224          0.130
 225          0.142
 226          0.122
 227          0.165
 228          0.184
 229          0.195
 230          0.212
 231          0.199
 232          0.224
 233          0.215
 234          0.200
 235          0.110
 236          0.011
 237          0.102
 238          0.075
 239          0.138
 240          0.105
 241          0.107
 242          0.211
 243          0.307
 244          0.258
 245          0.178
 246          0.127
 247          0.137
 248          0.060
 249          0.056
 250          0.045
 251          0.057
 252          0.071
 253          0.100
 254          0.132
 255          0.100
 256          0.068
 257          0.051
 258          0.019
 259          0.056
 260          0.087
 261          0.100
 262          0.134
 263          0.110
 264          0.090
 265          0.041
 266          0.023
 267          0.064
 268          0.042
 269          0.031
 270          0.026
 271          0.023
 272          0.051
 273          0.047
 274          0.023
 275          0.024
 276          0.053
 277          0.022
 278          0.034
 279          0.050
 280          0.134
 281          0.168
 282          0.136
 283          0.072
 284          0.067
 285          0.046
 286          0.017
 287          0.021
 288          0.049
 289          0.074
 290          0.056
 291          0.059
 292          0.028
 293          0.051
 294          0.033
 295          0.106
 296          0.119
 297          0.082
 298          0.027
 299          0.064
 300          0.059
 301          0.074
 302          0.115
 303          0.074
 304          0.116
 305          0.108
 306          0.136
 307          0.111
 308          0.092
 309          0.053
 310          0.088
 311          0.088
 312          0.074
 313          0.089
 314          0.098
 315          0.059
 316          0.117
 317          0.043
 318          0.040
 319          0.049
 320          0.105
 321          0.104
 322          0.084
 323          0.263
 324          0.235
 325          0.268
 326          0.172
 327          0.150
 328          0.093
 329          0.083
 330          0.040
 331          0.022
 332          0.069
 333          0.125
 334          0.148
 335          0.149
 336          0.189
 337          0.083
 338          0.154
 339          0.166
 340          0.143
 341          0.054
 342          0.061
 343          0.058
 344          0.083
 345          0.107
 346          0.078
 347          0.117
 348          0.107
 349          0.058
 350          0.103
 351          0.117
 352          0.108
 353          0.122
 354          0.215
 355          0.121
 356          0.057
 357          0.055
 358          0.076
 359          0.098
 360          0.127
 361          0.130
 362          0.153
 363          0.124
 364          0.116
 365          0.112
 366          0.146
 367          0.089
 368          0.106
 369          0.134
 370          0.103
 371          0.096
 372          0.081
 373          0.088
 374          0.056
 375          0.047
 376          0.051
 377          0.066
 378          0.072
 379          0.081
 380          0.083
 381          0.065
 382          0.065
 383          0.065
 384          0.192
 385          0.140
 386          0.188
 387          0.059
 388          0.067
 389          0.060
 390          0.115
 391          0.110
 392          0.178
 393          0.168
 394          0.254
 395          0.281
 396          0.188
 397          0.090
 398          0.063
 399          0.074
 400          0.070
 401          0.059
 402          0.030
 403          0.073
 404          0.081
 405          0.090
 406          0.088
 407          0.072
 408          0.060
 409          0.099
 410          0.086
 411          0.103
 412          0.104
 413          0.161
 414          0.120
 415          0.129
 416          0.115
 417          0.096
 418          0.118
 419          0.102
 420          0.118
 421          0.147
 422          0.311
 423          0.217
 424          0.201
 425          0.088
 426          0.082
 427          0.072
 428          0.071
 429          0.080
 430          0.049
 431          0.185
 432          0.156
 433          0.162
 434          0.029
 435          0.073
 436          0.100
 437          0.119
 438          0.166
 439          0.159
 440          0.172
 441          0.150
 442          0.160
 443          0.090
 444          0.113
 445          0.057
 446          0.049
 447          0.036
 448          0.044
 449          0.102
 450          0.107
 451          0.106
 452          0.105
 453          0.099
 454          0.068
 455          0.081
 456          0.050
 457          0.060
 458          0.071
 459          0.010
 460          0.137
 461          0.156
 462          0.075
 463          0.057
 464          0.088
 465          0.082
 466          0.088
 467          0.059
 468          0.063
 469          0.028
 470          0.047
 471          0.027
 472          0.017
 473          0.071
 474          0.089
 475          0.131
 476          0.041
 477          0.148
 478          0.170
 479          0.181
 480          0.226
 481          0.295
 482          0.237
 483          0.131
 484          0.119
 485          0.059
 486          0.050
 487          0.099

# Average distance: 0.104 nm
