# Atom index    Distance (nm)
   1          0.278
   2          0.227
   3          0.269
   4          0.195
   5          0.176
   6          0.149
   7          0.136
   8          0.108
   9          0.098
  10          0.055
  11          0.076
  12          0.043
  13          0.053
  14          0.131
  15          0.136
  16          0.106
  17          0.095
  18          0.100
  19          0.126
  20          0.158
  21          0.257
  22          0.392
  23          0.324
  24          0.357
  25          0.333
  26          0.211
  27          0.184
  28          0.124
  29          0.085
  30          0.133
  31          0.136
  32          0.199
  33          0.208
  34          0.225
  35          0.237
  36          0.296
  37          0.239
  38          0.099
  39          0.075
  40          0.109
  41          0.125
  42          0.128
  43          0.190
  44          0.153
  45          0.208
  46          0.180
  47          0.160
  48          0.128
  49          0.079
  50          0.069
  51          0.276
  52          0.358
  53          0.318
  54          0.158
  55          0.203
  56          0.186
  57          0.182
  58          0.185
  59          0.263
  60          0.297
  61          0.280
  62          0.253
  63          0.193
  64          0.205
  65          0.241
  66          0.252
  67          0.175
  68          0.271
  69          0.258
  70          0.366
  71          0.345
  72          0.314
  73          0.324
  74          0.287
  75          0.377
  76          0.354
  77          0.355
  78          0.313
  79          0.277
  80          0.357
  81          0.345
  82          0.312
  83          0.263
  84          0.239
  85          0.181
  86          0.154
  87          0.131
  88          0.126
  89          0.124
  90          0.167
  91          0.181
  92          0.159
  93          0.178
  94          0.192
  95          0.188
  96          0.173
  97          0.177
  98          0.201
  99          0.242
 100          0.173
 101          0.236
 102          0.344
 103          0.337
 104          0.254
 105          0.193
 106          0.184
 107          0.138
 108          0.125
 109          0.089
 110          0.045
 111          0.112
 112          0.119
 113          0.062
 114          0.132
 115          0.177
 116          0.240
 117          0.252
 118          0.294
 119          0.284
 120          0.231
 121          0.199
 122          0.183
 123          0.159
 124          0.190
 125          0.137
 126          0.061
 127          0.068
 128          0.115
 129          0.106
 130          0.095
 131          0.156
 132          0.080
 133          0.072
 134          0.068
 135          0.099
 136          0.070
 137          0.088
 138          0.124
 139          0.125
 140          0.141
 141          0.207
 142          0.084
 143          0.087
 144          0.192
 145          0.149
 146          0.156
 147          0.169
 148          0.152
 149          0.175
 150          0.168
 151          0.171
 152          0.128
 153          0.196
 154          0.162
 155          0.166
 156          0.141
 157          0.163
 158          0.156
 159          0.152
 160          0.081
 161          0.117
 162          0.115
 163          0.110
 164          0.095
 165          0.056
 166          0.069
 167          0.049
 168          0.073
 169          0.072
 170          0.109
 171          0.065
 172          0.086
 173          0.110
 174          0.113
 175          0.176
 176          0.163
 177          0.285
 178          0.250
 179          0.134
 180          0.114
 181          0.074
 182          0.058
 183          0.114
 184          0.100
 185          0.083
 186          0.078
 187          0.102
 188          0.111
 189          0.100
 190          0.071
 191          0.051
 192          0.039
 193          0.088
 194          0.032
 195          0.102
 196          0.118
 197          0.088
 198          0.177
 199          0.060
 200          0.065
 201          0.085
 202          0.073
 203          0.054
 204          0.077
 205          0.084
 206          0.122
 207          0.145
 208          0.116
 209          0.060
 210          0.070
 211          0.047
 212          0.076
 213          0.106
 214          0.097
 215          0.101
 216          0.068
 217          0.073
 218          0.092
 219          0.100
 220          0.140
 221          0.120
 222          0.092
 223          0.080
 224          0.066
 225          0.081
 226          0.083
 227          0.069
 228          0.076
 229          0.114
 230          0.208
 231          0.093
 232          0.065
 233          0.093
 234          0.131
 235          0.080
 236          0.083
 237          0.114
 238          0.094
 239          0.029
 240          0.027
 241          0.049
 242          0.074
 243          0.081
 244          0.068
 245          0.091
 246          0.104
 247          0.116
 248          0.109
 249          0.111
 250          0.087
 251          0.115
 252          0.068
 253          0.069
 254          0.146
 255          0.161
 256          0.097
 257          0.038
 258          0.033
 259          0.015
 260          0.024
 261          0.024
 262          0.012
 263          0.103
 264          0.111
 265          0.126
 266          0.076
 267          0.043
 268          0.025
 269          0.054
 270          0.032
 271          0.048
 272          0.084
 273          0.145
 274          0.124
 275          0.071
 276          0.079
 277          0.088
 278          0.118
 279          0.103
 280          0.093
 281          0.070
 282          0.061
 283          0.063
 284          0.045
 285          0.017
 286          0.048
 287          0.032
 288          0.030
 289          0.069
 290          0.059
 291          0.120
 292          0.170
 293          0.334
 294          0.482
 295          0.616
 296          0.550
 297          0.432
 298          0.329
 299          0.181
 300          0.075
 301          0.057
 302          0.041
 303          0.062
 304          0.091
 305          0.102
 306          0.151
 307          0.112
 308          0.123
 309          0.101
 310          0.155
 311          0.168
 312          0.215
 313          0.245
 314          0.216
 315          0.280
 316          0.126
 317          0.128
 318          0.114
 319          0.090
 320          0.135
 321          0.138
 322          0.175
 323          0.200
 324          0.188
 325          0.143
 326          0.171
 327          0.148
 328          0.148
 329          0.164
 330          0.156
 331          0.136
 332          0.112
 333          0.140
 334          0.125
 335          0.165
 336          0.117
 337          0.118
 338          0.126
 339          0.133
 340          0.152
 341          0.194
 342          0.185
 343          0.149
 344          0.136
 345          0.172
 346          0.221
 347          0.165
 348          0.205
 349          0.193
 350          0.185
 351          0.159
 352          0.140
 353          0.145
 354          0.185
 355          0.146
 356          0.150
 357          0.164
 358          0.216
 359          0.142
 360          0.109
 361          0.206
 362          0.299
 363          0.287
 364          0.263
 365          0.238
 366          0.305
 367          0.256
 368          0.248
 369          0.252
 370          0.086
 371          0.035
 372          0.023
 373          0.057
 374          0.079
 375          0.060
 376          0.114
 377          0.100
 378          0.109
 379          0.102
 380          0.090
 381          0.096
 382          0.099
 383          0.138
 384          0.197
 385          0.180
 386          0.266
 387          0.218
 388          0.133
 389          0.117
 390          0.113
 391          0.127
 392          0.269
 393          0.316
 394          0.370
 395          0.364
 396          0.287
 397          0.111
 398          0.065
 399          0.098
 400          0.107
 401          0.086
 402          0.085
 403          0.171
 404          0.048
 405          0.113
 406          0.112
 407          0.116
 408          0.088
 409          0.083
 410          0.093
 411          0.073
 412          0.089
 413          0.159
 414          0.155
 415          0.114
 416          0.086
 417          0.077
 418          0.110
 419          0.086
 420          0.104
 421          0.119
 422          0.172
 423          0.173
 424          0.181
 425          0.110
 426          0.086
 427          0.048
 428          0.072
 429          0.105
 430          0.240
 431          0.088
 432          0.105
 433          0.147
 434          0.111
 435          0.083
 436          0.060
 437          0.064
 438          0.127
 439          0.116
 440          0.188
 441          0.160
 442          0.136
 443          0.146
 444          0.129
 445          0.083
 446          0.134
 447          0.146
 448          0.143
 449          0.131
 450          0.148
 451          0.177
 452          0.233
 453          0.161
 454          0.151
 455          0.122
 456          0.096
 457          0.142
 458          0.130
 459          0.134
 460          0.192
 461          0.242
 462          0.136
 463          0.132
 464          0.099
 465          0.143
 466          0.192
 467          0.302
 468          0.332
 469          0.238
 470          0.147
 471          0.102
 472          0.110
 473          0.093
 474          0.109
 475          0.184
 476          0.141
 477          0.102
 478          0.089
 479          0.146
 480          0.171
 481          0.162
 482          0.177
 483          0.164
 484          0.143
 485          0.103
 486          0.112
 487          0.075

# Average distance: 0.147 nm
