# Atom index    Distance (nm)
   1          0.195
   2          0.053
   3          0.115
   4          0.124
   5          0.149
   6          0.161
   7          0.102
   8          0.072
   9          0.055
  10          0.045
  11          0.021
  12          0.024
  13          0.179
  14          0.166
  15          0.091
  16          0.051
  17          0.047
  18          0.046
  19          0.032
  20          0.067
  21          0.072
  22          0.218
  23          0.125
  24          0.140
  25          0.103
  26          0.070
  27          0.072
  28          0.087
  29          0.073
  30          0.070
  31          0.018
  32          0.026
  33          0.025
  34          0.052
  35          0.061
  36          0.088
  37          0.073
  38          0.067
  39          0.054
  40          0.045
  41          0.063
  42          0.056
  43          0.048
  44          0.082
  45          0.118
  46          0.152
  47          0.166
  48          0.180
  49          0.179
  50          0.175
  51          0.123
  52          0.110
  53          0.056
  54          0.061
  55          0.021
  56          0.072
  57          0.080
  58          0.056
  59          0.094
  60          0.103
  61          0.117
  62          0.036
  63          0.029
  64          0.054
  65          0.055
  66          0.042
  67          0.132
  68          0.198
  69          0.146
  70          0.140
  71          0.093
  72          0.025
  73          0.031
  74          0.056
  75          0.050
  76          0.032
  77          0.059
  78          0.115
  79          0.081
  80          0.118
  81          0.109
  82          0.126
  83          0.089
  84          0.094
  85          0.075
  86          0.062
  87          0.133
  88          0.116
  89          0.079
  90          0.076
  91          0.091
  92          0.084
  93          0.056
  94          0.072
  95          0.052
  96          0.058
  97          0.079
  98          0.060
  99          0.072
 100          0.107
 101          0.175
 102          0.154
 103          0.128
 104          0.079
 105          0.057
 106          0.049
 107          0.054
 108          0.015
 109          0.037
 110          0.075
 111          0.081
 112          0.042
 113          0.052
 114          0.049
 115          0.068
 116          0.119
 117          0.088
 118          0.112
 119          0.126
 120          0.101
 121          0.144
 122          0.158
 123          0.152
 124          0.047
 125          0.065
 126          0.081
 127          0.045
 128          0.049
 129          0.018
 130          0.022
 131          0.034
 132          0.044
 133          0.062
 134          0.064
 135          0.042
 136          0.069
 137          0.030
 138          0.052
 139          0.040
 140          0.066
 141          0.115
 142          0.084
 143          0.098
 144          0.074
 145          0.060
 146          0.067
 147          0.078
 148          0.081
 149          0.138
 150          0.223
 151          0.292
 152          0.143
 153          0.130
 154          0.101
 155          0.114
 156          0.109
 157          0.098
 158          0.092
 159          0.087
 160          0.051
 161          0.016
 162          0.025
 163          0.087
 164          0.055
 165          0.057
 166          0.036
 167          0.036
 168          0.029
 169          0.039
 170          0.030
 171          0.019
 172          0.056
 173          0.047
 174          0.024
 175          0.037
 176          0.111
 177          0.080
 178          0.094
 179          0.071
 180          0.033
 181          0.086
 182          0.135
 183          0.129
 184          0.085
 185          0.150
 186          0.124
 187          0.102
 188          0.106
 189          0.121
 190          0.124
 191          0.123
 192          0.103
 193          0.110
 194          0.129
 195          0.119
 196          0.103
 197          0.115
 198          0.129
 199          0.155
 200          0.172
 201          0.220
 202          0.145
 203          0.124
 204          0.137
 205          0.099
 206          0.095
 207          0.054
 208          0.062
 209          0.104
 210          0.117
 211          0.067
 212          0.056
 213          0.076
 214          0.100
 215          0.083
 216          0.102
 217          0.064
 218          0.118
 219          0.059
 220          0.022
 221          0.049
 222          0.086
 223          0.086
 224          0.060
 225          0.074
 226          0.129
 227          0.146
 228          0.203
 229          0.127
 230          0.124
 231          0.149
 232          0.160
 233          0.151
 234          0.090
 235          0.136
 236          0.100
 237          0.100
 238          0.200
 239          0.194
 240          0.140
 241          0.154
 242          0.104
 243          0.191
 244          0.162
 245          0.143
 246          0.124
 247          0.132
 248          0.074
 249          0.052
 250          0.073
 251          0.063
 252          0.062
 253          0.041
 254          0.043
 255          0.034
 256          0.035
 257          0.032
 258          0.047
 259          0.128
 260          0.095
 261          0.156
 262          0.165
 263          0.151
 264          0.137
 265          0.127
 266          0.087
 267          0.080
 268          0.062
 269          0.057
 270          0.046
 271          0.054
 272          0.055
 273          0.039
 274          0.027
 275          0.025
 276          0.005
 277          0.021
 278          0.012
 279          0.052
 280          0.104
 281          0.028
 282          0.037
 283          0.046
 284          0.051
 285          0.054
 286          0.041
 287          0.049
 288          0.035
 289          0.087
 290          0.080
 291          0.053
 292          0.062
 293          0.044
 294          0.077
 295          0.084
 296          0.058
 297          0.051
 298          0.108
 299          0.077
 300          0.038
 301          0.029
 302          0.041
 303          0.065
 304          0.057
 305          0.053
 306          0.049
 307          0.012
 308          0.027
 309          0.033
 310          0.035
 311          0.037
 312          0.022
 313          0.085
 314          0.056
 315          0.070
 316          0.062
 317          0.059
 318          0.046
 319          0.051
 320          0.051
 321          0.039
 322          0.042
 323          0.094
 324          0.033
 325          0.098
 326          0.123
 327          0.100
 328          0.092
 329          0.092
 330          0.093
 331          0.111
 332          0.060
 333          0.073
 334          0.055
 335          0.108
 336          0.063
 337          0.082
 338          0.047
 339          0.046
 340          0.032
 341          0.046
 342          0.082
 343          0.068
 344          0.075
 345          0.106
 346          0.068
 347          0.065
 348          0.077
 349          0.060
 350          0.079
 351          0.100
 352          0.065
 353          0.081
 354          0.121
 355          0.096
 356          0.102
 357          0.101
 358          0.104
 359          0.143
 360          0.109
 361          0.110
 362          0.107
 363          0.140
 364          0.073
 365          0.071
 366          0.125
 367          0.118
 368          0.093
 369          0.096
 370          0.102
 371          0.091
 372          0.121
 373          0.081
 374          0.048
 375          0.068
 376          0.029
 377          0.056
 378          0.082
 379          0.036
 380          0.030
 381          0.020
 382          0.039
 383          0.023
 384          0.077
 385          0.064
 386          0.093
 387          0.067
 388          0.054
 389          0.026
 390          0.082
 391          0.071
 392          0.121
 393          0.168
 394          0.162
 395          0.125
 396          0.198
 397          0.035
 398          0.027
 399          0.025
 400          0.034
 401          0.040
 402          0.032
 403          0.044
 404          0.026
 405          0.040
 406          0.080
 407          0.076
 408          0.054
 409          0.051
 410          0.051
 411          0.067
 412          0.059
 413          0.044
 414          0.086
 415          0.079
 416          0.092
 417          0.079
 418          0.056
 419          0.030
 420          0.052
 421          0.107
 422          0.144
 423          0.100
 424          0.146
 425          0.063
 426          0.075
 427          0.058
 428          0.049
 429          0.046
 430          0.146
 431          0.245
 432          0.191
 433          0.138
 434          0.052
 435          0.037
 436          0.040
 437          0.036
 438          0.084
 439          0.085
 440          0.084
 441          0.078
 442          0.073
 443          0.101
 444          0.081
 445          0.106
 446          0.084
 447          0.066
 448          0.079
 449          0.058
 450          0.065
 451          0.058
 452          0.063
 453          0.046
 454          0.052
 455          0.041
 456          0.044
 457          0.052
 458          0.111
 459          0.191
 460          0.247
 461          0.229
 462          0.156
 463          0.054
 464          0.029
 465          0.021
 466          0.052
 467          0.076
 468          0.131
 469          0.133
 470          0.077
 471          0.022
 472          0.036
 473          0.038
 474          0.048
 475          0.065
 476          0.085
 477          0.062
 478          0.041
 479          0.047
 480          0.028
 481          0.025
 482          0.049
 483          0.035
 484          0.054
 485          0.053
 486          0.072
 487          0.051

# Average distance: 0.082 nm
