# Atom index    Distance (nm)
   1          0.113
   2          0.127
   3          0.113
   4          0.085
   5          0.136
   6          0.137
   7          0.117
   8          0.085
   9          0.079
  10          0.105
  11          0.127
  12          0.124
  13          0.108
  14          0.128
  15          0.060
  16          0.126
  17          0.116
  18          0.136
  19          0.147
  20          0.253
  21          0.238
  22          0.242
  23          0.169
  24          0.170
  25          0.166
  26          0.165
  27          0.165
  28          0.156
  29          0.155
  30          0.136
  31          0.112
  32          0.103
  33          0.074
  34          0.070
  35          0.088
  36          0.118
  37          0.123
  38          0.112
  39          0.117
  40          0.096
  41          0.100
  42          0.124
  43          0.119
  44          0.145
  45          0.163
  46          0.127
  47          0.108
  48          0.206
  49          0.174
  50          0.027
  51          0.152
  52          0.128
  53          0.136
  54          0.121
  55          0.110
  56          0.145
  57          0.058
  58          0.144
  59          0.173
  60          0.154
  61          0.171
  62          0.113
  63          0.140
  64          0.104
  65          0.096
  66          0.089
  67          0.104
  68          0.119
  69          0.144
  70          0.158
  71          0.153
  72          0.085
  73          0.130
  74          0.095
  75          0.166
  76          0.154
  77          0.215
  78          0.200
  79          0.129
  80          0.126
  81          0.072
  82          0.034
  83          0.092
  84          0.068
  85          0.059
  86          0.105
  87          0.102
  88          0.125
  89          0.145
  90          0.190
  91          0.272
  92          0.269
  93          0.275
  94          0.141
  95          0.099
  96          0.076
  97          0.076
  98          0.101
  99          0.072
 100          0.045
 101          0.072
 102          0.084
 103          0.083
 104          0.110
 105          0.105
 106          0.072
 107          0.086
 108          0.125
 109          0.108
 110          0.145
 111          0.188
 112          0.219
 113          0.132
 114          0.107
 115          0.144
 116          0.210
 117          0.206
 118          0.220
 119          0.211
 120          0.196
 121          0.270
 122          0.212
 123          0.132
 124          0.116
 125          0.131
 126          0.097
 127          0.109
 128          0.063
 129          0.103
 130          0.080
 131          0.064
 132          0.065
 133          0.099
 134          0.079
 135          0.049
 136          0.061
 137          0.053
 138          0.050
 139          0.053
 140          0.068
 141          0.089
 142          0.109
 143          0.092
 144          0.055
 145          0.046
 146          0.035
 147          0.035
 148          0.034
 149          0.034
 150          0.051
 151          0.079
 152          0.067
 153          0.085
 154          0.104
 155          0.050
 156          0.082
 157          0.096
 158          0.039
 159          0.005
 160          0.041
 161          0.041
 162          0.082
 163          0.064
 164          0.040
 165          0.034
 166          0.024
 167          0.028
 168          0.050
 169          0.045
 170          0.043
 171          0.048
 172          0.046
 173          0.052
 174          0.103
 175          0.039
 176          0.017
 177          0.067
 178          0.126
 179          0.044
 180          0.053
 181          0.079
 182          0.073
 183          0.081
 184          0.028
 185          0.062
 186          0.046
 187          0.074
 188          0.034
 189          0.062
 190          0.058
 191          0.071
 192          0.103
 193          0.106
 194          0.030
 195          0.051
 196          0.046
 197          0.043
 198          0.037
 199          0.053
 200          0.099
 201          0.027
 202          0.070
 203          0.065
 204          0.062
 205          0.060
 206          0.037
 207          0.028
 208          0.043
 209          0.052
 210          0.048
 211          0.061
 212          0.075
 213          0.069
 214          0.079
 215          0.091
 216          0.048
 217          0.074
 218          0.027
 219          0.030
 220          0.056
 221          0.112
 222          0.098
 223          0.061
 224          0.029
 225          0.033
 226          0.055
 227          0.030
 228          0.028
 229          0.052
 230          0.049
 231          0.090
 232          0.021
 233          0.078
 234          0.064
 235          0.062
 236          0.054
 237          0.049
 238          0.115
 239          0.045
 240          0.026
 241          0.044
 242          0.016
 243          0.033
 244          0.022
 245          0.037
 246          0.029
 247          0.034
 248          0.045
 249          0.033
 250          0.055
 251          0.090
 252          0.091
 253          0.048
 254          0.052
 255          0.047
 256          0.021
 257          0.035
 258          0.036
 259          0.062
 260          0.062
 261          0.084
 262          0.121
 263          0.122
 264          0.079
 265          0.078
 266          0.052
 267          0.063
 268          0.083
 269          0.082
 270          0.059
 271          0.043
 272          0.103
 273          0.099
 274          0.143
 275          0.084
 276          0.059
 277          0.121
 278          0.150
 279          0.110
 280          0.140
 281          0.103
 282          0.076
 283          0.057
 284          0.052
 285          0.084
 286          0.084
 287          0.059
 288          0.051
 289          0.042
 290          0.052
 291          0.058
 292          0.079
 293          0.056
 294          0.100
 295          0.145
 296          0.070
 297          0.101
 298          0.082
 299          0.085
 300          0.087
 301          0.028
 302          0.050
 303          0.062
 304          0.084
 305          0.064
 306          0.053
 307          0.045
 308          0.060
 309          0.036
 310          0.091
 311          0.095
 312          0.135
 313          0.170
 314          0.177
 315          0.111
 316          0.110
 317          0.086
 318          0.127
 319          0.071
 320          0.058
 321          0.056
 322          0.042
 323          0.128
 324          0.115
 325          0.120
 326          0.079
 327          0.115
 328          0.096
 329          0.077
 330          0.094
 331          0.048
 332          0.044
 333          0.060
 334          0.067
 335          0.041
 336          0.045
 337          0.063
 338          0.055
 339          0.031
 340          0.082
 341          0.086
 342          0.067
 343          0.025
 344          0.057
 345          0.063
 346          0.061
 347          0.033
 348          0.032
 349          0.069
 350          0.045
 351          0.101
 352          0.135
 353          0.168
 354          0.154
 355          0.107
 356          0.093
 357          0.073
 358          0.070
 359          0.077
 360          0.062
 361          0.014
 362          0.065
 363          0.080
 364          0.031
 365          0.089
 366          0.078
 367          0.077
 368          0.058
 369          0.069
 370          0.062
 371          0.047
 372          0.058
 373          0.063
 374          0.023
 375          0.032
 376          0.026
 377          0.050
 378          0.078
 379          0.065
 380          0.080
 381          0.065
 382          0.052
 383          0.059
 384          0.136
 385          0.054
 386          0.112
 387          0.127
 388          0.104
 389          0.094
 390          0.108
 391          0.086
 392          0.259
 393          0.418
 394          0.401
 395          0.237
 396          0.260
 397          0.078
 398          0.090
 399          0.103
 400          0.119
 401          0.111
 402          0.121
 403          0.133
 404          0.166
 405          0.073
 406          0.084
 407          0.095
 408          0.065
 409          0.097
 410          0.063
 411          0.035
 412          0.031
 413          0.146
 414          0.272
 415          0.261
 416          0.111
 417          0.043
 418          0.096
 419          0.109
 420          0.101
 421          0.146
 422          0.167
 423          0.224
 424          0.237
 425          0.147
 426          0.084
 427          0.093
 428          0.101
 429          0.099
 430          0.205
 431          0.173
 432          0.118
 433          0.106
 434          0.080
 435          0.080
 436          0.100
 437          0.099
 438          0.064
 439          0.066
 440          0.068
 441          0.069
 442          0.070
 443          0.078
 444          0.091
 445          0.061
 446          0.082
 447          0.105
 448          0.038
 449          0.084
 450          0.084
 451          0.114
 452          0.213
 453          0.115
 454          0.064
 455          0.062
 456          0.065
 457          0.086
 458          0.077
 459          0.038
 460          0.057
 461          0.123
 462          0.085
 463          0.066
 464          0.081
 465          0.073
 466          0.066
 467          0.095
 468          0.248
 469          0.244
 470          0.115
 471          0.080
 472          0.088
 473          0.088
 474          0.098
 475          0.088
 476          0.100
 477          0.107
 478          0.046
 479          0.023
 480          0.005
 481          0.106
 482          0.148
 483          0.133
 484          0.125
 485          0.098
 486          0.094
 487          0.100

# Average distance: 0.094 nm
