# Atom index    Distance (nm)
   1          0.348
   2          0.309
   3          0.234
   4          0.205
   5          0.155
   6          0.088
   7          0.072
   8          0.059
   9          0.037
  10          0.060
  11          0.082
  12          0.100
  13          0.148
  14          0.128
  15          0.145
  16          0.146
  17          0.060
  18          0.032
  19          0.012
  20          0.086
  21          0.141
  22          0.114
  23          0.136
  24          0.151
  25          0.094
  26          0.104
  27          0.103
  28          0.090
  29          0.119
  30          0.191
  31          0.130
  32          0.041
  33          0.034
  34          0.057
  35          0.121
  36          0.117
  37          0.108
  38          0.100
  39          0.071
  40          0.040
  41          0.043
  42          0.067
  43          0.173
  44          0.202
  45          0.248
  46          0.415
  47          0.442
  48          0.604
  49          0.677
  50          0.747
  51          0.415
  52          0.308
  53          0.187
  54          0.157
  55          0.144
  56          0.068
  57          0.050
  58          0.083
  59          0.116
  60          0.137
  61          0.105
  62          0.071
  63          0.094
  64          0.063
  65          0.042
  66          0.111
  67          0.174
  68          0.217
  69          0.253
  70          0.224
  71          0.153
  72          0.083
  73          0.079
  74          0.066
  75          0.062
  76          0.056
  77          0.061
  78          0.088
  79          0.118
  80          0.169
  81          0.172
  82          0.145
  83          0.124
  84          0.155
  85          0.186
  86          0.218
  87          0.174
  88          0.195
  89          0.289
  90          0.366
  91          0.400
  92          0.313
  93          0.251
  94          0.214
  95          0.221
  96          0.157
  97          0.144
  98          0.204
  99          0.200
 100          0.234
 101          0.262
 102          0.254
 103          0.277
 104          0.257
 105          0.195
 106          0.131
 107          0.140
 108          0.138
 109          0.183
 110          0.192
 111          0.187
 112          0.174
 113          0.163
 114          0.177
 115          0.170
 116          0.243
 117          0.299
 118          0.408
 119          0.470
 120          0.428
 121          0.530
 122          0.436
 123          0.381
 124          0.219
 125          0.187
 126          0.083
 127          0.067
 128          0.085
 129          0.061
 130          0.064
 131          0.075
 132          0.108
 133          0.145
 134          0.096
 135          0.110
 136          0.106
 137          0.123
 138          0.106
 139          0.089
 140          0.111
 141          0.166
 142          0.151
 143          0.127
 144          0.164
 145          0.155
 146          0.128
 147          0.116
 148          0.107
 149          0.095
 150          0.139
 151          0.190
 152          0.197
 153          0.182
 154          0.173
 155          0.143
 156          0.078
 157          0.090
 158          0.108
 159          0.127
 160          0.136
 161          0.127
 162          0.100
 163          0.045
 164          0.111
 165          0.073
 166          0.090
 167          0.110
 168          0.137
 169          0.093
 170          0.060
 171          0.045
 172          0.072
 173          0.048
 174          0.046
 175          0.106
 176          0.114
 177          0.087
 178          0.054
 179          0.069
 180          0.043
 181          0.103
 182          0.134
 183          0.130
 184          0.032
 185          0.029
 186          0.067
 187          0.101
 188          0.086
 189          0.096
 190          0.067
 191          0.066
 192          0.101
 193          0.068
 194          0.115
 195          0.033
 196          0.029
 197          0.064
 198          0.186
 199          0.166
 200          0.115
 201          0.079
 202          0.087
 203          0.086
 204          0.073
 205          0.102
 206          0.080
 207          0.074
 208          0.040
 209          0.093
 210          0.086
 211          0.137
 212          0.154
 213          0.188
 214          0.145
 215          0.121
 216          0.106
 217          0.098
 218          0.088
 219          0.045
 220          0.043
 221          0.061
 222          0.106
 223          0.111
 224          0.081
 225          0.086
 226          0.073
 227          0.086
 228          0.078
 229          0.088
 230          0.072
 231          0.093
 232          0.110
 233          0.099
 234          0.147
 235          0.117
 236          0.096
 237          0.175
 238          0.224
 239          0.187
 240          0.152
 241          0.186
 242          0.161
 243          0.262
 244          0.222
 245          0.159
 246          0.147
 247          0.117
 248          0.135
 249          0.136
 250          0.125
 251          0.121
 252          0.128
 253          0.119
 254          0.129
 255          0.141
 256          0.091
 257          0.112
 258          0.095
 259          0.097
 260          0.128
 261          0.098
 262          0.106
 263          0.123
 264          0.056
 265          0.061
 266          0.052
 267          0.069
 268          0.120
 269          0.123
 270          0.066
 271          0.054
 272          0.088
 273          0.123
 274          0.115
 275          0.133
 276          0.090
 277          0.077
 278          0.171
 279          0.198
 280          0.181
 281          0.091
 282          0.125
 283          0.114
 284          0.101
 285          0.105
 286          0.119
 287          0.106
 288          0.105
 289          0.092
 290          0.042
 291          0.080
 292          0.101
 293          0.228
 294          0.090
 295          0.466
 296          0.590
 297          0.427
 298          0.291
 299          0.145
 300          0.048
 301          0.118
 302          0.091
 303          0.095
 304          0.183
 305          0.128
 306          0.155
 307          0.146
 308          0.145
 309          0.133
 310          0.174
 311          0.206
 312          0.199
 313          0.196
 314          0.171
 315          0.217
 316          0.143
 317          0.139
 318          0.155
 319          0.165
 320          0.196
 321          0.229
 322          0.216
 323          0.220
 324          0.191
 325          0.217
 326          0.222
 327          0.252
 328          0.117
 329          0.100
 330          0.082
 331          0.123
 332          0.124
 333          0.198
 334          0.248
 335          0.200
 336          0.157
 337          0.080
 338          0.069
 339          0.075
 340          0.052
 341          0.072
 342          0.078
 343          0.110
 344          0.276
 345          0.285
 346          0.240
 347          0.174
 348          0.128
 349          0.101
 350          0.105
 351          0.143
 352          0.143
 353          0.165
 354          0.140
 355          0.144
 356          0.105
 357          0.139
 358          0.120
 359          0.092
 360          0.140
 361          0.128
 362          0.124
 363          0.132
 364          0.121
 365          0.153
 366          0.128
 367          0.088
 368          0.108
 369          0.130
 370          0.062
 371          0.013
 372          0.070
 373          0.116
 374          0.142
 375          0.092
 376          0.120
 377          0.107
 378          0.136
 379          0.106
 380          0.077
 381          0.120
 382          0.073
 383          0.117
 384          0.160
 385          0.157
 386          0.157
 387          0.138
 388          0.086
 389          0.087
 390          0.098
 391          0.109
 392          0.057
 393          0.075
 394          0.156
 395          0.196
 396          0.109
 397          0.123
 398          0.137
 399          0.138
 400          0.129
 401          0.181
 402          0.090
 403          0.091
 404          0.036
 405          0.007
 406          0.067
 407          0.066
 408          0.082
 409          0.145
 410          0.105
 411          0.144
 412          0.107
 413          0.164
 414          0.045
 415          0.032
 416          0.087
 417          0.082
 418          0.114
 419          0.130
 420          0.146
 421          0.205
 422          0.359
 423          0.283
 424          0.292
 425          0.188
 426          0.156
 427          0.121
 428          0.120
 429          0.110
 430          0.254
 431          0.332
 432          0.189
 433          0.139
 434          0.141
 435          0.103
 436          0.146
 437          0.180
 438          0.183
 439          0.122
 440          0.125
 441          0.180
 442          0.149
 443          0.090
 444          0.078
 445          0.068
 446          0.092
 447          0.077
 448          0.076
 449          0.029
 450          0.034
 451          0.040
 452          0.097
 453          0.056
 454          0.054
 455          0.085
 456          0.082
 457          0.060
 458          0.064
 459          0.112
 460          0.102
 461          0.227
 462          0.043
 463          0.066
 464          0.037
 465          0.038
 466          0.071
 467          0.062
 468          0.171
 469          0.133
 470          0.177
 471          0.057
 472          0.077
 473          0.060
 474          0.078
 475          0.095
 476          0.054
 477          0.119
 478          0.131
 479          0.139
 480          0.179
 481          0.273
 482          0.232
 483          0.087
 484          0.080
 485          0.050
 486          0.053
 487          0.079

# Average distance: 0.138 nm
