# Atom index    Distance (nm)
   1          0.266
   2          0.163
   3          0.093
   4          0.112
   5          0.114
   6          0.131
   7          0.087
   8          0.065
   9          0.096
  10          0.011
  11          0.025
  12          0.032
  13          0.042
  14          0.106
  15          0.082
  16          0.017
  17          0.036
  18          0.034
  19          0.043
  20          0.080
  21          0.072
  22          0.075
  23          0.085
  24          0.055
  25          0.085
  26          0.093
  27          0.079
  28          0.031
  29          0.046
  30          0.038
  31          0.027
  32          0.075
  33          0.098
  34          0.101
  35          0.141
  36          0.136
  37          0.066
  38          0.087
  39          0.065
  40          0.066
  41          0.116
  42          0.121
  43          0.116
  44          0.108
  45          0.164
  46          0.188
  47          0.118
  48          0.249
  49          0.223
  50          0.202
  51          0.156
  52          0.095
  53          0.058
  54          0.053
  55          0.066
  56          0.051
  57          0.089
  58          0.100
  59          0.111
  60          0.117
  61          0.139
  62          0.108
  63          0.081
  64          0.079
  65          0.128
  66          0.191
  67          0.194
  68          0.224
  69          0.302
  70          0.254
  71          0.213
  72          0.179
  73          0.153
  74          0.130
  75          0.178
  76          0.196
  77          0.228
  78          0.181
  79          0.109
  80          0.133
  81          0.141
  82          0.125
  83          0.126
  84          0.108
  85          0.088
  86          0.135
  87          0.175
  88          0.146
  89          0.177
  90          0.166
  91          0.142
  92          0.124
  93          0.114
  94          0.116
  95          0.111
  96          0.114
  97          0.123
  98          0.150
  99          0.164
 100          0.157
 101          0.243
 102          0.245
 103          0.233
 104          0.227
 105          0.174
 106          0.152
 107          0.142
 108          0.101
 109          0.084
 110          0.072
 111          0.116
 112          0.145
 113          0.095
 114          0.161
 115          0.172
 116          0.189
 117          0.193
 118          0.203
 119          0.233
 120          0.194
 121          0.247
 122          0.172
 123          0.175
 124          0.140
 125          0.109
 126          0.084
 127          0.074
 128          0.069
 129          0.100
 130          0.097
 131          0.098
 132          0.113
 133          0.073
 134          0.086
 135          0.038
 136          0.059
 137          0.102
 138          0.092
 139          0.072
 140          0.080
 141          0.097
 142          0.074
 143          0.106
 144          0.109
 145          0.125
 146          0.094
 147          0.065
 148          0.032
 149          0.038
 150          0.020
 151          0.028
 152          0.017
 153          0.042
 154          0.009
 155          0.046
 156          0.038
 157          0.051
 158          0.075
 159          0.102
 160          0.138
 161          0.128
 162          0.149
 163          0.137
 164          0.114
 165          0.020
 166          0.029
 167          0.035
 168          0.029
 169          0.063
 170          0.087
 171          0.090
 172          0.058
 173          0.033
 174          0.057
 175          0.070
 176          0.085
 177          0.140
 178          0.118
 179          0.083
 180          0.056
 181          0.041
 182          0.037
 183          0.024
 184          0.050
 185          0.061
 186          0.046
 187          0.030
 188          0.042
 189          0.038
 190          0.041
 191          0.051
 192          0.028
 193          0.046
 194          0.029
 195          0.062
 196          0.066
 197          0.067
 198          0.110
 199          0.119
 200          0.095
 201          0.116
 202          0.092
 203          0.060
 204          0.068
 205          0.089
 206          0.065
 207          0.127
 208          0.103
 209          0.094
 210          0.074
 211          0.100
 212          0.103
 213          0.105
 214          0.152
 215          0.111
 216          0.103
 217          0.105
 218          0.087
 219          0.089
 220          0.081
 221          0.143
 222          0.174
 223          0.097
 224          0.123
 225          0.115
 226          0.098
 227          0.081
 228          0.099
 229          0.161
 230          0.271
 231          0.240
 232          0.167
 233          0.086
 234          0.042
 235          0.052
 236          0.131
 237          0.417
 238          0.316
 239          0.117
 240          0.115
 241          0.132
 242          0.134
 243          0.162
 244          0.156
 245          0.117
 246          0.162
 247          0.159
 248          0.132
 249          0.134
 250          0.080
 251          0.079
 252          0.078
 253          0.090
 254          0.074
 255          0.061
 256          0.046
 257          0.038
 258          0.034
 259          0.050
 260          0.074
 261          0.060
 262          0.104
 263          0.062
 264          0.032
 265          0.073
 266          0.070
 267          0.068
 268          0.082
 269          0.109
 270          0.228
 271          0.381
 272          0.274
 273          0.053
 274          0.096
 275          0.147
 276          0.185
 277          0.127
 278          0.146
 279          0.144
 280          0.134
 281          0.111
 282          0.057
 283          0.062
 284          0.058
 285          0.048
 286          0.070
 287          0.038
 288          0.019
 289          0.025
 290          0.038
 291          0.009
 292          0.004
 293          0.037
 294          0.108
 295          0.155
 296          0.101
 297          0.095
 298          0.052
 299          0.023
 300          0.062
 301          0.042
 302          0.024
 303          0.036
 304          0.057
 305          0.058
 306          0.072
 307          0.060
 308          0.056
 309          0.056
 310          0.082
 311          0.084
 312          0.105
 313          0.142
 314          0.108
 315          0.078
 316          0.080
 317          0.082
 318          0.067
 319          0.037
 320          0.043
 321          0.058
 322          0.092
 323          0.175
 324          0.177
 325          0.111
 326          0.108
 327          0.120
 328          0.056
 329          0.049
 330          0.026
 331          0.094
 332          0.073
 333          0.124
 334          0.137
 335          0.144
 336          0.104
 337          0.111
 338          0.117
 339          0.095
 340          0.116
 341          0.085
 342          0.126
 343          0.104
 344          0.094
 345          0.074
 346          0.077
 347          0.075
 348          0.077
 349          0.080
 350          0.089
 351          0.138
 352          0.161
 353          0.121
 354          0.194
 355          0.126
 356          0.140
 357          0.133
 358          0.140
 359          0.153
 360          0.029
 361          0.053
 362          0.069
 363          0.077
 364          0.093
 365          0.083
 366          0.129
 367          0.156
 368          0.122
 369          0.132
 370          0.108
 371          0.104
 372          0.052
 373          0.044
 374          0.049
 375          0.055
 376          0.037
 377          0.010
 378          0.032
 379          0.033
 380          0.062
 381          0.066
 382          0.071
 383          0.097
 384          0.088
 385          0.114
 386          0.130
 387          0.114
 388          0.044
 389          0.049
 390          0.084
 391          0.094
 392          0.160
 393          0.338
 394          0.299
 395          0.299
 396          0.216
 397          0.160
 398          0.114
 399          0.106
 400          0.099
 401          0.073
 402          0.090
 403          0.081
 404          0.050
 405          0.069
 406          0.092
 407          0.081
 408          0.070
 409          0.062
 410          0.061
 411          0.076
 412          0.030
 413          0.085
 414          0.112
 415          0.090
 416          0.071
 417          0.048
 418          0.086
 419          0.043
 420          0.128
 421          0.091
 422          0.125
 423          0.207
 424          0.153
 425          0.134
 426          0.109
 427          0.053
 428          0.086
 429          0.079
 430          0.095
 431          0.155
 432          0.066
 433          0.075
 434          0.092
 435          0.110
 436          0.101
 437          0.135
 438          0.197
 439          0.177
 440          0.170
 441          0.131
 442          0.087
 443          0.072
 444          0.077
 445          0.052
 446          0.030
 447          0.037
 448          0.038
 449          0.037
 450          0.045
 451          0.040
 452          0.066
 453          0.060
 454          0.038
 455          0.045
 456          0.047
 457          0.050
 458          0.039
 459          0.079
 460          0.136
 461          0.104
 462          0.042
 463          0.060
 464          0.066
 465          0.061
 466          0.120
 467          0.157
 468          0.276
 469          0.251
 470          0.258
 471          0.172
 472          0.087
 473          0.070
 474          0.109
 475          0.125
 476          0.111
 477          0.124
 478          0.097
 479          0.118
 480          0.104
 481          0.063
 482          0.101
 483          0.113
 484          0.058
 485          0.054
 486          0.048
 487          0.063

# Average distance: 0.103 nm
