# Atom index    Distance (nm)
   1          0.045
   2          0.037
   3          0.070
   4          0.080
   5          0.050
   6          0.070
   7          0.016
   8          0.020
   9          0.047
  10          0.069
  11          0.065
  12          0.063
  13          0.054
  14          0.136
  15          0.111
  16          0.072
  17          0.051
  18          0.057
  19          0.058
  20          0.082
  21          0.119
  22          0.123
  23          0.127
  24          0.122
  25          0.067
  26          0.086
  27          0.102
  28          0.099
  29          0.130
  30          0.109
  31          0.038
  32          0.039
  33          0.031
  34          0.036
  35          0.018
  36          0.042
  37          0.056
  38          0.062
  39          0.054
  40          0.021
  41          0.050
  42          0.066
  43          0.059
  44          0.041
  45          0.090
  46          0.144
  47          0.311
  48          0.345
  49          0.343
  50          0.342
  51          0.249
  52          0.223
  53          0.071
  54          0.054
  55          0.052
  56          0.041
  57          0.035
  58          0.025
  59          0.049
  60          0.028
  61          0.043
  62          0.057
  63          0.054
  64          0.069
  65          0.098
  66          0.113
  67          0.126
  68          0.172
  69          0.128
  70          0.068
  71          0.057
  72          0.083
  73          0.094
  74          0.073
  75          0.075
  76          0.083
  77          0.087
  78          0.129
  79          0.146
  80          0.193
  81          0.187
  82          0.150
  83          0.115
  84          0.078
  85          0.054
  86          0.067
  87          0.138
  88          0.098
  89          0.091
  90          0.085
  91          0.124
  92          0.157
  93          0.118
  94          0.067
  95          0.104
  96          0.069
  97          0.060
  98          0.042
  99          0.065
 100          0.077
 101          0.102
 102          0.065
 103          0.098
 104          0.081
 105          0.044
 106          0.039
 107          0.033
 108          0.048
 109          0.040
 110          0.088
 111          0.045
 112          0.048
 113          0.083
 114          0.059
 115          0.040
 116          0.070
 117          0.046
 118          0.129
 119          0.027
 120          0.038
 121          0.082
 122          0.177
 123          0.174
 124          0.066
 125          0.089
 126          0.060
 127          0.057
 128          0.058
 129          0.041
 130          0.024
 131          0.054
 132          0.070
 133          0.061
 134          0.051
 135          0.051
 136          0.050
 137          0.019
 138          0.019
 139          0.057
 140          0.093
 141          0.192
 142          0.087
 143          0.072
 144          0.139
 145          0.084
 146          0.052
 147          0.037
 148          0.041
 149          0.026
 150          0.024
 151          0.027
 152          0.057
 153          0.087
 154          0.105
 155          0.039
 156          0.038
 157          0.061
 158          0.052
 159          0.008
 160          0.059
 161          0.113
 162          0.119
 163          0.101
 164          0.043
 165          0.059
 166          0.055
 167          0.025
 168          0.019
 169          0.016
 170          0.042
 171          0.085
 172          0.078
 173          0.040
 174          0.031
 175          0.049
 176          0.063
 177          0.082
 178          0.058
 179          0.064
 180          0.043
 181          0.113
 182          0.119
 183          0.116
 184          0.082
 185          0.093
 186          0.034
 187          0.082
 188          0.056
 189          0.049
 190          0.022
 191          0.029
 192          0.107
 193          0.055
 194          0.053
 195          0.042
 196          0.020
 197          0.072
 198          0.050
 199          0.044
 200          0.084
 201          0.048
 202          0.097
 203          0.080
 204          0.074
 205          0.114
 206          0.074
 207          0.035
 208          0.076
 209          0.086
 210          0.099
 211          0.105
 212          0.106
 213          0.018
 214          0.082
 215          0.079
 216          0.071
 217          0.051
 218          0.054
 219          0.066
 220          0.066
 221          0.082
 222          0.081
 223          0.055
 224          0.022
 225          0.041
 226          0.097
 227          0.064
 228          0.072
 229          0.140
 230          0.116
 231          0.076
 232          0.048
 233          0.044
 234          0.062
 235          0.046
 236          0.094
 237          0.385
 238          0.413
 239          0.172
 240          0.374
 241          0.246
 242          0.056
 243          0.085
 244          0.101
 245          0.108
 246          0.089
 247          0.090
 248          0.051
 249          0.086
 250          0.033
 251          0.013
 252          0.054
 253          0.046
 254          0.052
 255          0.084
 256          0.067
 257          0.096
 258          0.051
 259          0.045
 260          0.080
 261          0.078
 262          0.063
 263          0.057
 264          0.083
 265          0.075
 266          0.066
 267          0.084
 268          0.076
 269          0.089
 270          0.113
 271          0.118
 272          0.142
 273          0.155
 274          0.146
 275          0.104
 276          0.128
 277          0.092
 278          0.085
 279          0.077
 280          0.140
 281          0.154
 282          0.132
 283          0.113
 284          0.019
 285          0.025
 286          0.049
 287          0.047
 288          0.067
 289          0.109
 290          0.177
 291          0.169
 292          0.092
 293          0.088
 294          0.082
 295          0.185
 296          0.368
 297          0.263
 298          0.204
 299          0.168
 300          0.140
 301          0.100
 302          0.104
 303          0.081
 304          0.049
 305          0.164
 306          0.210
 307          0.189
 308          0.134
 309          0.089
 310          0.117
 311          0.148
 312          0.188
 313          0.308
 314          0.340
 315          0.237
 316          0.171
 317          0.078
 318          0.086
 319          0.097
 320          0.165
 321          0.188
 322          0.212
 323          0.208
 324          0.249
 325          0.274
 326          0.234
 327          0.193
 328          0.172
 329          0.172
 330          0.101
 331          0.088
 332          0.098
 333          0.087
 334          0.029
 335          0.055
 336          0.072
 337          0.084
 338          0.062
 339          0.035
 340          0.032
 341          0.067
 342          0.098
 343          0.114
 344          0.110
 345          0.062
 346          0.055
 347          0.057
 348          0.042
 349          0.091
 350          0.122
 351          0.143
 352          0.158
 353          0.222
 354          0.174
 355          0.117
 356          0.125
 357          0.106
 358          0.107
 359          0.080
 360          0.121
 361          0.117
 362          0.117
 363          0.133
 364          0.086
 365          0.090
 366          0.137
 367          0.096
 368          0.058
 369          0.046
 370          0.072
 371          0.039
 372          0.028
 373          0.074
 374          0.090
 375          0.103
 376          0.059
 377          0.054
 378          0.079
 379          0.029
 380          0.062
 381          0.059
 382          0.061
 383          0.081
 384          0.105
 385          0.082
 386          0.027
 387          0.063
 388          0.043
 389          0.051
 390          0.041
 391          0.042
 392          0.045
 393          0.060
 394          0.063
 395          0.114
 396          0.059
 397          0.022
 398          0.009
 399          0.014
 400          0.037
 401          0.089
 402          0.040
 403          0.035
 404          0.068
 405          0.042
 406          0.033
 407          0.034
 408          0.015
 409          0.025
 410          0.013
 411          0.019
 412          0.044
 413          0.082
 414          0.163
 415          0.099
 416          0.068
 417          0.045
 418          0.018
 419          0.017
 420          0.026
 421          0.023
 422          0.086
 423          0.078
 424          0.053
 425          0.062
 426          0.065
 427          0.063
 428          0.078
 429          0.101
 430          0.338
 431          0.258
 432          0.214
 433          0.088
 434          0.056
 435          0.053
 436          0.019
 437          0.091
 438          0.107
 439          0.042
 440          0.057
 441          0.058
 442          0.047
 443          0.038
 444          0.025
 445          0.023
 446          0.031
 447          0.057
 448          0.055
 449          0.092
 450          0.083
 451          0.084
 452          0.102
 453          0.095
 454          0.073
 455          0.031
 456          0.035
 457          0.036
 458          0.040
 459          0.052
 460          0.070
 461          0.087
 462          0.022
 463          0.034
 464          0.038
 465          0.047
 466          0.064
 467          0.130
 468          0.066
 469          0.089
 470          0.125
 471          0.069
 472          0.060
 473          0.069
 474          0.050
 475          0.083
 476          0.083
 477          0.060
 478          0.131
 479          0.067
 480          0.102
 481          0.081
 482          0.045
 483          0.043
 484          0.041
 485          0.078
 486          0.090
 487          0.118

# Average distance: 0.087 nm
