# Atom index    Distance (nm)
   1          0.710
   2          0.071
   3          0.075
   4          0.145
   5          0.083
   6          0.043
   7          0.053
   8          0.032
   9          0.046
  10          0.055
  11          0.067
  12          0.058
  13          0.094
  14          0.130
  15          0.093
  16          0.095
  17          0.104
  18          0.117
  19          0.169
  20          0.166
  21          0.124
  22          0.149
  23          0.185
  24          0.167
  25          0.110
  26          0.106
  27          0.116
  28          0.088
  29          0.102
  30          0.145
  31          0.204
  32          0.233
  33          0.147
  34          0.068
  35          0.022
  36          0.132
  37          0.142
  38          0.077
  39          0.052
  40          0.036
  41          0.066
  42          0.048
  43          0.172
  44          0.116
  45          0.286
  46          0.276
  47          0.356
  48          0.510
  49          0.595
  50          0.640
  51          0.552
  52          0.494
  53          0.252
  54          0.228
  55          0.169
  56          0.053
  57          0.141
  58          0.081
  59          0.074
  60          0.073
  61          0.081
  62          0.081
  63          0.078
  64          0.083
  65          0.083
  66          0.096
  67          0.096
  68          0.127
  69          0.078
  70          0.034
  71          0.070
  72          0.098
  73          0.088
  74          0.122
  75          0.113
  76          0.118
  77          0.140
  78          0.197
  79          0.206
  80          0.166
  81          0.166
  82          0.167
  83          0.138
  84          0.143
  85          0.136
  86          0.211
  87          0.221
  88          0.108
  89          0.033
  90          0.031
  91          0.103
  92          0.052
  93          0.041
  94          0.060
  95          0.100
  96          0.115
  97          0.107
  98          0.137
  99          0.134
 100          0.110
 101          0.115
 102          0.124
 103          0.136
 104          0.138
 105          0.106
 106          0.066
 107          0.070
 108          0.091
 109          0.151
 110          0.143
 111          0.164
 112          0.162
 113          0.078
 114          0.060
 115          0.093
 116          0.127
 117          0.107
 118          0.071
 119          0.140
 120          0.094
 121          0.114
 122          0.138
 123          0.097
 124          0.084
 125          0.045
 126          0.031
 127          0.058
 128          0.044
 129          0.033
 130          0.052
 131          0.040
 132          0.126
 133          0.077
 134          0.059
 135          0.049
 136          0.085
 137          0.070
 138          0.093
 139          0.065
 140          0.035
 141          0.091
 142          0.166
 143          0.061
 144          0.065
 145          0.038
 146          0.047
 147          0.042
 148          0.040
 149          0.033
 150          0.035
 151          0.040
 152          0.078
 153          0.123
 154          0.138
 155          0.105
 156          0.082
 157          0.068
 158          0.045
 159          0.055
 160          0.072
 161          0.060
 162          0.057
 163          0.076
 164          0.087
 165          0.055
 166          0.032
 167          0.041
 168          0.032
 169          0.050
 170          0.033
 171          0.033
 172          0.033
 173          0.037
 174          0.032
 175          0.028
 176          0.127
 177          0.164
 178          0.090
 179          0.077
 180          0.053
 181          0.057
 182          0.064
 183          0.035
 184          0.059
 185          0.047
 186          0.073
 187          0.123
 188          0.056
 189          0.075
 190          0.109
 191          0.135
 192          0.178
 193          0.150
 194          0.127
 195          0.100
 196          0.061
 197          0.057
 198          0.073
 199          0.129
 200          0.126
 201          0.195
 202          0.133
 203          0.150
 204          0.126
 205          0.129
 206          0.100
 207          0.116
 208          0.128
 209          0.130
 210          0.140
 211          0.218
 212          0.250
 213          0.198
 214          0.123
 215          0.108
 216          0.127
 217          0.128
 218          0.127
 219          0.127
 220          0.173
 221          0.187
 222          0.173
 223          0.106
 224          0.149
 225          0.149
 226          0.105
 227          0.086
 228          0.057
 229          0.063
 230          0.081
 231          0.025
 232          0.096
 233          0.095
 234          0.081
 235          0.119
 236          0.164
 237          0.162
 238          0.082
 239          0.143
 240          0.143
 241          0.201
 242          0.213
 243          0.330
 244          0.284
 245          0.266
 246          0.204
 247          0.086
 248          0.071
 249          0.038
 250          0.012
 251          0.008
 252          0.081
 253          0.094
 254          0.090
 255          0.099
 256          0.068
 257          0.081
 258          0.100
 259          0.120
 260          0.153
 261          0.190
 262          0.187
 263          0.132
 264          0.195
 265          0.126
 266          0.091
 267          0.106
 268          0.071
 269          0.062
 270          0.196
 271          0.241
 272          0.084
 273          0.054
 274          0.055
 275          0.082
 276          0.098
 277          0.119
 278          0.129
 279          0.119
 280          0.112
 281          0.085
 282          0.076
 283          0.072
 284          0.063
 285          0.021
 286          0.027
 287          0.053
 288          0.079
 289          0.088
 290          0.097
 291          0.107
 292          0.040
 293          0.083
 294          0.058
 295          0.145
 296          0.282
 297          0.164
 298          0.122
 299          0.120
 300          0.120
 301          0.047
 302          0.055
 303          0.061
 304          0.101
 305          0.086
 306          0.074
 307          0.055
 308          0.040
 309          0.048
 310          0.081
 311          0.054
 312          0.118
 313          0.113
 314          0.094
 315          0.053
 316          0.067
 317          0.067
 318          0.042
 319          0.124
 320          0.141
 321          0.084
 322          0.090
 323          0.078
 324          0.077
 325          0.075
 326          0.110
 327          0.089
 328          0.117
 329          0.098
 330          0.099
 331          0.133
 332          0.082
 333          0.088
 334          0.062
 335          0.064
 336          0.084
 337          0.044
 338          0.037
 339          0.062
 340          0.113
 341          0.084
 342          0.107
 343          0.082
 344          0.074
 345          0.070
 346          0.110
 347          0.119
 348          0.127
 349          0.106
 350          0.115
 351          0.119
 352          0.160
 353          0.187
 354          0.170
 355          0.107
 356          0.096
 357          0.099
 358          0.135
 359          0.139
 360          0.110
 361          0.130
 362          0.143
 363          0.207
 364          0.184
 365          0.234
 366          0.320
 367          0.240
 368          0.140
 369          0.058
 370          0.134
 371          0.141
 372          0.105
 373          0.094
 374          0.063
 375          0.069
 376          0.032
 377          0.053
 378          0.061
 379          0.109
 380          0.073
 381          0.082
 382          0.073
 383          0.068
 384          0.153
 385          0.133
 386          0.128
 387          0.098
 388          0.087
 389          0.090
 390          0.096
 391          0.093
 392          0.108
 393          0.119
 394          0.096
 395          0.104
 396          0.176
 397          0.158
 398          0.137
 399          0.146
 400          0.118
 401          0.161
 402          0.147
 403          0.096
 404          0.063
 405          0.084
 406          0.062
 407          0.077
 408          0.113
 409          0.100
 410          0.035
 411          0.074
 412          0.072
 413          0.090
 414          0.059
 415          0.072
 416          0.081
 417          0.028
 418          0.048
 419          0.093
 420          0.168
 421          0.255
 422          0.375
 423          0.313
 424          0.291
 425          0.217
 426          0.165
 427          0.163
 428          0.203
 429          0.202
 430          0.156
 431          0.253
 432          0.258
 433          0.177
 434          0.152
 435          0.157
 436          0.178
 437          0.157
 438          0.237
 439          0.167
 440          0.161
 441          0.093
 442          0.061
 443          0.081
 444          0.039
 445          0.020
 446          0.047
 447          0.045
 448          0.057
 449          0.087
 450          0.029
 451          0.079
 452          0.139
 453          0.109
 454          0.081
 455          0.072
 456          0.065
 457          0.047
 458          0.050
 459          0.041
 460          0.112
 461          0.131
 462          0.121
 463          0.112
 464          0.079
 465          0.093
 466          0.097
 467          0.196
 468          0.216
 469          0.165
 470          0.120
 471          0.123
 472          0.145
 473          0.152
 474          0.087
 475          0.142
 476          0.143
 477          0.156
 478          0.158
 479          0.141
 480          0.132
 481          0.099
 482          0.092
 483          0.071
 484          0.123
 485          0.103
 486          0.087
 487          0.084

# Average distance: 0.115 nm
