# Atom index    Distance (nm)
   1          0.234
   2          0.058
   3          0.263
   4          0.165
   5          0.146
   6          0.077
   7          0.030
   8          0.035
   9          0.021
  10          0.028
  11          0.091
  12          0.085
  13          0.069
  14          0.072
  15          0.036
  16          0.022
  17          0.050
  18          0.032
  19          0.030
  20          0.067
  21          0.109
  22          0.129
  23          0.111
  24          0.119
  25          0.060
  26          0.096
  27          0.059
  28          0.067
  29          0.036
  30          0.053
  31          0.060
  32          0.064
  33          0.054
  34          0.065
  35          0.088
  36          0.055
  37          0.056
  38          0.027
  39          0.048
  40          0.063
  41          0.016
  42          0.125
  43          0.143
  44          0.084
  45          0.174
  46          0.238
  47          0.242
  48          0.359
  49          0.297
  50          0.304
  51          0.178
  52          0.110
  53          0.046
  54          0.100
  55          0.046
  56          0.043
  57          0.044
  58          0.055
  59          0.085
  60          0.096
  61          0.119
  62          0.072
  63          0.048
  64          0.069
  65          0.091
  66          0.091
  67          0.115
  68          0.089
  69          0.123
  70          0.135
  71          0.134
  72          0.085
  73          0.117
  74          0.081
  75          0.040
  76          0.039
  77          0.053
  78          0.091
  79          0.109
  80          0.149
  81          0.183
  82          0.085
  83          0.043
  84          0.075
  85          0.090
  86          0.167
  87          0.260
  88          0.200
  89          0.180
  90          0.172
  91          0.207
  92          0.099
  93          0.136
  94          0.142
  95          0.111
  96          0.107
  97          0.095
  98          0.131
  99          0.135
 100          0.148
 101          0.144
 102          0.145
 103          0.169
 104          0.195
 105          0.183
 106          0.110
 107          0.032
 108          0.120
 109          0.128
 110          0.115
 111          0.105
 112          0.105
 113          0.090
 114          0.098
 115          0.140
 116          0.223
 117          0.207
 118          0.241
 119          0.215
 120          0.173
 121          0.156
 122          0.140
 123          0.118
 124          0.149
 125          0.139
 126          0.109
 127          0.102
 128          0.056
 129          0.108
 130          0.071
 131          0.047
 132          0.057
 133          0.042
 134          0.049
 135          0.049
 136          0.063
 137          0.075
 138          0.092
 139          0.077
 140          0.105
 141          0.110
 142          0.054
 143          0.126
 144          0.103
 145          0.100
 146          0.039
 147          0.087
 148          0.072
 149          0.051
 150          0.100
 151          0.094
 152          0.064
 153          0.077
 154          0.083
 155          0.076
 156          0.085
 157          0.070
 158          0.092
 159          0.082
 160          0.108
 161          0.038
 162          0.083
 163          0.075
 164          0.134
 165          0.129
 166          0.109
 167          0.095
 168          0.056
 169          0.064
 170          0.072
 171          0.059
 172          0.062
 173          0.031
 174          0.077
 175          0.060
 176          0.128
 177          0.213
 178          0.217
 179          0.133
 180          0.044
 181          0.056
 182          0.033
 183          0.067
 184          0.074
 185          0.080
 186          0.057
 187          0.074
 188          0.037
 189          0.049
 190          0.040
 191          0.059
 192          0.064
 193          0.098
 194          0.060
 195          0.041
 196          0.053
 197          0.056
 198          0.082
 199          0.102
 200          0.122
 201          0.176
 202          0.120
 203          0.068
 204          0.053
 205          0.073
 206          0.070
 207          0.087
 208          0.092
 209          0.061
 210          0.054
 211          0.129
 212          0.112
 213          0.050
 214          0.046
 215          0.054
 216          0.079
 217          0.078
 218          0.063
 219          0.044
 220          0.050
 221          0.049
 222          0.036
 223          0.026
 224          0.054
 225          0.102
 226          0.071
 227          0.058
 228          0.075
 229          0.077
 230          0.076
 231          0.137
 232          0.067
 233          0.067
 234          0.053
 235          0.076
 236          0.037
 237          0.175
 238          0.321
 239          0.182
 240          0.224
 241          0.152
 242          0.117
 243          0.059
 244          0.090
 245          0.052
 246          0.074
 247          0.076
 248          0.074
 249          0.052
 250          0.032
 251          0.063
 252          0.059
 253          0.045
 254          0.041
 255          0.048
 256          0.070
 257          0.054
 258          0.056
 259          0.066
 260          0.077
 261          0.097
 262          0.133
 263          0.128
 264          0.121
 265          0.112
 266          0.057
 267          0.046
 268          0.046
 269          0.056
 270          0.082
 271          0.159
 272          0.063
 273          0.029
 274          0.026
 275          0.047
 276          0.045
 277          0.045
 278          0.090
 279          0.132
 280          0.160
 281          0.138
 282          0.084
 283          0.079
 284          0.074
 285          0.041
 286          0.042
 287          0.045
 288          0.040
 289          0.041
 290          0.043
 291          0.029
 292          0.021
 293          0.076
 294          0.142
 295          0.106
 296          0.084
 297          0.101
 298          0.037
 299          0.031
 300          0.030
 301          0.019
 302          0.046
 303          0.055
 304          0.131
 305          0.125
 306          0.088
 307          0.041
 308          0.026
 309          0.012
 310          0.039
 311          0.053
 312          0.069
 313          0.193
 314          0.284
 315          0.236
 316          0.187
 317          0.127
 318          0.048
 319          0.083
 320          0.091
 321          0.065
 322          0.080
 323          0.074
 324          0.079
 325          0.114
 326          0.112
 327          0.040
 328          0.045
 329          0.028
 330          0.031
 331          0.057
 332          0.064
 333          0.047
 334          0.086
 335          0.129
 336          0.177
 337          0.177
 338          0.107
 339          0.087
 340          0.052
 341          0.068
 342          0.064
 343          0.028
 344          0.052
 345          0.064
 346          0.073
 347          0.058
 348          0.051
 349          0.051
 350          0.070
 351          0.109
 352          0.116
 353          0.086
 354          0.076
 355          0.052
 356          0.098
 357          0.070
 358          0.055
 359          0.041
 360          0.029
 361          0.054
 362          0.138
 363          0.261
 364          0.183
 365          0.225
 366          0.284
 367          0.193
 368          0.051
 369          0.065
 370          0.077
 371          0.086
 372          0.072
 373          0.071
 374          0.050
 375          0.096
 376          0.091
 377          0.079
 378          0.095
 379          0.089
 380          0.024
 381          0.071
 382          0.111
 383          0.162
 384          0.157
 385          0.119
 386          0.059
 387          0.060
 388          0.092
 389          0.120
 390          0.138
 391          0.124
 392          0.120
 393          0.121
 394          0.126
 395          0.135
 396          0.137
 397          0.165
 398          0.126
 399          0.115
 400          0.120
 401          0.098
 402          0.071
 403          0.116
 404          0.132
 405          0.129
 406          0.158
 407          0.130
 408          0.063
 409          0.058
 410          0.072
 411          0.079
 412          0.071
 413          0.138
 414          0.110
 415          0.082
 416          0.131
 417          0.068
 418          0.060
 419          0.034
 420          0.036
 421          0.137
 422          0.287
 423          0.385
 424          0.277
 425          0.108
 426          0.048
 427          0.016
 428          0.077
 429          0.026
 430          0.170
 431          0.066
 432          0.132
 433          0.118
 434          0.100
 435          0.050
 436          0.072
 437          0.036
 438          0.085
 439          0.035
 440          0.051
 441          0.118
 442          0.174
 443          0.164
 444          0.108
 445          0.035
 446          0.073
 447          0.065
 448          0.098
 449          0.105
 450          0.114
 451          0.089
 452          0.086
 453          0.039
 454          0.078
 455          0.080
 456          0.078
 457          0.053
 458          0.078
 459          0.041
 460          0.072
 461          0.102
 462          0.106
 463          0.085
 464          0.089
 465          0.117
 466          0.111
 467          0.156
 468          0.214
 469          0.254
 470          0.195
 471          0.157
 472          0.150
 473          0.138
 474          0.129
 475          0.137
 476          0.137
 477          0.145
 478          0.099
 479          0.120
 480          0.109
 481          0.086
 482          0.129
 483          0.110
 484          0.053
 485          0.098
 486          0.084
 487          0.036

# Average distance: 0.096 nm
