# Atom index    Distance (nm)
   1          0.766
   2          0.230
   3          0.078
   4          0.142
   5          0.344
   6          0.281
   7          0.163
   8          0.070
   9          0.154
  10          0.121
  11          0.065
  12          0.083
  13          0.113
  14          0.040
  15          0.079
  16          0.058
  17          0.053
  18          0.044
  19          0.043
  20          0.105
  21          0.105
  22          0.284
  23          0.213
  24          0.206
  25          0.126
  26          0.105
  27          0.092
  28          0.085
  29          0.098
  30          0.080
  31          0.056
  32          0.041
  33          0.049
  34          0.083
  35          0.125
  36          0.167
  37          0.119
  38          0.082
  39          0.148
  40          0.158
  41          0.170
  42          0.174
  43          0.168
  44          0.213
  45          0.216
  46          0.269
  47          0.215
  48          0.302
  49          0.317
  50          0.217
  51          0.272
  52          0.381
  53          0.274
  54          0.268
  55          0.211
  56          0.184
  57          0.162
  58          0.159
  59          0.171
  60          0.124
  61          0.118
  62          0.084
  63          0.098
  64          0.112
  65          0.103
  66          0.071
  67          0.104
  68          0.093
  69          0.092
  70          0.090
  71          0.069
  72          0.062
  73          0.089
  74          0.100
  75          0.126
  76          0.131
  77          0.114
  78          0.127
  79          0.086
  80          0.133
  81          0.209
  82          0.125
  83          0.155
  84          0.263
  85          0.184
  86          0.217
  87          0.241
  88          0.231
  89          0.261
  90          0.257
  91          0.306
  92          0.326
  93          0.355
  94          0.262
  95          0.188
  96          0.120
  97          0.151
  98          0.190
  99          0.170
 100          0.241
 101          0.256
 102          0.207
 103          0.235
 104          0.158
 105          0.173
 106          0.133
 107          0.153
 108          0.167
 109          0.132
 110          0.082
 111          0.032
 112          0.080
 113          0.110
 114          0.057
 115          0.051
 116          0.078
 117          0.159
 118          0.167
 119          0.195
 120          0.182
 121          0.196
 122          0.218
 123          0.194
 124          0.168
 125          0.190
 126          0.161
 127          0.062
 128          0.056
 129          0.065
 130          0.079
 131          0.102
 132          0.045
 133          0.018
 134          0.036
 135          0.025
 136          0.036
 137          0.048
 138          0.089
 139          0.122
 140          0.138
 141          0.187
 142          0.274
 143          0.243
 144          0.198
 145          0.158
 146          0.113
 147          0.094
 148          0.088
 149          0.098
 150          0.170
 151          0.193
 152          0.192
 153          0.186
 154          0.189
 155          0.137
 156          0.101
 157          0.062
 158          0.113
 159          0.131
 160          0.152
 161          0.143
 162          0.107
 163          0.108
 164          0.104
 165          0.088
 166          0.080
 167          0.135
 168          0.086
 169          0.092
 170          0.074
 171          0.029
 172          0.037
 173          0.051
 174          0.040
 175          0.092
 176          0.152
 177          0.176
 178          0.213
 179          0.114
 180          0.092
 181          0.101
 182          0.042
 183          0.049
 184          0.053
 185          0.054
 186          0.101
 187          0.100
 188          0.100
 189          0.081
 190          0.044
 191          0.060
 192          0.065
 193          0.035
 194          0.022
 195          0.116
 196          0.112
 197          0.139
 198          0.154
 199          0.182
 200          0.156
 201          0.161
 202          0.155
 203          0.094
 204          0.104
 205          0.083
 206          0.094
 207          0.104
 208          0.116
 209          0.115
 210          0.142
 211          0.115
 212          0.168
 213          0.171
 214          0.182
 215          0.137
 216          0.083
 217          0.054
 218          0.106
 219          0.119
 220          0.206
 221          0.157
 222          0.157
 223          0.078
 224          0.023
 225          0.067
 226          0.071
 227          0.075
 228          0.127
 229          0.259
 230          0.315
 231          0.171
 232          0.111
 233          0.065
 234          0.049
 235          0.036
 236          0.043
 237          0.122
 238          0.320
 239          0.319
 240          0.333
 241          0.139
 242          0.124
 243          0.290
 244          0.197
 245          0.114
 246          0.091
 247          0.136
 248          0.090
 249          0.088
 250          0.073
 251          0.051
 252          0.067
 253          0.055
 254          0.069
 255          0.057
 256          0.061
 257          0.059
 258          0.049
 259          0.082
 260          0.097
 261          0.104
 262          0.289
 263          0.550
 264          0.384
 265          0.165
 266          0.087
 267          0.093
 268          0.136
 269          0.197
 270          0.154
 271          0.300
 272          0.164
 273          0.180
 274          0.122
 275          0.130
 276          0.122
 277          0.145
 278          0.240
 279          0.114
 280          0.063
 281          0.071
 282          0.066
 283          0.060
 284          0.059
 285          0.055
 286          0.058
 287          0.050
 288          0.089
 289          0.102
 290          0.080
 291          0.114
 292          0.120
 293          0.227
 294          0.123
 295          0.305
 296          0.340
 297          0.157
 298          0.171
 299          0.146
 300          0.182
 301          0.123
 302          0.113
 303          0.092
 304          0.042
 305          0.048
 306          0.094
 307          0.116
 308          0.107
 309          0.116
 310          0.165
 311          0.171
 312          0.202
 313          0.200
 314          0.243
 315          0.149
 316          0.129
 317          0.139
 318          0.120
 319          0.106
 320          0.144
 321          0.185
 322          0.162
 323          0.192
 324          0.236
 325          0.265
 326          0.269
 327          0.243
 328          0.153
 329          0.128
 330          0.121
 331          0.137
 332          0.174
 333          0.125
 334          0.069
 335          0.056
 336          0.053
 337          0.078
 338          0.078
 339          0.037
 340          0.061
 341          0.091
 342          0.112
 343          0.171
 344          0.214
 345          0.250
 346          0.300
 347          0.187
 348          0.130
 349          0.116
 350          0.134
 351          0.143
 352          0.211
 353          0.225
 354          0.261
 355          0.138
 356          0.150
 357          0.133
 358          0.193
 359          0.170
 360          0.228
 361          0.197
 362          0.220
 363          0.063
 364          0.046
 365          0.157
 366          0.138
 367          0.143
 368          0.092
 369          0.065
 370          0.024
 371          0.062
 372          0.073
 373          0.040
 374          0.075
 375          0.103
 376          0.090
 377          0.100
 378          0.087
 379          0.078
 380          0.063
 381          0.044
 382          0.046
 383          0.039
 384          0.150
 385          0.167
 386          0.171
 387          0.083
 388          0.050
 389          0.082
 390          0.105
 391          0.040
 392          0.151
 393          0.262
 394          0.457
 395          0.272
 396          0.089
 397          0.125
 398          0.054
 399          0.072
 400          0.044
 401          0.053
 402          0.062
 403          0.068
 404          0.068
 405          0.042
 406          0.059
 407          0.074
 408          0.045
 409          0.053
 410          0.069
 411          0.063
 412          0.063
 413          0.082
 414          0.157
 415          0.088
 416          0.033
 417          0.056
 418          0.072
 419          0.078
 420          0.053
 421          0.010
 422          0.019
 423          0.110
 424          0.067
 425          0.033
 426          0.047
 427          0.018
 428          0.056
 429          0.109
 430          0.201
 431          0.279
 432          0.201
 433          0.072
 434          0.117
 435          0.091
 436          0.098
 437          0.098
 438          0.181
 439          0.202
 440          0.146
 441          0.219
 442          0.167
 443          0.094
 444          0.096
 445          0.075
 446          0.031
 447          0.057
 448          0.072
 449          0.072
 450          0.074
 451          0.058
 452          0.097
 453          0.056
 454          0.064
 455          0.071
 456          0.053
 457          0.046
 458          0.039
 459          0.065
 460          0.059
 461          0.041
 462          0.018
 463          0.021
 464          0.024
 465          0.071
 466          0.078
 467          0.044
 468          0.160
 469          0.127
 470          0.085
 471          0.051
 472          0.047
 473          0.055
 474          0.072
 475          0.076
 476          0.049
 477          0.051
 478          0.108
 479          0.139
 480          0.205
 481          0.267
 482          0.266
 483          0.173
 484          0.055
 485          0.051
 486          0.084
 487          0.044

# Average distance: 0.129 nm
