# Atom index    Distance (nm)
   1          0.062
   2          0.052
   3          0.039
   4          0.040
   5          0.138
   6          0.083
   7          0.071
   8          0.055
   9          0.057
  10          0.015
  11          0.030
  12          0.042
  13          0.074
  14          0.098
  15          0.050
  16          0.029
  17          0.057
  18          0.045
  19          0.061
  20          0.094
  21          0.092
  22          0.093
  23          0.080
  24          0.149
  25          0.154
  26          0.138
  27          0.097
  28          0.075
  29          0.091
  30          0.085
  31          0.068
  32          0.110
  33          0.128
  34          0.082
  35          0.111
  36          0.141
  37          0.116
  38          0.039
  39          0.039
  40          0.026
  41          0.066
  42          0.061
  43          0.077
  44          0.117
  45          0.239
  46          0.296
  47          0.147
  48          0.101
  49          0.310
  50          0.382
  51          0.321
  52          0.278
  53          0.157
  54          0.085
  55          0.056
  56          0.049
  57          0.057
  58          0.065
  59          0.094
  60          0.072
  61          0.081
  62          0.081
  63          0.081
  64          0.048
  65          0.066
  66          0.074
  67          0.093
  68          0.106
  69          0.060
  70          0.071
  71          0.044
  72          0.056
  73          0.085
  74          0.114
  75          0.131
  76          0.124
  77          0.145
  78          0.167
  79          0.119
  80          0.118
  81          0.031
  82          0.039
  83          0.063
  84          0.052
  85          0.044
  86          0.077
  87          0.142
  88          0.184
  89          0.093
  90          0.089
  91          0.100
  92          0.104
  93          0.078
  94          0.106
  95          0.083
  96          0.092
  97          0.065
  98          0.070
  99          0.071
 100          0.080
 101          0.088
 102          0.114
 103          0.100
 104          0.084
 105          0.067
 106          0.058
 107          0.071
 108          0.077
 109          0.095
 110          0.059
 111          0.129
 112          0.048
 113          0.050
 114          0.060
 115          0.067
 116          0.039
 117          0.076
 118          0.120
 119          0.038
 120          0.041
 121          0.072
 122          0.058
 123          0.105
 124          0.083
 125          0.065
 126          0.030
 127          0.024
 128          0.043
 129          0.041
 130          0.046
 131          0.081
 132          0.075
 133          0.089
 134          0.032
 135          0.039
 136          0.022
 137          0.038
 138          0.097
 139          0.096
 140          0.050
 141          0.101
 142          0.058
 143          0.113
 144          0.101
 145          0.064
 146          0.058
 147          0.054
 148          0.038
 149          0.045
 150          0.022
 151          0.063
 152          0.119
 153          0.146
 154          0.093
 155          0.061
 156          0.056
 157          0.038
 158          0.044
 159          0.044
 160          0.077
 161          0.063
 162          0.037
 163          0.029
 164          0.033
 165          0.008
 166          0.031
 167          0.048
 168          0.023
 169          0.020
 170          0.042
 171          0.019
 172          0.034
 173          0.055
 174          0.062
 175          0.060
 176          0.045
 177          0.028
 178          0.091
 179          0.082
 180          0.043
 181          0.041
 182          0.045
 183          0.039
 184          0.004
 185          0.007
 186          0.026
 187          0.041
 188          0.055
 189          0.098
 190          0.102
 191          0.036
 192          0.026
 193          0.013
 194          0.030
 195          0.084
 196          0.059
 197          0.059
 198          0.058
 199          0.099
 200          0.093
 201          0.145
 202          0.130
 203          0.110
 204          0.063
 205          0.077
 206          0.043
 207          0.042
 208          0.068
 209          0.059
 210          0.098
 211          0.096
 212          0.076
 213          0.067
 214          0.068
 215          0.069
 216          0.038
 217          0.064
 218          0.048
 219          0.057
 220          0.091
 221          0.066
 222          0.105
 223          0.069
 224          0.040
 225          0.057
 226          0.048
 227          0.069
 228          0.064
 229          0.031
 230          0.038
 231          0.019
 232          0.014
 233          0.043
 234          0.075
 235          0.040
 236          0.071
 237          0.042
 238          0.066
 239          0.077
 240          0.086
 241          0.044
 242          0.059
 243          0.076
 244          0.045
 245          0.051
 246          0.038
 247          0.046
 248          0.110
 249          0.051
 250          0.055
 251          0.029
 252          0.024
 253          0.053
 254          0.044
 255          0.034
 256          0.012
 257          0.030
 258          0.064
 259          0.063
 260          0.083
 261          0.103
 262          0.217
 263          0.159
 264          0.199
 265          0.067
 266          0.048
 267          0.053
 268          0.052
 269          0.050
 270          0.076
 271          0.119
 272          0.128
 273          0.119
 274          0.030
 275          0.033
 276          0.034
 277          0.018
 278          0.043
 279          0.050
 280          0.055
 281          0.067
 282          0.083
 283          0.035
 284          0.031
 285          0.043
 286          0.027
 287          0.015
 288          0.026
 289          0.051
 290          0.045
 291          0.048
 292          0.106
 293          0.096
 294          0.108
 295          0.153
 296          0.208
 297          0.070
 298          0.020
 299          0.048
 300          0.058
 301          0.010
 302          0.050
 303          0.032
 304          0.108
 305          0.117
 306          0.087
 307          0.031
 308          0.049
 309          0.020
 310          0.029
 311          0.020
 312          0.068
 313          0.178
 314          0.075
 315          0.100
 316          0.052
 317          0.060
 318          0.042
 319          0.052
 320          0.075
 321          0.097
 322          0.063
 323          0.144
 324          0.110
 325          0.104
 326          0.083
 327          0.042
 328          0.028
 329          0.028
 330          0.038
 331          0.063
 332          0.066
 333          0.087
 334          0.047
 335          0.070
 336          0.078
 337          0.112
 338          0.047
 339          0.016
 340          0.043
 341          0.037
 342          0.047
 343          0.055
 344          0.104
 345          0.140
 346          0.066
 347          0.041
 348          0.059
 349          0.055
 350          0.054
 351          0.083
 352          0.052
 353          0.044
 354          0.136
 355          0.111
 356          0.057
 357          0.035
 358          0.048
 359          0.046
 360          0.089
 361          0.076
 362          0.072
 363          0.109
 364          0.096
 365          0.090
 366          0.108
 367          0.091
 368          0.052
 369          0.015
 370          0.052
 371          0.070
 372          0.092
 373          0.069
 374          0.037
 375          0.027
 376          0.052
 377          0.054
 378          0.027
 379          0.035
 380          0.045
 381          0.050
 382          0.046
 383          0.081
 384          0.104
 385          0.128
 386          0.065
 387          0.071
 388          0.078
 389          0.094
 390          0.116
 391          0.119
 392          0.097
 393          0.153
 394          0.143
 395          0.084
 396          0.107
 397          0.091
 398          0.093
 399          0.096
 400          0.104
 401          0.066
 402          0.052
 403          0.052
 404          0.054
 405          0.094
 406          0.086
 407          0.051
 408          0.031
 409          0.022
 410          0.027
 411          0.020
 412          0.074
 413          0.117
 414          0.120
 415          0.092
 416          0.080
 417          0.052
 418          0.041
 419          0.065
 420          0.081
 421          0.081
 422          0.119
 423          0.194
 424          0.140
 425          0.062
 426          0.026
 427          0.024
 428          0.016
 429          0.021
 430          0.101
 431          0.177
 432          0.116
 433          0.065
 434          0.059
 435          0.047
 436          0.049
 437          0.054
 438          0.051
 439          0.008
 440          0.092
 441          0.153
 442          0.101
 443          0.109
 444          0.111
 445          0.079
 446          0.090
 447          0.096
 448          0.079
 449          0.078
 450          0.100
 451          0.063
 452          0.081
 453          0.038
 454          0.112
 455          0.092
 456          0.084
 457          0.050
 458          0.073
 459          0.057
 460          0.037
 461          0.054
 462          0.049
 463          0.057
 464          0.061
 465          0.066
 466          0.068
 467          0.120
 468          0.130
 469          0.133
 470          0.090
 471          0.090
 472          0.070
 473          0.064
 474          0.057
 475          0.079
 476          0.101
 477          0.102
 478          0.097
 479          0.100
 480          0.116
 481          0.166
 482          0.148
 483          0.054
 484          0.139
 485          0.057
 486          0.039
 487          0.011

# Average distance: 0.074 nm
