# Atom index    Distance (nm)
   1          0.091
   2          0.090
   3          0.082
   4          0.124
   5          0.087
   6          0.085
   7          0.091
   8          0.097
   9          0.095
  10          0.088
  11          0.109
  12          0.131
  13          0.130
  14          0.165
  15          0.118
  16          0.106
  17          0.094
  18          0.110
  19          0.101
  20          0.118
  21          0.102
  22          0.115
  23          0.100
  24          0.180
  25          0.167
  26          0.143
  27          0.116
  28          0.114
  29          0.126
  30          0.104
  31          0.037
  32          0.086
  33          0.066
  34          0.057
  35          0.095
  36          0.094
  37          0.079
  38          0.065
  39          0.059
  40          0.108
  41          0.107
  42          0.049
  43          0.056
  44          0.076
  45          0.252
  46          0.373
  47          0.426
  48          0.510
  49          0.460
  50          0.474
  51          0.389
  52          0.350
  53          0.134
  54          0.071
  55          0.043
  56          0.068
  57          0.093
  58          0.139
  59          0.100
  60          0.152
  61          0.128
  62          0.092
  63          0.057
  64          0.084
  65          0.082
  66          0.084
  67          0.112
  68          0.132
  69          0.135
  70          0.052
  71          0.059
  72          0.092
  73          0.110
  74          0.137
  75          0.155
  76          0.104
  77          0.109
  78          0.070
  79          0.061
  80          0.083
  81          0.129
  82          0.065
  83          0.043
  84          0.063
  85          0.048
  86          0.085
  87          0.077
  88          0.083
  89          0.157
  90          0.162
  91          0.282
  92          0.243
  93          0.229
  94          0.149
  95          0.086
  96          0.066
  97          0.061
  98          0.102
  99          0.064
 100          0.098
 101          0.102
 102          0.104
 103          0.090
 104          0.057
 105          0.083
 106          0.091
 107          0.110
 108          0.121
 109          0.077
 110          0.092
 111          0.089
 112          0.111
 113          0.090
 114          0.044
 115          0.051
 116          0.038
 117          0.044
 118          0.048
 119          0.080
 120          0.063
 121          0.063
 122          0.073
 123          0.078
 124          0.082
 125          0.070
 126          0.099
 127          0.109
 128          0.118
 129          0.082
 130          0.070
 131          0.041
 132          0.052
 133          0.050
 134          0.056
 135          0.045
 136          0.068
 137          0.049
 138          0.021
 139          0.045
 140          0.071
 141          0.142
 142          0.230
 143          0.142
 144          0.150
 145          0.069
 146          0.082
 147          0.055
 148          0.051
 149          0.044
 150          0.074
 151          0.102
 152          0.137
 153          0.108
 154          0.120
 155          0.068
 156          0.034
 157          0.057
 158          0.047
 159          0.075
 160          0.140
 161          0.103
 162          0.089
 163          0.080
 164          0.096
 165          0.065
 166          0.045
 167          0.052
 168          0.085
 169          0.083
 170          0.069
 171          0.055
 172          0.064
 173          0.068
 174          0.082
 175          0.086
 176          0.119
 177          0.098
 178          0.110
 179          0.104
 180          0.094
 181          0.087
 182          0.062
 183          0.051
 184          0.063
 185          0.041
 186          0.062
 187          0.051
 188          0.033
 189          0.047
 190          0.036
 191          0.032
 192          0.031
 193          0.015
 194          0.026
 195          0.051
 196          0.048
 197          0.072
 198          0.072
 199          0.117
 200          0.124
 201          0.074
 202          0.068
 203          0.034
 204          0.048
 205          0.081
 206          0.089
 207          0.073
 208          0.101
 209          0.076
 210          0.084
 211          0.084
 212          0.109
 213          0.107
 214          0.109
 215          0.118
 216          0.130
 217          0.115
 218          0.100
 219          0.061
 220          0.108
 221          0.108
 222          0.163
 223          0.072
 224          0.138
 225          0.074
 226          0.070
 227          0.060
 228          0.115
 229          0.041
 230          0.100
 231          0.116
 232          0.083
 233          0.084
 234          0.056
 235          0.057
 236          0.096
 237          0.102
 238          0.167
 239          0.088
 240          0.286
 241          0.471
 242          0.346
 243          0.284
 244          0.248
 245          0.241
 246          0.192
 247          0.137
 248          0.095
 249          0.073
 250          0.089
 251          0.071
 252          0.073
 253          0.100
 254          0.087
 255          0.106
 256          0.061
 257          0.050
 258          0.057
 259          0.055
 260          0.035
 261          0.093
 262          0.135
 263          0.132
 264          0.110
 265          0.098
 266          0.064
 267          0.078
 268          0.084
 269          0.064
 270          0.043
 271          0.065
 272          0.109
 273          0.112
 274          0.090
 275          0.067
 276          0.083
 277          0.082
 278          0.075
 279          0.120
 280          0.118
 281          0.174
 282          0.071
 283          0.044
 284          0.042
 285          0.052
 286          0.020
 287          0.029
 288          0.018
 289          0.044
 290          0.029
 291          0.188
 292          0.158
 293          0.105
 294          0.154
 295          0.105
 296          0.073
 297          0.086
 298          0.072
 299          0.098
 300          0.102
 301          0.070
 302          0.045
 303          0.030
 304          0.101
 305          0.138
 306          0.118
 307          0.121
 308          0.121
 309          0.102
 310          0.071
 311          0.067
 312          0.048
 313          0.082
 314          0.106
 315          0.117
 316          0.096
 317          0.093
 318          0.090
 319          0.096
 320          0.112
 321          0.118
 322          0.135
 323          0.145
 324          0.161
 325          0.131
 326          0.070
 327          0.060
 328          0.085
 329          0.111
 330          0.070
 331          0.055
 332          0.086
 333          0.055
 334          0.062
 335          0.055
 336          0.067
 337          0.060
 338          0.073
 339          0.055
 340          0.090
 341          0.038
 342          0.077
 343          0.051
 344          0.082
 345          0.090
 346          0.074
 347          0.037
 348          0.024
 349          0.059
 350          0.102
 351          0.116
 352          0.154
 353          0.135
 354          0.094
 355          0.106
 356          0.158
 357          0.121
 358          0.088
 359          0.039
 360          0.066
 361          0.043
 362          0.064
 363          0.100
 364          0.098
 365          0.135
 366          0.202
 367          0.184
 368          0.125
 369          0.095
 370          0.085
 371          0.045
 372          0.049
 373          0.088
 374          0.094
 375          0.073
 376          0.089
 377          0.113
 378          0.102
 379          0.112
 380          0.034
 381          0.066
 382          0.096
 383          0.075
 384          0.097
 385          0.054
 386          0.094
 387          0.071
 388          0.088
 389          0.096
 390          0.074
 391          0.046
 392          0.078
 393          0.083
 394          0.095
 395          0.168
 396          0.110
 397          0.085
 398          0.070
 399          0.055
 400          0.047
 401          0.038
 402          0.100
 403          0.060
 404          0.074
 405          0.087
 406          0.074
 407          0.114
 408          0.112
 409          0.082
 410          0.028
 411          0.038
 412          0.059
 413          0.046
 414          0.065
 415          0.052
 416          0.054
 417          0.068
 418          0.040
 419          0.059
 420          0.127
 421          0.269
 422          0.386
 423          0.246
 424          0.153
 425          0.112
 426          0.096
 427          0.075
 428          0.077
 429          0.100
 430          0.191
 431          0.319
 432          0.175
 433          0.190
 434          0.166
 435          0.084
 436          0.080
 437          0.063
 438          0.197
 439          0.161
 440          0.155
 441          0.175
 442          0.333
 443          0.246
 444          0.071
 445          0.027
 446          0.046
 447          0.049
 448          0.049
 449          0.044
 450          0.067
 451          0.098
 452          0.147
 453          0.158
 454          0.155
 455          0.110
 456          0.096
 457          0.083
 458          0.045
 459          0.058
 460          0.214
 461          0.084
 462          0.088
 463          0.105
 464          0.095
 465          0.104
 466          0.117
 467          0.159
 468          0.129
 469          0.125
 470          0.116
 471          0.131
 472          0.124
 473          0.142
 474          0.051
 475          0.051
 476          0.078
 477          0.033
 478          0.034
 479          0.060
 480          0.126
 481          0.144
 482          0.134
 483          0.119
 484          0.122
 485          0.124
 486          0.129
 487          0.057

# Average distance: 0.101 nm
