# Atom index    Distance (nm)
   1          0.664
   2          0.314
   3          0.416
   4          0.255
   5          0.099
   6          0.039
   7          0.024
   8          0.030
   9          0.069
  10          0.025
  11          0.081
  12          0.094
  13          0.099
  14          0.140
  15          0.133
  16          0.109
  17          0.065
  18          0.043
  19          0.051
  20          0.047
  21          0.090
  22          0.097
  23          0.055
  24          0.040
  25          0.014
  26          0.028
  27          0.079
  28          0.085
  29          0.078
  30          0.082
  31          0.102
  32          0.065
  33          0.071
  34          0.070
  35          0.078
  36          0.070
  37          0.067
  38          0.058
  39          0.045
  40          0.056
  41          0.042
  42          0.055
  43          0.058
  44          0.140
  45          0.212
  46          0.215
  47          0.214
  48          0.280
  49          0.282
  50          0.273
  51          0.298
  52          0.313
  53          0.213
  54          0.080
  55          0.023
  56          0.029
  57          0.050
  58          0.073
  59          0.048
  60          0.058
  61          0.099
  62          0.104
  63          0.077
  64          0.070
  65          0.048
  66          0.039
  67          0.223
  68          0.342
  69          0.222
  70          0.128
  71          0.126
  72          0.094
  73          0.084
  74          0.126
  75          0.117
  76          0.091
  77          0.153
  78          0.087
  79          0.089
  80          0.181
  81          0.250
  82          0.221
  83          0.142
  84          0.184
  85          0.189
  86          0.254
  87          0.259
  88          0.193
  89          0.204
  90          0.209
  91          0.279
  92          0.236
  93          0.212
  94          0.193
  95          0.179
  96          0.161
  97          0.134
  98          0.159
  99          0.166
 100          0.239
 101          0.270
 102          0.180
 103          0.172
 104          0.136
 105          0.100
 106          0.066
 107          0.057
 108          0.134
 109          0.084
 110          0.098
 111          0.084
 112          0.084
 113          0.096
 114          0.043
 115          0.048
 116          0.045
 117          0.076
 118          0.089
 119          0.156
 120          0.196
 121          0.294
 122          0.238
 123          0.180
 124          0.095
 125          0.142
 126          0.087
 127          0.078
 128          0.062
 129          0.124
 130          0.082
 131          0.049
 132          0.054
 133          0.033
 134          0.025
 135          0.027
 136          0.061
 137          0.052
 138          0.044
 139          0.031
 140          0.034
 141          0.092
 142          0.122
 143          0.082
 144          0.046
 145          0.041
 146          0.037
 147          0.064
 148          0.068
 149          0.057
 150          0.017
 151          0.057
 152          0.090
 153          0.119
 154          0.069
 155          0.042
 156          0.071
 157          0.062
 158          0.085
 159          0.060
 160          0.101
 161          0.091
 162          0.088
 163          0.086
 164          0.074
 165          0.072
 166          0.066
 167          0.047
 168          0.047
 169          0.058
 170          0.057
 171          0.054
 172          0.071
 173          0.087
 174          0.084
 175          0.064
 176          0.251
 177          0.330
 178          0.334
 179          0.195
 180          0.082
 181          0.148
 182          0.088
 183          0.065
 184          0.062
 185          0.099
 186          0.067
 187          0.103
 188          0.102
 189          0.107
 190          0.110
 191          0.103
 192          0.115
 193          0.125
 194          0.117
 195          0.123
 196          0.120
 197          0.095
 198          0.124
 199          0.093
 200          0.064
 201          0.190
 202          0.134
 203          0.076
 204          0.053
 205          0.048
 206          0.076
 207          0.060
 208          0.055
 209          0.050
 210          0.024
 211          0.054
 212          0.041
 213          0.164
 214          0.066
 215          0.018
 216          0.051
 217          0.061
 218          0.072
 219          0.041
 220          0.025
 221          0.055
 222          0.048
 223          0.058
 224          0.055
 225          0.080
 226          0.082
 227          0.097
 228          0.094
 229          0.066
 230          0.082
 231          0.151
 232          0.100
 233          0.071
 234          0.035
 235          0.047
 236          0.092
 237          0.163
 238          0.260
 239          0.112
 240          0.153
 241          0.124
 242          0.172
 243          0.255
 244          0.221
 245          0.105
 246          0.074
 247          0.066
 248          0.025
 249          0.071
 250          0.082
 251          0.163
 252          0.069
 253          0.044
 254          0.058
 255          0.042
 256          0.012
 257          0.020
 258          0.037
 259          0.030
 260          0.043
 261          0.066
 262          0.087
 263          0.098
 264          0.073
 265          0.042
 266          0.062
 267          0.057
 268          0.037
 269          0.079
 270          0.103
 271          0.345
 272          0.071
 273          0.048
 274          0.056
 275          0.037
 276          0.044
 277          0.031
 278          0.070
 279          0.049
 280          0.091
 281          0.039
 282          0.055
 283          0.067
 284          0.016
 285          0.039
 286          0.018
 287          0.014
 288          0.019
 289          0.025
 290          0.029
 291          0.046
 292          0.042
 293          0.137
 294          0.243
 295          0.218
 296          0.117
 297          0.146
 298          0.092
 299          0.031
 300          0.053
 301          0.066
 302          0.046
 303          0.047
 304          0.025
 305          0.029
 306          0.060
 307          0.039
 308          0.068
 309          0.064
 310          0.052
 311          0.041
 312          0.067
 313          0.132
 314          0.116
 315          0.113
 316          0.070
 317          0.092
 318          0.061
 319          0.044
 320          0.012
 321          0.011
 322          0.045
 323          0.088
 324          0.081
 325          0.038
 326          0.050
 327          0.029
 328          0.029
 329          0.051
 330          0.077
 331          0.063
 332          0.084
 333          0.080
 334          0.071
 335          0.030
 336          0.023
 337          0.066
 338          0.016
 339          0.049
 340          0.080
 341          0.037
 342          0.029
 343          0.041
 344          0.063
 345          0.037
 346          0.028
 347          0.052
 348          0.037
 349          0.043
 350          0.074
 351          0.106
 352          0.071
 353          0.067
 354          0.046
 355          0.036
 356          0.026
 357          0.026
 358          0.046
 359          0.033
 360          0.091
 361          0.090
 362          0.143
 363          0.096
 364          0.094
 365          0.105
 366          0.057
 367          0.094
 368          0.072
 369          0.064
 370          0.046
 371          0.050
 372          0.007
 373          0.038
 374          0.022
 375          0.027
 376          0.037
 377          0.029
 378          0.070
 379          0.048
 380          0.037
 381          0.035
 382          0.033
 383          0.044
 384          0.050
 385          0.075
 386          0.060
 387          0.081
 388          0.046
 389          0.046
 390          0.038
 391          0.047
 392          0.018
 393          0.138
 394          0.022
 395          0.062
 396          0.072
 397          0.048
 398          0.047
 399          0.053
 400          0.043
 401          0.045
 402          0.032
 403          0.042
 404          0.020
 405          0.089
 406          0.070
 407          0.064
 408          0.035
 409          0.037
 410          0.037
 411          0.072
 412          0.023
 413          0.117
 414          0.048
 415          0.061
 416          0.048
 417          0.050
 418          0.019
 419          0.041
 420          0.064
 421          0.118
 422          0.246
 423          0.084
 424          0.128
 425          0.079
 426          0.077
 427          0.070
 428          0.078
 429          0.063
 430          0.047
 431          0.123
 432          0.099
 433          0.107
 434          0.076
 435          0.052
 436          0.072
 437          0.056
 438          0.073
 439          0.074
 440          0.085
 441          0.083
 442          0.131
 443          0.101
 444          0.086
 445          0.019
 446          0.048
 447          0.039
 448          0.014
 449          0.041
 450          0.063
 451          0.055
 452          0.086
 453          0.072
 454          0.027
 455          0.027
 456          0.020
 457          0.038
 458          0.059
 459          0.020
 460          0.075
 461          0.105
 462          0.050
 463          0.049
 464          0.057
 465          0.072
 466          0.120
 467          0.163
 468          0.191
 469          0.136
 470          0.068
 471          0.083
 472          0.038
 473          0.005
 474          0.036
 475          0.060
 476          0.044
 477          0.046
 478          0.066
 479          0.126
 480          0.168
 481          0.232
 482          0.216
 483          0.103
 484          0.049
 485          0.073
 486          0.055
 487          0.044

# Average distance: 0.089 nm
