# Atom index    Distance (nm)
   1          0.086
   2          0.111
   3          0.054
   4          0.126
   5          0.296
   6          0.202
   7          0.179
   8          0.125
   9          0.131
  10          0.048
  11          0.159
  12          0.205
  13          0.227
  14          0.238
  15          0.198
  16          0.146
  17          0.095
  18          0.130
  19          0.181
  20          0.291
  21          0.371
  22          0.372
  23          0.330
  24          0.240
  25          0.326
  26          0.313
  27          0.268
  28          0.307
  29          0.213
  30          0.150
  31          0.138
  32          0.134
  33          0.106
  34          0.128
  35          0.114
  36          0.118
  37          0.117
  38          0.096
  39          0.112
  40          0.124
  41          0.177
  42          0.167
  43          0.172
  44          0.029
  45          0.228
  46          0.166
  47          0.162
  48          0.212
  49          0.233
  50          0.220
  51          0.148
  52          0.160
  53          0.013
  54          0.068
  55          0.100
  56          0.057
  57          0.141
  58          0.176
  59          0.239
  60          0.322
  61          0.298
  62          0.264
  63          0.177
  64          0.157
  65          0.196
  66          0.206
  67          0.324
  68          0.441
  69          0.344
  70          0.332
  71          0.312
  72          0.294
  73          0.294
  74          0.270
  75          0.338
  76          0.322
  77          0.331
  78          0.187
  79          0.156
  80          0.144
  81          0.116
  82          0.194
  83          0.149
  84          0.104
  85          0.094
  86          0.088
  87          0.102
  88          0.236
  89          0.232
  90          0.301
  91          0.341
  92          0.220
  93          0.232
  94          0.214
  95          0.207
  96          0.194
  97          0.142
  98          0.142
  99          0.160
 100          0.215
 101          0.304
 102          0.268
 103          0.269
 104          0.312
 105          0.247
 106          0.220
 107          0.267
 108          0.349
 109          0.248
 110          0.167
 111          0.265
 112          0.247
 113          0.256
 114          0.337
 115          0.288
 116          0.388
 117          0.383
 118          0.394
 119          0.405
 120          0.342
 121          0.412
 122          0.349
 123          0.311
 124          0.280
 125          0.255
 126          0.175
 127          0.172
 128          0.143
 129          0.153
 130          0.142
 131          0.141
 132          0.163
 133          0.120
 134          0.094
 135          0.065
 136          0.091
 137          0.111
 138          0.156
 139          0.124
 140          0.183
 141          0.234
 142          0.323
 143          0.317
 144          0.220
 145          0.187
 146          0.135
 147          0.137
 148          0.127
 149          0.135
 150          0.144
 151          0.148
 152          0.155
 153          0.206
 154          0.128
 155          0.107
 156          0.121
 157          0.141
 158          0.138
 159          0.142
 160          0.119
 161          0.161
 162          0.254
 163          0.171
 164          0.117
 165          0.123
 166          0.159
 167          0.137
 168          0.098
 169          0.090
 170          0.094
 171          0.057
 172          0.087
 173          0.152
 174          0.152
 175          0.165
 176          0.208
 177          0.173
 178          0.165
 179          0.087
 180          0.143
 181          0.139
 182          0.107
 183          0.057
 184          0.023
 185          0.084
 186          0.121
 187          0.128
 188          0.072
 189          0.102
 190          0.077
 191          0.148
 192          0.137
 193          0.143
 194          0.125
 195          0.182
 196          0.131
 197          0.185
 198          0.192
 199          0.197
 200          0.166
 201          0.205
 202          0.173
 203          0.157
 204          0.143
 205          0.154
 206          0.111
 207          0.121
 208          0.151
 209          0.201
 210          0.282
 211          0.242
 212          0.300
 213          0.294
 214          0.247
 215          0.242
 216          0.201
 217          0.174
 218          0.127
 219          0.098
 220          0.131
 221          0.159
 222          0.184
 223          0.180
 224          0.183
 225          0.192
 226          0.177
 227          0.179
 228          0.173
 229          0.174
 230          0.249
 231          0.203
 232          0.167
 233          0.165
 234          0.143
 235          0.132
 236          0.183
 237          0.264
 238          0.181
 239          0.223
 240          0.106
 241          0.222
 242          0.243
 243          0.266
 244          0.222
 245          0.231
 246          0.211
 247          0.200
 248          0.191
 249          0.159
 250          0.143
 251          0.120
 252          0.070
 253          0.068
 254          0.107
 255          0.108
 256          0.069
 257          0.074
 258          0.064
 259          0.080
 260          0.104
 261          0.194
 262          0.285
 263          0.321
 264          0.267
 265          0.152
 266          0.100
 267          0.084
 268          0.077
 269          0.077
 270          0.157
 271          0.269
 272          0.278
 273          0.150
 274          0.165
 275          0.137
 276          0.136
 277          0.101
 278          0.173
 279          0.092
 280          0.136
 281          0.173
 282          0.076
 283          0.065
 284          0.063
 285          0.077
 286          0.082
 287          0.083
 288          0.051
 289          0.082
 290          0.066
 291          0.208
 292          0.165
 293          0.253
 294          0.267
 295          0.358
 296          0.306
 297          0.153
 298          0.274
 299          0.232
 300          0.187
 301          0.103
 302          0.141
 303          0.153
 304          0.150
 305          0.190
 306          0.203
 307          0.206
 308          0.207
 309          0.207
 310          0.213
 311          0.231
 312          0.178
 313          0.157
 314          0.150
 315          0.186
 316          0.209
 317          0.188
 318          0.194
 319          0.186
 320          0.167
 321          0.221
 322          0.220
 323          0.201
 324          0.251
 325          0.332
 326          0.298
 327          0.331
 328          0.240
 329          0.213
 330          0.259
 331          0.265
 332          0.142
 333          0.139
 334          0.081
 335          0.046
 336          0.015
 337          0.073
 338          0.034
 339          0.048
 340          0.141
 341          0.170
 342          0.256
 343          0.276
 344          0.311
 345          0.353
 346          0.422
 347          0.359
 348          0.238
 349          0.219
 350          0.226
 351          0.187
 352          0.157
 353          0.172
 354          0.130
 355          0.141
 356          0.119
 357          0.140
 358          0.186
 359          0.244
 360          0.406
 361          0.343
 362          0.342
 363          0.242
 364          0.169
 365          0.183
 366          0.236
 367          0.227
 368          0.171
 369          0.104
 370          0.100
 371          0.062
 372          0.082
 373          0.151
 374          0.071
 375          0.081
 376          0.042
 377          0.063
 378          0.063
 379          0.047
 380          0.074
 381          0.119
 382          0.118
 383          0.145
 384          0.151
 385          0.284
 386          0.331
 387          0.207
 388          0.161
 389          0.170
 390          0.181
 391          0.175
 392          0.338
 393          0.366
 394          0.543
 395          0.426
 396          0.223
 397          0.200
 398          0.197
 399          0.217
 400          0.215
 401          0.235
 402          0.195
 403          0.171
 404          0.157
 405          0.164
 406          0.141
 407          0.116
 408          0.083
 409          0.092
 410          0.062
 411          0.056
 412          0.054
 413          0.165
 414          0.306
 415          0.174
 416          0.024
 417          0.043
 418          0.014
 419          0.046
 420          0.052
 421          0.132
 422          0.311
 423          0.298
 424          0.148
 425          0.076
 426          0.112
 427          0.101
 428          0.041
 429          0.061
 430          0.121
 431          0.085
 432          0.087
 433          0.084
 434          0.075
 435          0.142
 436          0.104
 437          0.103
 438          0.106
 439          0.095
 440          0.092
 441          0.101
 442          0.050
 443          0.045
 444          0.019
 445          0.045
 446          0.095
 447          0.176
 448          0.164
 449          0.150
 450          0.170
 451          0.167
 452          0.125
 453          0.076
 454          0.124
 455          0.155
 456          0.163
 457          0.178
 458          0.125
 459          0.089
 460          0.109
 461          0.151
 462          0.098
 463          0.111
 464          0.083
 465          0.136
 466          0.146
 467          0.217
 468          0.291
 469          0.286
 470          0.188
 471          0.180
 472          0.175
 473          0.113
 474          0.121
 475          0.214
 476          0.196
 477          0.170
 478          0.080
 479          0.128
 480          0.135
 481          0.170
 482          0.152
 483          0.132
 484          0.102
 485          0.133
 486          0.156
 487          0.137

# Average distance: 0.176 nm
