# Atom index    Distance (nm)
   1          0.283
   2          0.130
   3          0.084
   4          0.104
   5          0.193
   6          0.115
   7          0.108
   8          0.082
   9          0.057
  10          0.089
  11          0.082
  12          0.123
  13          0.159
  14          0.158
  15          0.092
  16          0.084
  17          0.084
  18          0.102
  19          0.116
  20          0.148
  21          0.117
  22          0.156
  23          0.052
  24          0.142
  25          0.179
  26          0.168
  27          0.150
  28          0.127
  29          0.100
  30          0.168
  31          0.078
  32          0.028
  33          0.082
  34          0.054
  35          0.091
  36          0.123
  37          0.112
  38          0.081
  39          0.117
  40          0.123
  41          0.174
  42          0.202
  43          0.186
  44          0.163
  45          0.117
  46          0.069
  47          0.159
  48          0.171
  49          0.165
  50          0.264
  51          0.138
  52          0.210
  53          0.122
  54          0.112
  55          0.171
  56          0.156
  57          0.143
  58          0.108
  59          0.118
  60          0.096
  61          0.123
  62          0.113
  63          0.136
  64          0.124
  65          0.106
  66          0.121
  67          0.154
  68          0.151
  69          0.079
  70          0.145
  71          0.235
  72          0.198
  73          0.230
  74          0.174
  75          0.233
  76          0.209
  77          0.204
  78          0.251
  79          0.253
  80          0.308
  81          0.256
  82          0.225
  83          0.167
  84          0.176
  85          0.106
  86          0.089
  87          0.076
  88          0.040
  89          0.054
  90          0.081
  91          0.084
  92          0.127
  93          0.130
  94          0.108
  95          0.091
  96          0.074
  97          0.108
  98          0.125
  99          0.130
 100          0.112
 101          0.133
 102          0.157
 103          0.120
 104          0.181
 105          0.187
 106          0.156
 107          0.163
 108          0.187
 109          0.186
 110          0.174
 111          0.200
 112          0.166
 113          0.170
 114          0.129
 115          0.190
 116          0.155
 117          0.172
 118          0.219
 119          0.197
 120          0.154
 121          0.214
 122          0.146
 123          0.141
 124          0.129
 125          0.117
 126          0.088
 127          0.053
 128          0.068
 129          0.068
 130          0.073
 131          0.085
 132          0.098
 133          0.080
 134          0.047
 135          0.040
 136          0.054
 137          0.086
 138          0.089
 139          0.115
 140          0.137
 141          0.162
 142          0.213
 143          0.211
 144          0.171
 145          0.098
 146          0.141
 147          0.141
 148          0.093
 149          0.111
 150          0.142
 151          0.236
 152          0.319
 153          0.397
 154          0.231
 155          0.131
 156          0.087
 157          0.084
 158          0.122
 159          0.122
 160          0.106
 161          0.097
 162          0.122
 163          0.100
 164          0.057
 165          0.059
 166          0.066
 167          0.083
 168          0.096
 169          0.113
 170          0.116
 171          0.069
 172          0.075
 173          0.077
 174          0.085
 175          0.146
 176          0.134
 177          0.154
 178          0.186
 179          0.185
 180          0.108
 181          0.086
 182          0.055
 183          0.052
 184          0.053
 185          0.025
 186          0.082
 187          0.145
 188          0.086
 189          0.069
 190          0.064
 191          0.059
 192          0.054
 193          0.045
 194          0.070
 195          0.097
 196          0.054
 197          0.055
 198          0.045
 199          0.073
 200          0.075
 201          0.119
 202          0.112
 203          0.040
 204          0.057
 205          0.112
 206          0.120
 207          0.105
 208          0.091
 209          0.098
 210          0.072
 211          0.048
 212          0.144
 213          0.183
 214          0.096
 215          0.075
 216          0.029
 217          0.093
 218          0.105
 219          0.082
 220          0.181
 221          0.239
 222          0.192
 223          0.144
 224          0.108
 225          0.149
 226          0.157
 227          0.176
 228          0.225
 229          0.286
 230          0.334
 231          0.281
 232          0.225
 233          0.230
 234          0.155
 235          0.185
 236          0.213
 237          0.169
 238          0.126
 239          0.144
 240          0.153
 241          0.194
 242          0.156
 243          0.188
 244          0.155
 245          0.119
 246          0.060
 247          0.041
 248          0.031
 249          0.048
 250          0.057
 251          0.109
 252          0.081
 253          0.071
 254          0.058
 255          0.049
 256          0.043
 257          0.031
 258          0.034
 259          0.085
 260          0.103
 261          0.101
 262          0.080
 263          0.102
 264          0.062
 265          0.055
 266          0.048
 267          0.062
 268          0.096
 269          0.115
 270          0.031
 271          0.164
 272          0.229
 273          0.189
 274          0.168
 275          0.093
 276          0.091
 277          0.079
 278          0.102
 279          0.114
 280          0.159
 281          0.149
 282          0.052
 283          0.067
 284          0.065
 285          0.088
 286          0.072
 287          0.033
 288          0.024
 289          0.051
 290          0.063
 291          0.105
 292          0.171
 293          0.156
 294          0.162
 295          0.210
 296          0.201
 297          0.176
 298          0.177
 299          0.117
 300          0.115
 301          0.073
 302          0.040
 303          0.096
 304          0.116
 305          0.114
 306          0.115
 307          0.155
 308          0.112
 309          0.104
 310          0.181
 311          0.156
 312          0.228
 313          0.228
 314          0.224
 315          0.197
 316          0.213
 317          0.149
 318          0.197
 319          0.156
 320          0.190
 321          0.189
 322          0.166
 323          0.157
 324          0.168
 325          0.196
 326          0.215
 327          0.207
 328          0.182
 329          0.195
 330          0.133
 331          0.067
 332          0.064
 333          0.072
 334          0.074
 335          0.058
 336          0.018
 337          0.043
 338          0.064
 339          0.077
 340          0.099
 341          0.081
 342          0.086
 343          0.102
 344          0.087
 345          0.044
 346          0.117
 347          0.120
 348          0.120
 349          0.119
 350          0.117
 351          0.181
 352          0.140
 353          0.200
 354          0.239
 355          0.127
 356          0.133
 357          0.119
 358          0.131
 359          0.145
 360          0.174
 361          0.129
 362          0.164
 363          0.091
 364          0.121
 365          0.116
 366          0.097
 367          0.096
 368          0.102
 369          0.126
 370          0.026
 371          0.031
 372          0.060
 373          0.035
 374          0.026
 375          0.034
 376          0.034
 377          0.072
 378          0.069
 379          0.081
 380          0.060
 381          0.059
 382          0.068
 383          0.075
 384          0.093
 385          0.131
 386          0.078
 387          0.078
 388          0.077
 389          0.070
 390          0.106
 391          0.122
 392          0.145
 393          0.156
 394          0.165
 395          0.122
 396          0.136
 397          0.142
 398          0.114
 399          0.090
 400          0.093
 401          0.106
 402          0.106
 403          0.116
 404          0.086
 405          0.054
 406          0.058
 407          0.096
 408          0.096
 409          0.099
 410          0.079
 411          0.071
 412          0.056
 413          0.057
 414          0.055
 415          0.013
 416          0.034
 417          0.018
 418          0.019
 419          0.043
 420          0.055
 421          0.050
 422          0.120
 423          0.127
 424          0.060
 425          0.049
 426          0.040
 427          0.052
 428          0.053
 429          0.079
 430          0.190
 431          0.168
 432          0.221
 433          0.160
 434          0.138
 435          0.130
 436          0.121
 437          0.118
 438          0.131
 439          0.076
 440          0.069
 441          0.078
 442          0.117
 443          0.065
 444          0.052
 445          0.024
 446          0.027
 447          0.048
 448          0.065
 449          0.058
 450          0.032
 451          0.069
 452          0.222
 453          0.117
 454          0.122
 455          0.085
 456          0.088
 457          0.070
 458          0.046
 459          0.044
 460          0.159
 461          0.183
 462          0.055
 463          0.090
 464          0.138
 465          0.193
 466          0.225
 467          0.218
 468          0.192
 469          0.186
 470          0.201
 471          0.232
 472          0.186
 473          0.163
 474          0.138
 475          0.116
 476          0.130
 477          0.152
 478          0.147
 479          0.121
 480          0.162
 481          0.191
 482          0.181
 483          0.100
 484          0.099
 485          0.114
 486          0.095
 487          0.095

# Average distance: 0.120 nm
