# Atom index    Distance (nm)
   1          0.064
   2          0.079
   3          0.038
   4          0.054
   5          0.029
   6          0.052
   7          0.089
   8          0.079
   9          0.127
  10          0.098
  11          0.151
  12          0.214
  13          0.283
  14          0.289
  15          0.287
  16          0.250
  17          0.165
  18          0.156
  19          0.188
  20          0.214
  21          0.271
  22          0.279
  23          0.267
  24          0.318
  25          0.246
  26          0.237
  27          0.219
  28          0.268
  29          0.231
  30          0.206
  31          0.207
  32          0.196
  33          0.219
  34          0.179
  35          0.192
  36          0.166
  37          0.194
  38          0.169
  39          0.129
  40          0.113
  41          0.109
  42          0.096
  43          0.155
  44          0.190
  45          0.154
  46          0.247
  47          0.294
  48          0.276
  49          0.230
  50          0.217
  51          0.151
  52          0.171
  53          0.154
  54          0.134
  55          0.109
  56          0.089
  57          0.152
  58          0.203
  59          0.217
  60          0.314
  61          0.257
  62          0.178
  63          0.122
  64          0.078
  65          0.067
  66          0.026
  67          0.013
  68          0.122
  69          0.153
  70          0.128
  71          0.050
  72          0.081
  73          0.113
  74          0.125
  75          0.147
  76          0.151
  77          0.173
  78          0.151
  79          0.149
  80          0.181
  81          0.171
  82          0.103
  83          0.132
  84          0.138
  85          0.116
  86          0.131
  87          0.145
  88          0.223
  89          0.258
  90          0.271
  91          0.297
  92          0.349
  93          0.315
  94          0.216
  95          0.204
  96          0.157
  97          0.087
  98          0.109
  99          0.157
 100          0.174
 101          0.264
 102          0.197
 103          0.186
 104          0.137
 105          0.106
 106          0.065
 107          0.190
 108          0.174
 109          0.254
 110          0.287
 111          0.334
 112          0.224
 113          0.170
 114          0.070
 115          0.056
 116          0.112
 117          0.139
 118          0.242
 119          0.232
 120          0.250
 121          0.278
 122          0.265
 123          0.239
 124          0.209
 125          0.194
 126          0.175
 127          0.163
 128          0.134
 129          0.093
 130          0.100
 131          0.108
 132          0.122
 133          0.104
 134          0.106
 135          0.092
 136          0.070
 137          0.053
 138          0.041
 139          0.044
 140          0.077
 141          0.078
 142          0.101
 143          0.149
 144          0.143
 145          0.128
 146          0.133
 147          0.118
 148          0.098
 149          0.088
 150          0.101
 151          0.159
 152          0.187
 153          0.193
 154          0.176
 155          0.114
 156          0.096
 157          0.059
 158          0.067
 159          0.133
 160          0.146
 161          0.175
 162          0.180
 163          0.160
 164          0.147
 165          0.176
 166          0.176
 167          0.146
 168          0.097
 169          0.106
 170          0.113
 171          0.075
 172          0.088
 173          0.094
 174          0.057
 175          0.063
 176          0.125
 177          0.093
 178          0.100
 179          0.111
 180          0.064
 181          0.097
 182          0.028
 183          0.075
 184          0.093
 185          0.068
 186          0.125
 187          0.135
 188          0.122
 189          0.124
 190          0.119
 191          0.102
 192          0.108
 193          0.164
 194          0.098
 195          0.116
 196          0.108
 197          0.135
 198          0.165
 199          0.240
 200          0.133
 201          0.187
 202          0.190
 203          0.146
 204          0.131
 205          0.098
 206          0.100
 207          0.116
 208          0.132
 209          0.142
 210          0.155
 211          0.161
 212          0.136
 213          0.129
 214          0.096
 215          0.081
 216          0.111
 217          0.099
 218          0.108
 219          0.113
 220          0.122
 221          0.096
 222          0.098
 223          0.147
 224          0.176
 225          0.171
 226          0.112
 227          0.124
 228          0.121
 229          0.129
 230          0.056
 231          0.178
 232          0.129
 233          0.104
 234          0.091
 235          0.133
 236          0.117
 237          0.158
 238          0.184
 239          0.216
 240          0.184
 241          0.160
 242          0.174
 243          0.208
 244          0.156
 245          0.095
 246          0.119
 247          0.133
 248          0.051
 249          0.057
 250          0.038
 251          0.058
 252          0.066
 253          0.071
 254          0.054
 255          0.056
 256          0.042
 257          0.089
 258          0.090
 259          0.109
 260          0.080
 261          0.102
 262          0.152
 263          0.150
 264          0.142
 265          0.141
 266          0.167
 267          0.169
 268          0.179
 269          0.208
 270          0.300
 271          0.309
 272          0.297
 273          0.207
 274          0.121
 275          0.117
 276          0.129
 277          0.133
 278          0.145
 279          0.179
 280          0.233
 281          0.273
 282          0.228
 283          0.201
 284          0.174
 285          0.207
 286          0.195
 287          0.128
 288          0.096
 289          0.050
 290          0.058
 291          0.066
 292          0.118
 293          0.133
 294          0.114
 295          0.337
 296          0.296
 297          0.224
 298          0.172
 299          0.140
 300          0.125
 301          0.062
 302          0.092
 303          0.130
 304          0.193
 305          0.221
 306          0.220
 307          0.178
 308          0.133
 309          0.138
 310          0.157
 311          0.150
 312          0.230
 313          0.303
 314          0.175
 315          0.144
 316          0.095
 317          0.112
 318          0.154
 319          0.136
 320          0.161
 321          0.181
 322          0.246
 323          0.266
 324          0.250
 325          0.224
 326          0.242
 327          0.242
 328          0.213
 329          0.206
 330          0.126
 331          0.150
 332          0.160
 333          0.183
 334          0.183
 335          0.141
 336          0.160
 337          0.116
 338          0.117
 339          0.117
 340          0.122
 341          0.117
 342          0.172
 343          0.166
 344          0.207
 345          0.220
 346          0.217
 347          0.202
 348          0.159
 349          0.116
 350          0.123
 351          0.087
 352          0.096
 353          0.182
 354          0.240
 355          0.194
 356          0.139
 357          0.066
 358          0.115
 359          0.129
 360          0.197
 361          0.200
 362          0.206
 363          0.210
 364          0.232
 365          0.119
 366          0.141
 367          0.151
 368          0.142
 369          0.102
 370          0.068
 371          0.094
 372          0.077
 373          0.112
 374          0.077
 375          0.066
 376          0.078
 377          0.088
 378          0.111
 379          0.096
 380          0.058
 381          0.055
 382          0.040
 383          0.064
 384          0.037
 385          0.026
 386          0.049
 387          0.075
 388          0.069
 389          0.076
 390          0.134
 391          0.187
 392          0.198
 393          0.222
 394          0.284
 395          0.302
 396          0.193
 397          0.166
 398          0.093
 399          0.066
 400          0.057
 401          0.064
 402          0.082
 403          0.096
 404          0.127
 405          0.112
 406          0.100
 407          0.102
 408          0.117
 409          0.119
 410          0.062
 411          0.064
 412          0.077
 413          0.097
 414          0.127
 415          0.109
 416          0.077
 417          0.027
 418          0.107
 419          0.122
 420          0.130
 421          0.129
 422          0.169
 423          0.214
 424          0.167
 425          0.173
 426          0.165
 427          0.144
 428          0.154
 429          0.137
 430          0.080
 431          0.071
 432          0.056
 433          0.090
 434          0.081
 435          0.148
 436          0.168
 437          0.174
 438          0.177
 439          0.161
 440          0.173
 441          0.170
 442          0.143
 443          0.138
 444          0.112
 445          0.074
 446          0.083
 447          0.085
 448          0.076
 449          0.059
 450          0.071
 451          0.105
 452          0.122
 453          0.122
 454          0.085
 455          0.080
 456          0.045
 457          0.064
 458          0.072
 459          0.094
 460          0.221
 461          0.226
 462          0.108
 463          0.082
 464          0.106
 465          0.094
 466          0.093
 467          0.103
 468          0.115
 469          0.130
 470          0.084
 471          0.123
 472          0.112
 473          0.113
 474          0.085
 475          0.062
 476          0.075
 477          0.080
 478          0.087
 479          0.078
 480          0.121
 481          0.128
 482          0.134
 483          0.107
 484          0.057
 485          0.053
 486          0.072
 487          0.077

# Average distance: 0.142 nm
