# Atom index    Distance (nm)
   1          1.524
   2          0.907
   3          0.520
   4          0.178
   5          0.089
   6          0.078
   7          0.035
   8          0.051
   9          0.060
  10          0.071
  11          0.087
  12          0.112
  13          0.144
  14          0.132
  15          0.141
  16          0.137
  17          0.082
  18          0.099
  19          0.099
  20          0.117
  21          0.129
  22          0.075
  23          0.124
  24          0.137
  25          0.134
  26          0.077
  27          0.112
  28          0.190
  29          0.100
  30          0.104
  31          0.050
  32          0.114
  33          0.135
  34          0.094
  35          0.113
  36          0.104
  37          0.019
  38          0.069
  39          0.078
  40          0.078
  41          0.065
  42          0.114
  43          0.110
  44          0.062
  45          0.076
  46          0.280
  47          0.406
  48          0.275
  49          0.153
  50          0.238
  51          0.196
  52          0.295
  53          0.121
  54          0.103
  55          0.103
  56          0.053
  57          0.044
  58          0.089
  59          0.121
  60          0.057
  61          0.075
  62          0.044
  63          0.063
  64          0.074
  65          0.076
  66          0.064
  67          0.059
  68          0.033
  69          0.046
  70          0.053
  71          0.062
  72          0.062
  73          0.030
  74          0.063
  75          0.085
  76          0.055
  77          0.052
  78          0.068
  79          0.040
  80          0.061
  81          0.004
  82          0.065
  83          0.051
  84          0.054
  85          0.087
  86          0.132
  87          0.125
  88          0.130
  89          0.166
  90          0.076
  91          0.095
  92          0.083
  93          0.112
  94          0.082
  95          0.112
  96          0.121
  97          0.124
  98          0.118
  99          0.041
 100          0.041
 101          0.030
 102          0.037
 103          0.068
 104          0.098
 105          0.117
 106          0.122
 107          0.076
 108          0.125
 109          0.162
 110          0.182
 111          0.129
 112          0.149
 113          0.152
 114          0.131
 115          0.079
 116          0.097
 117          0.128
 118          0.097
 119          0.133
 120          0.095
 121          0.113
 122          0.082
 123          0.068
 124          0.097
 125          0.099
 126          0.075
 127          0.069
 128          0.028
 129          0.072
 130          0.058
 131          0.038
 132          0.040
 133          0.081
 134          0.086
 135          0.053
 136          0.054
 137          0.069
 138          0.056
 139          0.043
 140          0.044
 141          0.029
 142          0.089
 143          0.064
 144          0.048
 145          0.045
 146          0.043
 147          0.043
 148          0.062
 149          0.059
 150          0.047
 151          0.091
 152          0.146
 153          0.339
 154          0.139
 155          0.152
 156          0.079
 157          0.085
 158          0.072
 159          0.065
 160          0.042
 161          0.040
 162          0.088
 163          0.064
 164          0.078
 165          0.052
 166          0.018
 167          0.031
 168          0.059
 169          0.026
 170          0.038
 171          0.046
 172          0.057
 173          0.056
 174          0.038
 175          0.077
 176          0.168
 177          0.222
 178          0.241
 179          0.143
 180          0.087
 181          0.089
 182          0.092
 183          0.076
 184          0.065
 185          0.043
 186          0.057
 187          0.075
 188          0.080
 189          0.073
 190          0.085
 191          0.069
 192          0.113
 193          0.054
 194          0.126
 195          0.075
 196          0.082
 197          0.075
 198          0.067
 199          0.036
 200          0.071
 201          0.081
 202          0.092
 203          0.086
 204          0.067
 205          0.056
 206          0.051
 207          0.216
 208          0.178
 209          0.116
 210          0.055
 211          0.068
 212          0.108
 213          0.160
 214          0.149
 215          0.159
 216          0.119
 217          0.130
 218          0.143
 219          0.124
 220          0.150
 221          0.260
 222          0.140
 223          0.132
 224          0.149
 225          0.127
 226          0.086
 227          0.087
 228          0.120
 229          0.203
 230          0.164
 231          0.129
 232          0.088
 233          0.074
 234          0.065
 235          0.126
 236          0.130
 237          0.186
 238          0.166
 239          0.041
 240          0.043
 241          0.084
 242          0.091
 243          0.115
 244          0.398
 245          0.477
 246          0.313
 247          0.148
 248          0.102
 249          0.013
 250          0.054
 251          0.054
 252          0.041
 253          0.041
 254          0.069
 255          0.072
 256          0.041
 257          0.045
 258          0.043
 259          0.036
 260          0.056
 261          0.084
 262          0.092
 263          0.089
 264          0.091
 265          0.073
 266          0.058
 267          0.048
 268          0.092
 269          0.136
 270          0.264
 271          0.438
 272          0.314
 273          0.265
 274          0.277
 275          0.134
 276          0.146
 277          0.100
 278          0.111
 279          0.081
 280          0.099
 281          0.084
 282          0.078
 283          0.092
 284          0.128
 285          0.154
 286          0.093
 287          0.069
 288          0.063
 289          0.054
 290          0.062
 291          0.084
 292          0.117
 293          0.234
 294          0.216
 295          0.357
 296          0.356
 297          0.232
 298          0.178
 299          0.126
 300          0.101
 301          0.042
 302          0.060
 303          0.086
 304          0.121
 305          0.127
 306          0.118
 307          0.050
 308          0.029
 309          0.060
 310          0.068
 311          0.121
 312          0.132
 313          0.158
 314          0.178
 315          0.171
 316          0.120
 317          0.082
 318          0.091
 319          0.054
 320          0.096
 321          0.081
 322          0.127
 323          0.137
 324          0.128
 325          0.129
 326          0.149
 327          0.122
 328          0.074
 329          0.078
 330          0.089
 331          0.146
 332          0.175
 333          0.164
 334          0.073
 335          0.015
 336          0.040
 337          0.118
 338          0.100
 339          0.096
 340          0.093
 341          0.138
 342          0.155
 343          0.100
 344          0.081
 345          0.070
 346          0.117
 347          0.114
 348          0.136
 349          0.122
 350          0.166
 351          0.166
 352          0.227
 353          0.323
 354          0.296
 355          0.185
 356          0.186
 357          0.139
 358          0.126
 359          0.135
 360          0.138
 361          0.143
 362          0.167
 363          0.151
 364          0.168
 365          0.098
 366          0.175
 367          0.266
 368          0.206
 369          0.136
 370          0.082
 371          0.036
 372          0.040
 373          0.054
 374          0.030
 375          0.043
 376          0.062
 377          0.081
 378          0.070
 379          0.067
 380          0.063
 381          0.072
 382          0.076
 383          0.066
 384          0.100
 385          0.102
 386          0.066
 387          0.039
 388          0.079
 389          0.067
 390          0.099
 391          0.049
 392          0.069
 393          0.050
 394          0.028
 395          0.058
 396          0.056
 397          0.037
 398          0.048
 399          0.087
 400          0.112
 401          0.116
 402          0.095
 403          0.085
 404          0.104
 405          0.096
 406          0.075
 407          0.101
 408          0.074
 409          0.091
 410          0.074
 411          0.107
 412          0.070
 413          0.048
 414          0.116
 415          0.056
 416          0.082
 417          0.031
 418          0.044
 419          0.046
 420          0.035
 421          0.032
 422          0.127
 423          0.257
 424          0.258
 425          0.064
 426          0.071
 427          0.067
 428          0.049
 429          0.107
 430          0.070
 431          0.064
 432          0.127
 433          0.100
 434          0.089
 435          0.049
 436          0.035
 437          0.043
 438          0.045
 439          0.075
 440          0.094
 441          0.129
 442          0.118
 443          0.060
 444          0.070
 445          0.075
 446          0.064
 447          0.062
 448          0.057
 449          0.048
 450          0.067
 451          0.076
 452          0.061
 453          0.068
 454          0.110
 455          0.098
 456          0.085
 457          0.072
 458          0.091
 459          0.100
 460          0.166
 461          0.157
 462          0.138
 463          0.065
 464          0.023
 465          0.059
 466          0.194
 467          0.264
 468          0.280
 469          0.122
 470          0.114
 471          0.112
 472          0.081
 473          0.065
 474          0.052
 475          0.105
 476          0.042
 477          0.051
 478          0.065
 479          0.112
 480          0.105
 481          0.109
 482          0.143
 483          0.119
 484          0.092
 485          0.098
 486          0.091
 487          0.104

# Average distance: 0.108 nm
