# Atom index    Distance (nm)
   1          0.105
   2          0.133
   3          0.115
   4          0.106
   5          0.091
   6          0.093
   7          0.082
   8          0.066
   9          0.099
  10          0.068
  11          0.083
  12          0.013
  13          0.097
  14          0.094
  15          0.136
  16          0.124
  17          0.082
  18          0.084
  19          0.086
  20          0.137
  21          0.104
  22          0.346
  23          0.143
  24          0.260
  25          0.169
  26          0.135
  27          0.117
  28          0.150
  29          0.129
  30          0.133
  31          0.119
  32          0.081
  33          0.061
  34          0.040
  35          0.031
  36          0.063
  37          0.055
  38          0.051
  39          0.081
  40          0.085
  41          0.079
  42          0.091
  43          0.117
  44          0.111
  45          0.089
  46          0.044
  47          0.170
  48          0.235
  49          0.191
  50          0.170
  51          0.119
  52          0.120
  53          0.065
  54          0.129
  55          0.107
  56          0.133
  57          0.088
  58          0.075
  59          0.075
  60          0.150
  61          0.108
  62          0.093
  63          0.106
  64          0.107
  65          0.104
  66          0.109
  67          0.157
  68          0.194
  69          0.164
  70          0.163
  71          0.126
  72          0.121
  73          0.140
  74          0.119
  75          0.150
  76          0.178
  77          0.179
  78          0.184
  79          0.143
  80          0.137
  81          0.117
  82          0.113
  83          0.124
  84          0.100
  85          0.104
  86          0.054
  87          0.039
  88          0.038
  89          0.025
  90          0.073
  91          0.131
  92          0.111
  93          0.103
  94          0.075
  95          0.049
  96          0.059
  97          0.022
  98          0.086
  99          0.103
 100          0.103
 101          0.096
 102          0.091
 103          0.075
 104          0.081
 105          0.092
 106          0.100
 107          0.112
 108          0.151
 109          0.145
 110          0.183
 111          0.196
 112          0.177
 113          0.120
 114          0.097
 115          0.097
 116          0.120
 117          0.117
 118          0.073
 119          0.062
 120          0.112
 121          0.151
 122          0.146
 123          0.135
 124          0.087
 125          0.088
 126          0.099
 127          0.094
 128          0.048
 129          0.058
 130          0.071
 131          0.093
 132          0.062
 133          0.038
 134          0.014
 135          0.037
 136          0.086
 137          0.101
 138          0.060
 139          0.086
 140          0.068
 141          0.096
 142          0.146
 143          0.126
 144          0.098
 145          0.078
 146          0.102
 147          0.077
 148          0.093
 149          0.100
 150          0.150
 151          0.157
 152          0.249
 153          0.220
 154          0.130
 155          0.119
 156          0.079
 157          0.086
 158          0.110
 159          0.067
 160          0.109
 161          0.093
 162          0.115
 163          0.098
 164          0.091
 165          0.052
 166          0.076
 167          0.069
 168          0.086
 169          0.094
 170          0.086
 171          0.083
 172          0.062
 173          0.082
 174          0.090
 175          0.076
 176          0.207
 177          0.263
 178          0.258
 179          0.120
 180          0.053
 181          0.086
 182          0.114
 183          0.085
 184          0.087
 185          0.076
 186          0.073
 187          0.109
 188          0.087
 189          0.063
 190          0.078
 191          0.105
 192          0.089
 193          0.114
 194          0.092
 195          0.095
 196          0.081
 197          0.077
 198          0.094
 199          0.052
 200          0.066
 201          0.043
 202          0.045
 203          0.055
 204          0.075
 205          0.077
 206          0.074
 207          0.078
 208          0.068
 209          0.124
 210          0.203
 211          0.208
 212          0.335
 213          0.267
 214          0.143
 215          0.159
 216          0.124
 217          0.108
 218          0.096
 219          0.048
 220          0.032
 221          0.069
 222          0.066
 223          0.060
 224          0.067
 225          0.105
 226          0.105
 227          0.120
 228          0.100
 229          0.172
 230          0.190
 231          0.134
 232          0.120
 233          0.082
 234          0.087
 235          0.078
 236          0.116
 237          0.072
 238          0.105
 239          0.179
 240          0.347
 241          0.178
 242          0.215
 243          0.208
 244          0.166
 245          0.103
 246          0.083
 247          0.103
 248          0.110
 249          0.105
 250          0.110
 251          0.118
 252          0.061
 253          0.091
 254          0.078
 255          0.080
 256          0.037
 257          0.020
 258          0.018
 259          0.072
 260          0.114
 261          0.083
 262          0.077
 263          0.104
 264          0.108
 265          0.122
 266          0.118
 267          0.082
 268          0.068
 269          0.192
 270          0.086
 271          0.191
 272          0.170
 273          0.136
 274          0.092
 275          0.116
 276          0.115
 277          0.118
 278          0.114
 279          0.111
 280          0.176
 281          0.184
 282          0.192
 283          0.183
 284          0.135
 285          0.081
 286          0.070
 287          0.061
 288          0.041
 289          0.045
 290          0.093
 291          0.057
 292          0.059
 293          0.097
 294          0.091
 295          0.183
 296          0.157
 297          0.085
 298          0.043
 299          0.045
 300          0.073
 301          0.086
 302          0.019
 303          0.068
 304          0.053
 305          0.071
 306          0.061
 307          0.023
 308          0.107
 309          0.147
 310          0.153
 311          0.252
 312          0.286
 313          0.353
 314          0.306
 315          0.222
 316          0.223
 317          0.181
 318          0.130
 319          0.048
 320          0.074
 321          0.070
 322          0.126
 323          0.127
 324          0.122
 325          0.135
 326          0.099
 327          0.063
 328          0.139
 329          0.111
 330          0.076
 331          0.114
 332          0.117
 333          0.101
 334          0.102
 335          0.144
 336          0.117
 337          0.130
 338          0.151
 339          0.107
 340          0.103
 341          0.114
 342          0.108
 343          0.111
 344          0.124
 345          0.126
 346          0.149
 347          0.158
 348          0.136
 349          0.124
 350          0.141
 351          0.135
 352          0.166
 353          0.181
 354          0.162
 355          0.135
 356          0.139
 357          0.149
 358          0.135
 359          0.132
 360          0.130
 361          0.152
 362          0.141
 363          0.268
 364          0.211
 365          0.173
 366          0.149
 367          0.130
 368          0.124
 369          0.126
 370          0.113
 371          0.100
 372          0.025
 373          0.031
 374          0.050
 375          0.028
 376          0.058
 377          0.059
 378          0.062
 379          0.091
 380          0.105
 381          0.086
 382          0.091
 383          0.136
 384          0.022
 385          0.105
 386          0.214
 387          0.083
 388          0.037
 389          0.063
 390          0.017
 391          0.066
 392          0.103
 393          0.207
 394          0.052
 395          0.189
 396          0.133
 397          0.108
 398          0.087
 399          0.082
 400          0.081
 401          0.057
 402          0.028
 403          0.051
 404          0.077
 405          0.073
 406          0.058
 407          0.090
 408          0.058
 409          0.053
 410          0.059
 411          0.089
 412          0.082
 413          0.193
 414          0.145
 415          0.140
 416          0.090
 417          0.077
 418          0.082
 419          0.090
 420          0.077
 421          0.071
 422          0.124
 423          0.186
 424          0.138
 425          0.114
 426          0.149
 427          0.135
 428          0.123
 429          0.111
 430          0.136
 431          0.195
 432          0.124
 433          0.095
 434          0.165
 435          0.149
 436          0.131
 437          0.123
 438          0.208
 439          0.262
 440          0.251
 441          0.216
 442          0.086
 443          0.138
 444          0.086
 445          0.100
 446          0.081
 447          0.092
 448          0.078
 449          0.079
 450          0.036
 451          0.041
 452          0.044
 453          0.042
 454          0.018
 455          0.020
 456          0.043
 457          0.068
 458          0.067
 459          0.088
 460          0.155
 461          0.151
 462          0.102
 463          0.103
 464          0.082
 465          0.072
 466          0.109
 467          0.114
 468          0.259
 469          0.129
 470          0.153
 471          0.083
 472          0.123
 473          0.075
 474          0.097
 475          0.078
 476          0.071
 477          0.112
 478          0.111
 479          0.071
 480          0.041
 481          0.051
 482          0.059
 483          0.056
 484          0.052
 485          0.048
 486          0.040
 487          0.051

# Average distance: 0.109 nm
