# Atom index    Distance (nm)
   1          0.140
   2          0.051
   3          0.068
   4          0.045
   5          0.082
   6          0.080
   7          0.106
   8          0.056
   9          0.039
  10          0.037
  11          0.033
  12          0.067
  13          0.070
  14          0.092
  15          0.064
  16          0.038
  17          0.059
  18          0.054
  19          0.035
  20          0.089
  21          0.125
  22          0.263
  23          0.293
  24          0.275
  25          0.168
  26          0.111
  27          0.048
  28          0.008
  29          0.025
  30          0.054
  31          0.088
  32          0.093
  33          0.105
  34          0.067
  35          0.067
  36          0.062
  37          0.051
  38          0.050
  39          0.057
  40          0.067
  41          0.048
  42          0.077
  43          0.100
  44          0.062
  45          0.078
  46          0.066
  47          0.037
  48          0.093
  49          0.078
  50          0.039
  51          0.099
  52          0.210
  53          0.161
  54          0.086
  55          0.060
  56          0.045
  57          0.055
  58          0.052
  59          0.112
  60          0.186
  61          0.109
  62          0.068
  63          0.070
  64          0.081
  65          0.097
  66          0.106
  67          0.138
  68          0.213
  69          0.229
  70          0.221
  71          0.196
  72          0.134
  73          0.112
  74          0.114
  75          0.137
  76          0.102
  77          0.099
  78          0.051
  79          0.118
  80          0.230
  81          0.201
  82          0.153
  83          0.086
  84          0.109
  85          0.123
  86          0.231
  87          0.211
  88          0.066
  89          0.083
  90          0.040
  91          0.103
  92          0.091
  93          0.104
  94          0.055
  95          0.057
  96          0.063
  97          0.099
  98          0.167
  99          0.158
 100          0.147
 101          0.164
 102          0.225
 103          0.194
 104          0.143
 105          0.072
 106          0.049
 107          0.047
 108          0.091
 109          0.075
 110          0.091
 111          0.122
 112          0.119
 113          0.091
 114          0.074
 115          0.088
 116          0.091
 117          0.085
 118          0.115
 119          0.087
 120          0.054
 121          0.022
 122          0.026
 123          0.028
 124          0.023
 125          0.013
 126          0.059
 127          0.056
 128          0.065
 129          0.072
 130          0.033
 131          0.035
 132          0.071
 133          0.050
 134          0.070
 135          0.075
 136          0.081
 137          0.024
 138          0.078
 139          0.080
 140          0.090
 141          0.122
 142          0.115
 143          0.070
 144          0.072
 145          0.070
 146          0.067
 147          0.078
 148          0.075
 149          0.105
 150          0.100
 151          0.146
 152          0.201
 153          0.171
 154          0.161
 155          0.136
 156          0.112
 157          0.117
 158          0.125
 159          0.059
 160          0.044
 161          0.050
 162          0.096
 163          0.067
 164          0.036
 165          0.077
 166          0.104
 167          0.100
 168          0.085
 169          0.075
 170          0.067
 171          0.076
 172          0.082
 173          0.082
 174          0.101
 175          0.122
 176          0.123
 177          0.149
 178          0.112
 179          0.071
 180          0.093
 181          0.093
 182          0.066
 183          0.067
 184          0.048
 185          0.052
 186          0.060
 187          0.086
 188          0.058
 189          0.052
 190          0.053
 191          0.074
 192          0.057
 193          0.066
 194          0.031
 195          0.045
 196          0.043
 197          0.021
 198          0.032
 199          0.033
 200          0.030
 201          0.034
 202          0.066
 203          0.060
 204          0.056
 205          0.087
 206          0.042
 207          0.068
 208          0.078
 209          0.077
 210          0.073
 211          0.034
 212          0.061
 213          0.077
 214          0.055
 215          0.058
 216          0.085
 217          0.070
 218          0.096
 219          0.088
 220          0.066
 221          0.064
 222          0.077
 223          0.087
 224          0.050
 225          0.044
 226          0.055
 227          0.062
 228          0.037
 229          0.060
 230          0.042
 231          0.036
 232          0.062
 233          0.079
 234          0.070
 235          0.069
 236          0.070
 237          0.132
 238          0.174
 239          0.290
 240          0.352
 241          0.105
 242          0.106
 243          0.135
 244          0.057
 245          0.065
 246          0.106
 247          0.050
 248          0.105
 249          0.074
 250          0.037
 251          0.065
 252          0.069
 253          0.042
 254          0.074
 255          0.072
 256          0.078
 257          0.074
 258          0.044
 259          0.033
 260          0.093
 261          0.120
 262          0.188
 263          0.234
 264          0.229
 265          0.173
 266          0.157
 267          0.123
 268          0.120
 269          0.148
 270          0.142
 271          0.195
 272          0.183
 273          0.163
 274          0.131
 275          0.121
 276          0.140
 277          0.181
 278          0.174
 279          0.156
 280          0.198
 281          0.218
 282          0.136
 283          0.139
 284          0.136
 285          0.175
 286          0.119
 287          0.104
 288          0.115
 289          0.123
 290          0.125
 291          0.087
 292          0.081
 293          0.110
 294          0.121
 295          0.076
 296          0.084
 297          0.082
 298          0.066
 299          0.082
 300          0.083
 301          0.070
 302          0.130
 303          0.132
 304          0.109
 305          0.182
 306          0.195
 307          0.202
 308          0.136
 309          0.070
 310          0.033
 311          0.038
 312          0.044
 313          0.096
 314          0.075
 315          0.092
 316          0.073
 317          0.065
 318          0.090
 319          0.102
 320          0.132
 321          0.116
 322          0.170
 323          0.176
 324          0.137
 325          0.159
 326          0.139
 327          0.057
 328          0.065
 329          0.057
 330          0.044
 331          0.112
 332          0.108
 333          0.166
 334          0.087
 335          0.128
 336          0.112
 337          0.116
 338          0.106
 339          0.116
 340          0.168
 341          0.102
 342          0.104
 343          0.080
 344          0.124
 345          0.186
 346          0.212
 347          0.146
 348          0.148
 349          0.086
 350          0.151
 351          0.179
 352          0.137
 353          0.159
 354          0.158
 355          0.151
 356          0.154
 357          0.113
 358          0.105
 359          0.092
 360          0.160
 361          0.213
 362          0.255
 363          0.277
 364          0.235
 365          0.268
 366          0.278
 367          0.246
 368          0.205
 369          0.130
 370          0.098
 371          0.109
 372          0.068
 373          0.068
 374          0.060
 375          0.049
 376          0.050
 377          0.050
 378          0.111
 379          0.054
 380          0.068
 381          0.046
 382          0.042
 383          0.047
 384          0.032
 385          0.055
 386          0.066
 387          0.049
 388          0.047
 389          0.047
 390          0.047
 391          0.071
 392          0.069
 393          0.100
 394          0.142
 395          0.111
 396          0.082
 397          0.071
 398          0.050
 399          0.055
 400          0.112
 401          0.072
 402          0.033
 403          0.095
 404          0.151
 405          0.055
 406          0.048
 407          0.062
 408          0.088
 409          0.114
 410          0.079
 411          0.070
 412          0.120
 413          0.172
 414          0.197
 415          0.203
 416          0.205
 417          0.054
 418          0.083
 419          0.096
 420          0.096
 421          0.116
 422          0.101
 423          0.057
 424          0.105
 425          0.064
 426          0.076
 427          0.060
 428          0.063
 429          0.074
 430          0.136
 431          0.166
 432          0.066
 433          0.047
 434          0.074
 435          0.068
 436          0.082
 437          0.090
 438          0.049
 439          0.101
 440          0.093
 441          0.195
 442          0.148
 443          0.114
 444          0.090
 445          0.054
 446          0.073
 447          0.071
 448          0.071
 449          0.034
 450          0.055
 451          0.120
 452          0.114
 453          0.097
 454          0.078
 455          0.063
 456          0.068
 457          0.072
 458          0.123
 459          0.081
 460          0.080
 461          0.090
 462          0.081
 463          0.048
 464          0.050
 465          0.067
 466          0.058
 467          0.099
 468          0.108
 469          0.109
 470          0.095
 471          0.099
 472          0.101
 473          0.066
 474          0.065
 475          0.118
 476          0.058
 477          0.081
 478          0.089
 479          0.106
 480          0.184
 481          0.244
 482          0.279
 483          0.153
 484          0.079
 485          0.057
 486          0.057
 487          0.086

# Average distance: 0.099 nm
