# Atom index    Distance (nm)
   1          0.206
   2          0.155
   3          0.038
   4          0.051
   5          0.029
   6          0.047
   7          0.040
   8          0.032
   9          0.042
  10          0.042
  11          0.098
  12          0.107
  13          0.101
  14          0.100
  15          0.100
  16          0.060
  17          0.066
  18          0.062
  19          0.037
  20          0.026
  21          0.060
  22          0.061
  23          0.103
  24          0.200
  25          0.223
  26          0.099
  27          0.058
  28          0.053
  29          0.075
  30          0.118
  31          0.086
  32          0.097
  33          0.072
  34          0.055
  35          0.061
  36          0.078
  37          0.068
  38          0.055
  39          0.060
  40          0.068
  41          0.074
  42          0.060
  43          0.019
  44          0.040
  45          0.072
  46          0.028
  47          0.103
  48          0.169
  49          0.180
  50          0.151
  51          0.069
  52          0.031
  53          0.033
  54          0.060
  55          0.053
  56          0.057
  57          0.053
  58          0.068
  59          0.080
  60          0.113
  61          0.090
  62          0.061
  63          0.093
  64          0.073
  65          0.091
  66          0.141
  67          0.117
  68          0.117
  69          0.137
  70          0.118
  71          0.171
  72          0.160
  73          0.130
  74          0.079
  75          0.146
  76          0.120
  77          0.146
  78          0.123
  79          0.093
  80          0.097
  81          0.088
  82          0.107
  83          0.097
  84          0.081
  85          0.072
  86          0.063
  87          0.091
  88          0.152
  89          0.227
  90          0.210
  91          0.236
  92          0.130
  93          0.106
  94          0.063
  95          0.069
  96          0.071
  97          0.066
  98          0.090
  99          0.107
 100          0.113
 101          0.124
 102          0.140
 103          0.140
 104          0.091
 105          0.066
 106          0.043
 107          0.035
 108          0.043
 109          0.054
 110          0.091
 111          0.108
 112          0.086
 113          0.042
 114          0.066
 115          0.075
 116          0.053
 117          0.058
 118          0.065
 119          0.112
 120          0.101
 121          0.070
 122          0.043
 123          0.013
 124          0.042
 125          0.030
 126          0.060
 127          0.055
 128          0.056
 129          0.050
 130          0.038
 131          0.041
 132          0.025
 133          0.039
 134          0.038
 135          0.053
 136          0.031
 137          0.028
 138          0.036
 139          0.033
 140          0.031
 141          0.030
 142          0.042
 143          0.024
 144          0.017
 145          0.036
 146          0.035
 147          0.041
 148          0.023
 149          0.108
 150          0.166
 151          0.191
 152          0.208
 153          0.190
 154          0.142
 155          0.102
 156          0.093
 157          0.085
 158          0.051
 159          0.019
 160          0.042
 161          0.025
 162          0.053
 163          0.086
 164          0.060
 165          0.049
 166          0.048
 167          0.080
 168          0.056
 169          0.068
 170          0.070
 171          0.053
 172          0.063
 173          0.073
 174          0.042
 175          0.036
 176          0.058
 177          0.060
 178          0.070
 179          0.040
 180          0.063
 181          0.069
 182          0.073
 183          0.056
 184          0.047
 185          0.093
 186          0.083
 187          0.063
 188          0.064
 189          0.078
 190          0.064
 191          0.080
 192          0.066
 193          0.048
 194          0.043
 195          0.043
 196          0.046
 197          0.066
 198          0.061
 199          0.153
 200          0.120
 201          0.137
 202          0.096
 203          0.074
 204          0.047
 205          0.022
 206          0.029
 207          0.031
 208          0.049
 209          0.052
 210          0.086
 211          0.084
 212          0.109
 213          0.104
 214          0.088
 215          0.091
 216          0.058
 217          0.060
 218          0.020
 219          0.029
 220          0.052
 221          0.041
 222          0.084
 223          0.060
 224          0.024
 225          0.048
 226          0.019
 227          0.041
 228          0.041
 229          0.076
 230          0.109
 231          0.089
 232          0.090
 233          0.095
 234          0.071
 235          0.076
 236          0.058
 237          0.213
 238          0.273
 239          0.284
 240          0.247
 241          0.226
 242          0.121
 243          0.135
 244          0.111
 245          0.069
 246          0.039
 247          0.050
 248          0.057
 249          0.055
 250          0.080
 251          0.091
 252          0.043
 253          0.028
 254          0.065
 255          0.080
 256          0.056
 257          0.060
 258          0.069
 259          0.068
 260          0.047
 261          0.076
 262          0.106
 263          0.088
 264          0.158
 265          0.081
 266          0.058
 267          0.022
 268          0.030
 269          0.049
 270          0.035
 271          0.027
 272          0.079
 273          0.125
 274          0.090
 275          0.077
 276          0.093
 277          0.104
 278          0.105
 279          0.135
 280          0.195
 281          0.196
 282          0.147
 283          0.114
 284          0.103
 285          0.041
 286          0.064
 287          0.060
 288          0.059
 289          0.089
 290          0.100
 291          0.107
 292          0.077
 293          0.084
 294          0.115
 295          0.173
 296          0.215
 297          0.162
 298          0.097
 299          0.065
 300          0.026
 301          0.040
 302          0.038
 303          0.025
 304          0.046
 305          0.096
 306          0.072
 307          0.028
 308          0.061
 309          0.045
 310          0.047
 311          0.052
 312          0.095
 313          0.083
 314          0.110
 315          0.079
 316          0.084
 317          0.085
 318          0.043
 319          0.019
 320          0.058
 321          0.072
 322          0.046
 323          0.032
 324          0.083
 325          0.097
 326          0.041
 327          0.042
 328          0.047
 329          0.066
 330          0.055
 331          0.037
 332          0.033
 333          0.121
 334          0.171
 335          0.124
 336          0.071
 337          0.070
 338          0.074
 339          0.079
 340          0.116
 341          0.117
 342          0.070
 343          0.083
 344          0.067
 345          0.126
 346          0.089
 347          0.084
 348          0.077
 349          0.074
 350          0.068
 351          0.097
 352          0.096
 353          0.089
 354          0.168
 355          0.120
 356          0.136
 357          0.077
 358          0.057
 359          0.068
 360          0.028
 361          0.035
 362          0.105
 363          0.095
 364          0.119
 365          0.128
 366          0.113
 367          0.070
 368          0.091
 369          0.076
 370          0.059
 371          0.012
 372          0.010
 373          0.064
 374          0.080
 375          0.042
 376          0.050
 377          0.039
 378          0.044
 379          0.034
 380          0.037
 381          0.048
 382          0.065
 383          0.085
 384          0.158
 385          0.101
 386          0.091
 387          0.127
 388          0.087
 389          0.044
 390          0.066
 391          0.037
 392          0.037
 393          0.046
 394          0.053
 395          0.014
 396          0.019
 397          0.022
 398          0.035
 399          0.021
 400          0.064
 401          0.098
 402          0.093
 403          0.073
 404          0.066
 405          0.110
 406          0.086
 407          0.114
 408          0.065
 409          0.047
 410          0.052
 411          0.056
 412          0.038
 413          0.107
 414          0.107
 415          0.130
 416          0.084
 417          0.069
 418          0.041
 419          0.039
 420          0.034
 421          0.093
 422          0.183
 423          0.069
 424          0.095
 425          0.036
 426          0.059
 427          0.045
 428          0.046
 429          0.088
 430          0.136
 431          0.192
 432          0.191
 433          0.090
 434          0.044
 435          0.041
 436          0.037
 437          0.057
 438          0.120
 439          0.078
 440          0.055
 441          0.045
 442          0.031
 443          0.021
 444          0.051
 445          0.092
 446          0.087
 447          0.103
 448          0.087
 449          0.112
 450          0.050
 451          0.009
 452          0.023
 453          0.056
 454          0.106
 455          0.064
 456          0.076
 457          0.078
 458          0.078
 459          0.073
 460          0.042
 461          0.031
 462          0.055
 463          0.076
 464          0.081
 465          0.065
 466          0.082
 467          0.088
 468          0.175
 469          0.125
 470          0.120
 471          0.055
 472          0.050
 473          0.066
 474          0.070
 475          0.098
 476          0.112
 477          0.104
 478          0.096
 479          0.099
 480          0.106
 481          0.130
 482          0.096
 483          0.034
 484          0.039
 485          0.071
 486          0.069
 487          0.027

# Average distance: 0.079 nm
