# Atom index    Distance (nm)
   1          0.186
   2          0.208
   3          0.051
   4          0.058
   5          0.285
   6          0.201
   7          0.189
   8          0.116
   9          0.051
  10          0.050
  11          0.048
  12          0.053
  13          0.069
  14          0.115
  15          0.071
  16          0.067
  17          0.040
  18          0.054
  19          0.083
  20          0.092
  21          0.072
  22          0.087
  23          0.034
  24          0.024
  25          0.100
  26          0.110
  27          0.170
  28          0.244
  29          0.113
  30          0.164
  31          0.165
  32          0.178
  33          0.135
  34          0.111
  35          0.054
  36          0.065
  37          0.086
  38          0.072
  39          0.071
  40          0.055
  41          0.087
  42          0.134
  43          0.129
  44          0.080
  45          0.068
  46          0.161
  47          0.293
  48          0.209
  49          0.272
  50          0.505
  51          0.324
  52          0.256
  53          0.183
  54          0.141
  55          0.102
  56          0.042
  57          0.030
  58          0.069
  59          0.065
  60          0.051
  61          0.053
  62          0.046
  63          0.035
  64          0.040
  65          0.064
  66          0.070
  67          0.084
  68          0.115
  69          0.065
  70          0.145
  71          0.185
  72          0.084
  73          0.083
  74          0.088
  75          0.113
  76          0.090
  77          0.064
  78          0.018
  79          0.088
  80          0.097
  81          0.119
  82          0.110
  83          0.086
  84          0.123
  85          0.114
  86          0.100
  87          0.092
  88          0.164
  89          0.115
  90          0.077
  91          0.079
  92          0.124
  93          0.190
  94          0.091
  95          0.048
  96          0.096
  97          0.110
  98          0.074
  99          0.095
 100          0.097
 101          0.113
 102          0.145
 103          0.136
 104          0.122
 105          0.127
 106          0.130
 107          0.160
 108          0.208
 109          0.238
 110          0.227
 111          0.225
 112          0.183
 113          0.148
 114          0.152
 115          0.130
 116          0.094
 117          0.110
 118          0.131
 119          0.098
 120          0.041
 121          0.099
 122          0.153
 123          0.179
 124          0.089
 125          0.041
 126          0.041
 127          0.066
 128          0.092
 129          0.083
 130          0.066
 131          0.076
 132          0.049
 133          0.040
 134          0.048
 135          0.057
 136          0.019
 137          0.007
 138          0.029
 139          0.068
 140          0.090
 141          0.049
 142          0.134
 143          0.128
 144          0.144
 145          0.111
 146          0.082
 147          0.060
 148          0.063
 149          0.113
 150          0.099
 151          0.070
 152          0.204
 153          0.187
 154          0.138
 155          0.115
 156          0.076
 157          0.084
 158          0.082
 159          0.085
 160          0.113
 161          0.110
 162          0.118
 163          0.134
 164          0.090
 165          0.084
 166          0.079
 167          0.063
 168          0.074
 169          0.024
 170          0.025
 171          0.042
 172          0.054
 173          0.057
 174          0.142
 175          0.220
 176          0.142
 177          0.249
 178          0.105
 179          0.159
 180          0.253
 181          0.114
 182          0.068
 183          0.021
 184          0.040
 185          0.045
 186          0.058
 187          0.056
 188          0.061
 189          0.045
 190          0.037
 191          0.093
 192          0.139
 193          0.124
 194          0.114
 195          0.075
 196          0.042
 197          0.046
 198          0.055
 199          0.166
 200          0.125
 201          0.165
 202          0.144
 203          0.119
 204          0.082
 205          0.157
 206          0.151
 207          0.180
 208          0.180
 209          0.176
 210          0.220
 211          0.229
 212          0.267
 213          0.131
 214          0.164
 215          0.135
 216          0.130
 217          0.141
 218          0.184
 219          0.149
 220          0.221
 221          0.279
 222          0.211
 223          0.156
 224          0.153
 225          0.081
 226          0.110
 227          0.111
 228          0.145
 229          0.252
 230          0.297
 231          0.174
 232          0.144
 233          0.108
 234          0.081
 235          0.052
 236          0.090
 237          0.147
 238          0.211
 239          0.378
 240          0.393
 241          0.385
 242          0.238
 243          0.240
 244          0.277
 245          0.159
 246          0.119
 247          0.122
 248          0.100
 249          0.073
 250          0.061
 251          0.066
 252          0.105
 253          0.068
 254          0.059
 255          0.048
 256          0.032
 257          0.046
 258          0.039
 259          0.055
 260          0.066
 261          0.078
 262          0.128
 263          0.066
 264          0.038
 265          0.053
 266          0.086
 267          0.053
 268          0.054
 269          0.041
 270          0.072
 271          0.124
 272          0.119
 273          0.078
 274          0.073
 275          0.057
 276          0.048
 277          0.048
 278          0.064
 279          0.101
 280          0.135
 281          0.190
 282          0.209
 283          0.174
 284          0.148
 285          0.126
 286          0.045
 287          0.095
 288          0.044
 289          0.025
 290          0.066
 291          0.048
 292          0.086
 293          0.065
 294          0.035
 295          0.097
 296          0.066
 297          0.023
 298          0.027
 299          0.035
 300          0.043
 301          0.043
 302          0.020
 303          0.032
 304          0.022
 305          0.075
 306          0.067
 307          0.072
 308          0.040
 309          0.035
 310          0.040
 311          0.118
 312          0.132
 313          0.123
 314          0.087
 315          0.117
 316          0.080
 317          0.032
 318          0.022
 319          0.041
 320          0.032
 321          0.046
 322          0.190
 323          0.119
 324          0.071
 325          0.103
 326          0.109
 327          0.058
 328          0.037
 329          0.048
 330          0.035
 331          0.096
 332          0.087
 333          0.029
 334          0.025
 335          0.102
 336          0.062
 337          0.057
 338          0.070
 339          0.034
 340          0.068
 341          0.067
 342          0.094
 343          0.090
 344          0.074
 345          0.173
 346          0.121
 347          0.116
 348          0.088
 349          0.064
 350          0.048
 351          0.066
 352          0.061
 353          0.137
 354          0.087
 355          0.062
 356          0.043
 357          0.066
 358          0.078
 359          0.120
 360          0.125
 361          0.071
 362          0.011
 363          0.127
 364          0.085
 365          0.104
 366          0.078
 367          0.081
 368          0.077
 369          0.088
 370          0.056
 371          0.086
 372          0.046
 373          0.032
 374          0.026
 375          0.035
 376          0.032
 377          0.046
 378          0.074
 379          0.095
 380          0.039
 381          0.054
 382          0.051
 383          0.038
 384          0.072
 385          0.068
 386          0.117
 387          0.065
 388          0.058
 389          0.042
 390          0.055
 391          0.087
 392          0.080
 393          0.238
 394          0.235
 395          0.100
 396          0.129
 397          0.079
 398          0.051
 399          0.043
 400          0.056
 401          0.043
 402          0.062
 403          0.050
 404          0.039
 405          0.051
 406          0.087
 407          0.100
 408          0.056
 409          0.076
 410          0.034
 411          0.072
 412          0.092
 413          0.093
 414          0.084
 415          0.068
 416          0.055
 417          0.039
 418          0.052
 419          0.067
 420          0.054
 421          0.103
 422          0.158
 423          0.178
 424          0.174
 425          0.124
 426          0.080
 427          0.076
 428          0.093
 429          0.149
 430          0.296
 431          0.207
 432          0.029
 433          0.133
 434          0.058
 435          0.059
 436          0.091
 437          0.087
 438          0.103
 439          0.163
 440          0.159
 441          0.119
 442          0.171
 443          0.164
 444          0.076
 445          0.052
 446          0.065
 447          0.060
 448          0.061
 449          0.065
 450          0.059
 451          0.073
 452          0.085
 453          0.094
 454          0.062
 455          0.076
 456          0.060
 457          0.073
 458          0.080
 459          0.076
 460          0.118
 461          0.109
 462          0.054
 463          0.034
 464          0.062
 465          0.050
 466          0.140
 467          0.131
 468          0.117
 469          0.074
 470          0.023
 471          0.033
 472          0.036
 473          0.054
 474          0.076
 475          0.079
 476          0.117
 477          0.175
 478          0.208
 479          0.172
 480          0.189
 481          0.189
 482          0.154
 483          0.082
 484          0.058
 485          0.045
 486          0.058
 487          0.106

# Average distance: 0.101 nm
