# Atom index    Distance (nm)
   1          0.201
   2          0.147
   3          0.131
   4          0.050
   5          0.154
   6          0.155
   7          0.126
   8          0.142
   9          0.112
  10          0.094
  11          0.095
  12          0.218
  13          0.218
  14          0.174
  15          0.146
  16          0.138
  17          0.129
  18          0.113
  19          0.160
  20          0.151
  21          0.236
  22          0.414
  23          0.460
  24          0.481
  25          0.311
  26          0.302
  27          0.234
  28          0.238
  29          0.219
  30          0.168
  31          0.146
  32          0.127
  33          0.134
  34          0.135
  35          0.130
  36          0.194
  37          0.162
  38          0.113
  39          0.128
  40          0.117
  41          0.157
  42          0.163
  43          0.158
  44          0.203
  45          0.257
  46          0.249
  47          0.336
  48          0.270
  49          0.224
  50          0.213
  51          0.246
  52          0.417
  53          0.208
  54          0.166
  55          0.135
  56          0.107
  57          0.141
  58          0.152
  59          0.190
  60          0.234
  61          0.234
  62          0.175
  63          0.160
  64          0.086
  65          0.106
  66          0.103
  67          0.187
  68          0.264
  69          0.247
  70          0.284
  71          0.230
  72          0.141
  73          0.144
  74          0.136
  75          0.187
  76          0.164
  77          0.223
  78          0.262
  79          0.184
  80          0.105
  81          0.118
  82          0.087
  83          0.079
  84          0.157
  85          0.126
  86          0.189
  87          0.249
  88          0.297
  89          0.335
  90          0.368
  91          0.470
  92          0.447
  93          0.380
  94          0.209
  95          0.242
  96          0.214
  97          0.188
  98          0.208
  99          0.168
 100          0.186
 101          0.149
 102          0.180
 103          0.245
 104          0.262
 105          0.227
 106          0.172
 107          0.189
 108          0.276
 109          0.275
 110          0.229
 111          0.263
 112          0.189
 113          0.191
 114          0.207
 115          0.216
 116          0.313
 117          0.315
 118          0.332
 119          0.306
 120          0.309
 121          0.310
 122          0.186
 123          0.240
 124          0.287
 125          0.261
 126          0.158
 127          0.145
 128          0.068
 129          0.049
 130          0.122
 131          0.124
 132          0.136
 133          0.052
 134          0.102
 135          0.079
 136          0.098
 137          0.089
 138          0.079
 139          0.056
 140          0.074
 141          0.135
 142          0.037
 143          0.113
 144          0.108
 145          0.063
 146          0.041
 147          0.052
 148          0.052
 149          0.073
 150          0.101
 151          0.093
 152          0.175
 153          0.074
 154          0.099
 155          0.103
 156          0.043
 157          0.027
 158          0.047
 159          0.054
 160          0.073
 161          0.065
 162          0.062
 163          0.047
 164          0.071
 165          0.102
 166          0.068
 167          0.071
 168          0.105
 169          0.077
 170          0.080
 171          0.089
 172          0.051
 173          0.090
 174          0.134
 175          0.136
 176          0.162
 177          0.213
 178          0.083
 179          0.106
 180          0.139
 181          0.116
 182          0.091
 183          0.040
 184          0.053
 185          0.140
 186          0.119
 187          0.089
 188          0.088
 189          0.068
 190          0.073
 191          0.080
 192          0.053
 193          0.048
 194          0.052
 195          0.075
 196          0.065
 197          0.079
 198          0.084
 199          0.073
 200          0.076
 201          0.100
 202          0.088
 203          0.099
 204          0.045
 205          0.049
 206          0.084
 207          0.086
 208          0.099
 209          0.121
 210          0.188
 211          0.323
 212          0.341
 213          0.334
 214          0.163
 215          0.125
 216          0.057
 217          0.031
 218          0.012
 219          0.096
 220          0.059
 221          0.051
 222          0.106
 223          0.091
 224          0.132
 225          0.106
 226          0.075
 227          0.081
 228          0.057
 229          0.067
 230          0.074
 231          0.067
 232          0.098
 233          0.102
 234          0.080
 235          0.099
 236          0.092
 237          0.084
 238          0.310
 239          0.376
 240          0.288
 241          0.345
 242          0.288
 243          0.308
 244          0.162
 245          0.145
 246          0.037
 247          0.056
 248          0.043
 249          0.072
 250          0.072
 251          0.046
 252          0.152
 253          0.156
 254          0.165
 255          0.131
 256          0.094
 257          0.092
 258          0.086
 259          0.098
 260          0.111
 261          0.114
 262          0.174
 263          0.223
 264          0.239
 265          0.163
 266          0.109
 267          0.103
 268          0.114
 269          0.093
 270          0.093
 271          0.073
 272          0.096
 273          0.088
 274          0.129
 275          0.113
 276          0.121
 277          0.103
 278          0.100
 279          0.075
 280          0.109
 281          0.109
 282          0.122
 283          0.101
 284          0.095
 285          0.090
 286          0.092
 287          0.070
 288          0.044
 289          0.070
 290          0.055
 291          0.047
 292          0.091
 293          0.155
 294          0.172
 295          0.197
 296          0.156
 297          0.114
 298          0.110
 299          0.065
 300          0.038
 301          0.048
 302          0.062
 303          0.090
 304          0.109
 305          0.121
 306          0.055
 307          0.075
 308          0.083
 309          0.105
 310          0.059
 311          0.054
 312          0.086
 313          0.270
 314          0.271
 315          0.173
 316          0.149
 317          0.112
 318          0.097
 319          0.091
 320          0.100
 321          0.114
 322          0.117
 323          0.093
 324          0.097
 325          0.103
 326          0.076
 327          0.044
 328          0.073
 329          0.104
 330          0.088
 331          0.099
 332          0.067
 333          0.011
 334          0.074
 335          0.097
 336          0.139
 337          0.129
 338          0.080
 339          0.063
 340          0.086
 341          0.065
 342          0.183
 343          0.162
 344          0.180
 345          0.118
 346          0.119
 347          0.120
 348          0.099
 349          0.096
 350          0.162
 351          0.138
 352          0.128
 353          0.195
 354          0.196
 355          0.177
 356          0.134
 357          0.134
 358          0.129
 359          0.126
 360          0.138
 361          0.096
 362          0.118
 363          0.032
 364          0.029
 365          0.111
 366          0.171
 367          0.208
 368          0.139
 369          0.095
 370          0.042
 371          0.121
 372          0.108
 373          0.101
 374          0.095
 375          0.101
 376          0.122
 377          0.134
 378          0.123
 379          0.065
 380          0.085
 381          0.074
 382          0.046
 383          0.034
 384          0.047
 385          0.048
 386          0.122
 387          0.070
 388          0.046
 389          0.040
 390          0.043
 391          0.103
 392          0.118
 393          0.244
 394          0.272
 395          0.138
 396          0.136
 397          0.115
 398          0.090
 399          0.081
 400          0.109
 401          0.094
 402          0.098
 403          0.111
 404          0.097
 405          0.082
 406          0.061
 407          0.048
 408          0.026
 409          0.027
 410          0.085
 411          0.089
 412          0.065
 413          0.155
 414          0.252
 415          0.219
 416          0.120
 417          0.050
 418          0.036
 419          0.036
 420          0.043
 421          0.055
 422          0.091
 423          0.102
 424          0.112
 425          0.039
 426          0.024
 427          0.063
 428          0.094
 429          0.083
 430          0.139
 431          0.184
 432          0.137
 433          0.066
 434          0.034
 435          0.078
 436          0.106
 437          0.070
 438          0.054
 439          0.020
 440          0.041
 441          0.077
 442          0.027
 443          0.063
 444          0.085
 445          0.040
 446          0.093
 447          0.046
 448          0.034
 449          0.063
 450          0.107
 451          0.078
 452          0.059
 453          0.088
 454          0.099
 455          0.047
 456          0.039
 457          0.071
 458          0.095
 459          0.118
 460          0.114
 461          0.099
 462          0.080
 463          0.096
 464          0.080
 465          0.052
 466          0.055
 467          0.121
 468          0.149
 469          0.133
 470          0.099
 471          0.098
 472          0.054
 473          0.035
 474          0.043
 475          0.097
 476          0.081
 477          0.089
 478          0.104
 479          0.098
 480          0.123
 481          0.103
 482          0.105
 483          0.081
 484          0.085
 485          0.041
 486          0.041
 487          0.017

# Average distance: 0.128 nm
