# Atom index    Distance (nm)
   1          0.151
   2          0.120
   3          0.115
   4          0.138
   5          0.215
   6          0.165
   7          0.111
   8          0.087
   9          0.124
  10          0.106
  11          0.165
  12          0.202
  13          0.218
  14          0.233
  15          0.240
  16          0.219
  17          0.147
  18          0.104
  19          0.086
  20          0.145
  21          0.391
  22          0.711
  23          0.519
  24          0.151
  25          0.062
  26          0.111
  27          0.053
  28          0.155
  29          0.176
  30          0.255
  31          0.181
  32          0.137
  33          0.084
  34          0.069
  35          0.072
  36          0.071
  37          0.120
  38          0.078
  39          0.106
  40          0.135
  41          0.160
  42          0.181
  43          0.207
  44          0.184
  45          0.234
  46          0.353
  47          0.397
  48          0.431
  49          0.377
  50          0.546
  51          0.401
  52          0.166
  53          0.185
  54          0.173
  55          0.143
  56          0.157
  57          0.152
  58          0.144
  59          0.163
  60          0.129
  61          0.142
  62          0.143
  63          0.126
  64          0.125
  65          0.140
  66          0.137
  67          0.332
  68          0.510
  69          0.251
  70          0.179
  71          0.160
  72          0.146
  73          0.100
  74          0.100
  75          0.131
  76          0.155
  77          0.214
  78          0.222
  79          0.212
  80          0.170
  81          0.155
  82          0.135
  83          0.138
  84          0.160
  85          0.147
  86          0.257
  87          0.283
  88          0.347
  89          0.337
  90          0.342
  91          0.327
  92          0.314
  93          0.286
  94          0.300
  95          0.300
  96          0.283
  97          0.247
  98          0.262
  99          0.149
 100          0.236
 101          0.212
 102          0.152
 103          0.265
 104          0.235
 105          0.230
 106          0.170
 107          0.201
 108          0.229
 109          0.306
 110          0.233
 111          0.245
 112          0.209
 113          0.171
 114          0.150
 115          0.165
 116          0.201
 117          0.239
 118          0.255
 119          0.274
 120          0.278
 121          0.304
 122          0.362
 123          0.298
 124          0.258
 125          0.314
 126          0.259
 127          0.202
 128          0.183
 129          0.061
 130          0.021
 131          0.109
 132          0.114
 133          0.032
 134          0.035
 135          0.019
 136          0.067
 137          0.084
 138          0.036
 139          0.039
 140          0.041
 141          0.077
 142          0.123
 143          0.147
 144          0.130
 145          0.133
 146          0.080
 147          0.084
 148          0.092
 149          0.062
 150          0.092
 151          0.089
 152          0.106
 153          0.192
 154          0.194
 155          0.115
 156          0.067
 157          0.089
 158          0.113
 159          0.111
 160          0.109
 161          0.115
 162          0.125
 163          0.060
 164          0.084
 165          0.088
 166          0.111
 167          0.128
 168          0.084
 169          0.099
 170          0.078
 171          0.098
 172          0.081
 173          0.045
 174          0.063
 175          0.077
 176          0.136
 177          0.172
 178          0.129
 179          0.109
 180          0.098
 181          0.086
 182          0.076
 183          0.050
 184          0.051
 185          0.054
 186          0.053
 187          0.053
 188          0.075
 189          0.093
 190          0.111
 191          0.155
 192          0.125
 193          0.137
 194          0.103
 195          0.083
 196          0.083
 197          0.089
 198          0.105
 199          0.108
 200          0.146
 201          0.159
 202          0.155
 203          0.154
 204          0.156
 205          0.139
 206          0.175
 207          0.147
 208          0.119
 209          0.120
 210          0.225
 211          0.211
 212          0.086
 213          0.038
 214          0.116
 215          0.101
 216          0.110
 217          0.099
 218          0.117
 219          0.162
 220          0.190
 221          0.209
 222          0.103
 223          0.117
 224          0.145
 225          0.107
 226          0.098
 227          0.104
 228          0.173
 229          0.157
 230          0.135
 231          0.120
 232          0.122
 233          0.117
 234          0.094
 235          0.110
 236          0.104
 237          0.212
 238          0.222
 239          0.349
 240          0.417
 241          0.262
 242          0.137
 243          0.134
 244          0.152
 245          0.131
 246          0.129
 247          0.151
 248          0.115
 249          0.100
 250          0.067
 251          0.079
 252          0.095
 253          0.064
 254          0.053
 255          0.086
 256          0.071
 257          0.034
 258          0.035
 259          0.076
 260          0.139
 261          0.209
 262          0.405
 263          0.562
 264          0.424
 265          0.199
 266          0.139
 267          0.134
 268          0.144
 269          0.200
 270          0.217
 271          0.234
 272          0.133
 273          0.203
 274          0.226
 275          0.154
 276          0.167
 277          0.190
 278          0.249
 279          0.206
 280          0.160
 281          0.144
 282          0.140
 283          0.116
 284          0.072
 285          0.107
 286          0.137
 287          0.053
 288          0.031
 289          0.090
 290          0.154
 291          0.144
 292          0.164
 293          0.198
 294          0.226
 295          0.302
 296          0.197
 297          0.182
 298          0.101
 299          0.038
 300          0.110
 301          0.129
 302          0.143
 303          0.148
 304          0.153
 305          0.188
 306          0.161
 307          0.148
 308          0.132
 309          0.143
 310          0.144
 311          0.203
 312          0.203
 313          0.124
 314          0.131
 315          0.204
 316          0.164
 317          0.169
 318          0.179
 319          0.187
 320          0.189
 321          0.197
 322          0.229
 323          0.176
 324          0.134
 325          0.140
 326          0.135
 327          0.139
 328          0.103
 329          0.082
 330          0.040
 331          0.040
 332          0.039
 333          0.057
 334          0.126
 335          0.088
 336          0.054
 337          0.048
 338          0.048
 339          0.028
 340          0.051
 341          0.011
 342          0.095
 343          0.108
 344          0.292
 345          0.342
 346          0.208
 347          0.004
 348          0.015
 349          0.080
 350          0.101
 351          0.094
 352          0.150
 353          0.235
 354          0.254
 355          0.198
 356          0.151
 357          0.093
 358          0.133
 359          0.057
 360          0.041
 361          0.167
 362          0.155
 363          0.081
 364          0.105
 365          0.089
 366          0.157
 367          0.117
 368          0.085
 369          0.089
 370          0.068
 371          0.091
 372          0.049
 373          0.028
 374          0.045
 375          0.052
 376          0.043
 377          0.042
 378          0.029
 379          0.027
 380          0.039
 381          0.025
 382          0.034
 383          0.083
 384          0.058
 385          0.034
 386          0.029
 387          0.058
 388          0.060
 389          0.071
 390          0.067
 391          0.046
 392          0.128
 393          0.122
 394          0.132
 395          0.067
 396          0.034
 397          0.033
 398          0.028
 399          0.026
 400          0.030
 401          0.089
 402          0.069
 403          0.021
 404          0.043
 405          0.084
 406          0.070
 407          0.061
 408          0.038
 409          0.117
 410          0.095
 411          0.083
 412          0.064
 413          0.063
 414          0.164
 415          0.101
 416          0.019
 417          0.056
 418          0.074
 419          0.078
 420          0.101
 421          0.130
 422          0.122
 423          0.068
 424          0.090
 425          0.068
 426          0.061
 427          0.031
 428          0.057
 429          0.034
 430          0.065
 431          0.080
 432          0.106
 433          0.047
 434          0.041
 435          0.044
 436          0.069
 437          0.047
 438          0.085
 439          0.072
 440          0.025
 441          0.043
 442          0.075
 443          0.078
 444          0.065
 445          0.073
 446          0.072
 447          0.060
 448          0.083
 449          0.076
 450          0.069
 451          0.158
 452          0.219
 453          0.147
 454          0.075
 455          0.056
 456          0.054
 457          0.009
 458          0.063
 459          0.067
 460          0.189
 461          0.151
 462          0.076
 463          0.033
 464          0.039
 465          0.053
 466          0.037
 467          0.060
 468          0.036
 469          0.086
 470          0.067
 471          0.052
 472          0.018
 473          0.028
 474          0.028
 475          0.022
 476          0.035
 477          0.054
 478          0.105
 479          0.056
 480          0.037
 481          0.058
 482          0.059
 483          0.023
 484          0.084
 485          0.048
 486          0.025
 487          0.022

# Average distance: 0.134 nm
