# Atom index    Distance (nm)
   1          0.511
   2          0.076
   3          0.081
   4          0.089
   5          0.088
   6          0.072
   7          0.068
   8          0.047
   9          0.089
  10          0.034
  11          0.041
  12          0.044
  13          0.071
  14          0.128
  15          0.104
  16          0.140
  17          0.091
  18          0.083
  19          0.090
  20          0.093
  21          0.118
  22          0.094
  23          0.101
  24          0.099
  25          0.114
  26          0.098
  27          0.061
  28          0.037
  29          0.094
  30          0.113
  31          0.043
  32          0.077
  33          0.097
  34          0.084
  35          0.031
  36          0.064
  37          0.090
  38          0.090
  39          0.094
  40          0.085
  41          0.090
  42          0.073
  43          0.080
  44          0.101
  45          0.055
  46          0.106
  47          0.129
  48          0.243
  49          0.522
  50          0.454
  51          0.294
  52          0.319
  53          0.113
  54          0.125
  55          0.117
  56          0.076
  57          0.100
  58          0.104
  59          0.101
  60          0.080
  61          0.096
  62          0.052
  63          0.080
  64          0.100
  65          0.093
  66          0.073
  67          0.104
  68          0.127
  69          0.075
  70          0.008
  71          0.043
  72          0.061
  73          0.029
  74          0.027
  75          0.048
  76          0.052
  77          0.048
  78          0.085
  79          0.094
  80          0.142
  81          0.201
  82          0.117
  83          0.089
  84          0.105
  85          0.084
  86          0.082
  87          0.088
  88          0.074
  89          0.044
  90          0.017
  91          0.150
  92          0.095
  93          0.126
  94          0.042
  95          0.023
  96          0.031
  97          0.046
  98          0.064
  99          0.049
 100          0.056
 101          0.118
 102          0.066
 103          0.069
 104          0.073
 105          0.043
 106          0.020
 107          0.040
 108          0.101
 109          0.069
 110          0.054
 111          0.114
 112          0.158
 113          0.094
 114          0.061
 115          0.027
 116          0.093
 117          0.090
 118          0.163
 119          0.143
 120          0.046
 121          0.088
 122          0.113
 123          0.102
 124          0.076
 125          0.042
 126          0.052
 127          0.054
 128          0.118
 129          0.094
 130          0.090
 131          0.097
 132          0.013
 133          0.060
 134          0.086
 135          0.107
 136          0.099
 137          0.059
 138          0.053
 139          0.048
 140          0.040
 141          0.052
 142          0.073
 143          0.047
 144          0.049
 145          0.019
 146          0.012
 147          0.023
 148          0.051
 149          0.051
 150          0.081
 151          0.153
 152          0.214
 153          0.276
 154          0.145
 155          0.094
 156          0.049
 157          0.046
 158          0.042
 159          0.041
 160          0.072
 161          0.093
 162          0.164
 163          0.169
 164          0.130
 165          0.143
 166          0.184
 167          0.122
 168          0.081
 169          0.122
 170          0.117
 171          0.090
 172          0.132
 173          0.140
 174          0.151
 175          0.173
 176          0.285
 177          0.357
 178          0.315
 179          0.231
 180          0.170
 181          0.155
 182          0.080
 183          0.125
 184          0.139
 185          0.157
 186          0.142
 187          0.160
 188          0.114
 189          0.091
 190          0.087
 191          0.129
 192          0.129
 193          0.131
 194          0.088
 195          0.080
 196          0.112
 197          0.161
 198          0.182
 199          0.232
 200          0.143
 201          0.192
 202          0.147
 203          0.150
 204          0.171
 205          0.215
 206          0.152
 207          0.172
 208          0.123
 209          0.082
 210          0.060
 211          0.067
 212          0.075
 213          0.100
 214          0.035
 215          0.066
 216          0.104
 217          0.070
 218          0.098
 219          0.213
 220          0.292
 221          0.247
 222          0.308
 223          0.206
 224          0.094
 225          0.083
 226          0.047
 227          0.044
 228          0.022
 229          0.045
 230          0.063
 231          0.035
 232          0.046
 233          0.028
 234          0.032
 235          0.041
 236          0.152
 237          0.281
 238          0.353
 239          0.259
 240          0.327
 241          0.178
 242          0.126
 243          0.182
 244          0.175
 245          0.099
 246          0.075
 247          0.094
 248          0.007
 249          0.017
 250          0.050
 251          0.039
 252          0.020
 253          0.048
 254          0.109
 255          0.088
 256          0.038
 257          0.013
 258          0.019
 259          0.018
 260          0.056
 261          0.162
 262          0.281
 263          0.351
 264          0.189
 265          0.077
 266          0.041
 267          0.103
 268          0.105
 269          0.173
 270          0.105
 271          0.349
 272          0.182
 273          0.080
 274          0.075
 275          0.087
 276          0.107
 277          0.138
 278          0.119
 279          0.107
 280          0.035
 281          0.077
 282          0.032
 283          0.058
 284          0.065
 285          0.064
 286          0.046
 287          0.055
 288          0.038
 289          0.065
 290          0.065
 291          0.099
 292          0.083
 293          0.058
 294          0.060
 295          0.042
 296          0.029
 297          0.029
 298          0.101
 299          0.129
 300          0.133
 301          0.079
 302          0.098
 303          0.105
 304          0.119
 305          0.098
 306          0.101
 307          0.110
 308          0.058
 309          0.075
 310          0.083
 311          0.095
 312          0.121
 313          0.139
 314          0.211
 315          0.163
 316          0.114
 317          0.045
 318          0.071
 319          0.087
 320          0.126
 321          0.132
 322          0.095
 323          0.102
 324          0.037
 325          0.087
 326          0.098
 327          0.111
 328          0.114
 329          0.150
 330          0.122
 331          0.152
 332          0.139
 333          0.125
 334          0.092
 335          0.078
 336          0.076
 337          0.038
 338          0.018
 339          0.052
 340          0.085
 341          0.108
 342          0.155
 343          0.124
 344          0.114
 345          0.144
 346          0.166
 347          0.098
 348          0.079
 349          0.067
 350          0.056
 351          0.073
 352          0.040
 353          0.169
 354          0.096
 355          0.145
 356          0.040
 357          0.051
 358          0.076
 359          0.119
 360          0.136
 361          0.067
 362          0.112
 363          0.185
 364          0.144
 365          0.186
 366          0.052
 367          0.067
 368          0.074
 369          0.067
 370          0.062
 371          0.056
 372          0.026
 373          0.034
 374          0.045
 375          0.063
 376          0.084
 377          0.079
 378          0.071
 379          0.050
 380          0.059
 381          0.045
 382          0.026
 383          0.051
 384          0.049
 385          0.114
 386          0.135
 387          0.088
 388          0.022
 389          0.070
 390          0.125
 391          0.108
 392          0.113
 393          0.187
 394          0.328
 395          0.241
 396          0.163
 397          0.109
 398          0.083
 399          0.099
 400          0.058
 401          0.094
 402          0.055
 403          0.046
 404          0.065
 405          0.052
 406          0.081
 407          0.058
 408          0.060
 409          0.066
 410          0.054
 411          0.122
 412          0.096
 413          0.100
 414          0.231
 415          0.135
 416          0.057
 417          0.045
 418          0.048
 419          0.092
 420          0.077
 421          0.173
 422          0.342
 423          0.369
 424          0.287
 425          0.132
 426          0.064
 427          0.055
 428          0.055
 429          0.077
 430          0.211
 431          0.271
 432          0.128
 433          0.133
 434          0.126
 435          0.111
 436          0.112
 437          0.058
 438          0.207
 439          0.031
 440          0.159
 441          0.158
 442          0.153
 443          0.083
 444          0.076
 445          0.098
 446          0.117
 447          0.119
 448          0.121
 449          0.132
 450          0.136
 451          0.150
 452          0.139
 453          0.054
 454          0.088
 455          0.101
 456          0.080
 457          0.071
 458          0.035
 459          0.113
 460          0.207
 461          0.141
 462          0.059
 463          0.062
 464          0.061
 465          0.096
 466          0.180
 467          0.141
 468          0.172
 469          0.165
 470          0.161
 471          0.116
 472          0.083
 473          0.062
 474          0.056
 475          0.086
 476          0.051
 477          0.039
 478          0.094
 479          0.100
 480          0.148
 481          0.213
 482          0.204
 483          0.107
 484          0.036
 485          0.042
 486          0.019
 487          0.013

# Average distance: 0.105 nm
