# Atom index    Distance (nm)
   1          0.254
   2          0.116
   3          0.115
   4          0.157
   5          0.104
   6          0.060
   7          0.088
   8          0.097
   9          0.102
  10          0.078
  11          0.076
  12          0.077
  13          0.101
  14          0.096
  15          0.112
  16          0.089
  17          0.088
  18          0.043
  19          0.066
  20          0.082
  21          0.202
  22          0.356
  23          0.273
  24          0.249
  25          0.096
  26          0.123
  27          0.067
  28          0.085
  29          0.118
  30          0.128
  31          0.109
  32          0.045
  33          0.041
  34          0.086
  35          0.079
  36          0.084
  37          0.095
  38          0.077
  39          0.088
  40          0.102
  41          0.103
  42          0.080
  43          0.024
  44          0.097
  45          0.177
  46          0.244
  47          0.279
  48          0.428
  49          0.411
  50          0.452
  51          0.252
  52          0.207
  53          0.089
  54          0.060
  55          0.036
  56          0.067
  57          0.104
  58          0.106
  59          0.144
  60          0.145
  61          0.138
  62          0.078
  63          0.075
  64          0.089
  65          0.094
  66          0.074
  67          0.362
  68          0.601
  69          0.620
  70          0.321
  71          0.219
  72          0.143
  73          0.164
  74          0.121
  75          0.083
  76          0.066
  77          0.095
  78          0.045
  79          0.050
  80          0.060
  81          0.155
  82          0.160
  83          0.092
  84          0.085
  85          0.049
  86          0.120
  87          0.111
  88          0.100
  89          0.081
  90          0.066
  91          0.154
  92          0.159
  93          0.108
  94          0.108
  95          0.105
  96          0.048
  97          0.031
  98          0.123
  99          0.103
 100          0.089
 101          0.111
 102          0.080
 103          0.062
 104          0.079
 105          0.074
 106          0.079
 107          0.094
 108          0.175
 109          0.289
 110          0.188
 111          0.076
 112          0.198
 113          0.102
 114          0.159
 115          0.084
 116          0.091
 117          0.060
 118          0.120
 119          0.117
 120          0.109
 121          0.141
 122          0.107
 123          0.086
 124          0.078
 125          0.083
 126          0.090
 127          0.121
 128          0.167
 129          0.147
 130          0.102
 131          0.108
 132          0.056
 133          0.012
 134          0.062
 135          0.038
 136          0.064
 137          0.022
 138          0.026
 139          0.040
 140          0.088
 141          0.078
 142          0.054
 143          0.026
 144          0.036
 145          0.040
 146          0.017
 147          0.029
 148          0.024
 149          0.040
 150          0.083
 151          0.153
 152          0.105
 153          0.122
 154          0.093
 155          0.093
 156          0.081
 157          0.059
 158          0.089
 159          0.089
 160          0.056
 161          0.021
 162          0.072
 163          0.106
 164          0.103
 165          0.107
 166          0.127
 167          0.067
 168          0.071
 169          0.068
 170          0.061
 171          0.027
 172          0.031
 173          0.042
 174          0.095
 175          0.109
 176          0.070
 177          0.106
 178          0.119
 179          0.114
 180          0.142
 181          0.147
 182          0.046
 183          0.032
 184          0.040
 185          0.061
 186          0.100
 187          0.070
 188          0.043
 189          0.045
 190          0.038
 191          0.077
 192          0.076
 193          0.078
 194          0.051
 195          0.059
 196          0.031
 197          0.039
 198          0.063
 199          0.038
 200          0.036
 201          0.022
 202          0.077
 203          0.111
 204          0.087
 205          0.103
 206          0.105
 207          0.161
 208          0.167
 209          0.135
 210          0.112
 211          0.164
 212          0.191
 213          0.128
 214          0.034
 215          0.047
 216          0.060
 217          0.078
 218          0.117
 219          0.103
 220          0.104
 221          0.075
 222          0.074
 223          0.103
 224          0.104
 225          0.066
 226          0.070
 227          0.043
 228          0.057
 229          0.089
 230          0.027
 231          0.064
 232          0.051
 233          0.060
 234          0.101
 235          0.106
 236          0.062
 237          0.024
 238          0.054
 239          0.100
 240          0.114
 241          0.131
 242          0.091
 243          0.080
 244          0.065
 245          0.091
 246          0.018
 247          0.029
 248          0.054
 249          0.067
 250          0.065
 251          0.047
 252          0.053
 253          0.047
 254          0.026
 255          0.026
 256          0.040
 257          0.037
 258          0.050
 259          0.083
 260          0.063
 261          0.099
 262          0.282
 263          0.289
 264          0.187
 265          0.115
 266          0.083
 267          0.077
 268          0.076
 269          0.060
 270          0.173
 271          0.167
 272          0.188
 273          0.207
 274          0.078
 275          0.071
 276          0.073
 277          0.090
 278          0.089
 279          0.123
 280          0.142
 281          0.081
 282          0.059
 283          0.037
 284          0.096
 285          0.081
 286          0.092
 287          0.079
 288          0.029
 289          0.023
 290          0.028
 291          0.040
 292          0.061
 293          0.073
 294          0.100
 295          0.097
 296          0.066
 297          0.036
 298          0.030
 299          0.032
 300          0.050
 301          0.036
 302          0.030
 303          0.037
 304          0.028
 305          0.033
 306          0.049
 307          0.049
 308          0.022
 309          0.031
 310          0.033
 311          0.033
 312          0.073
 313          0.091
 314          0.028
 315          0.125
 316          0.054
 317          0.048
 318          0.071
 319          0.066
 320          0.075
 321          0.073
 322          0.019
 323          0.027
 324          0.051
 325          0.053
 326          0.030
 327          0.026
 328          0.028
 329          0.050
 330          0.043
 331          0.036
 332          0.067
 333          0.063
 334          0.089
 335          0.066
 336          0.092
 337          0.072
 338          0.060
 339          0.052
 340          0.084
 341          0.059
 342          0.059
 343          0.068
 344          0.071
 345          0.042
 346          0.068
 347          0.059
 348          0.073
 349          0.073
 350          0.070
 351          0.077
 352          0.074
 353          0.067
 354          0.055
 355          0.101
 356          0.069
 357          0.072
 358          0.069
 359          0.018
 360          0.034
 361          0.130
 362          0.106
 363          0.028
 364          0.070
 365          0.086
 366          0.024
 367          0.032
 368          0.052
 369          0.034
 370          0.052
 371          0.068
 372          0.084
 373          0.032
 374          0.035
 375          0.039
 376          0.026
 377          0.029
 378          0.035
 379          0.028
 380          0.061
 381          0.039
 382          0.036
 383          0.024
 384          0.028
 385          0.043
 386          0.055
 387          0.047
 388          0.047
 389          0.041
 390          0.077
 391          0.061
 392          0.039
 393          0.135
 394          0.035
 395          0.085
 396          0.086
 397          0.085
 398          0.062
 399          0.077
 400          0.080
 401          0.082
 402          0.076
 403          0.076
 404          0.033
 405          0.018
 406          0.012
 407          0.018
 408          0.056
 409          0.085
 410          0.072
 411          0.067
 412          0.085
 413          0.149
 414          0.130
 415          0.116
 416          0.067
 417          0.035
 418          0.074
 419          0.103
 420          0.113
 421          0.119
 422          0.017
 423          0.161
 424          0.219
 425          0.160
 426          0.147
 427          0.109
 428          0.114
 429          0.111
 430          0.230
 431          0.152
 432          0.198
 433          0.093
 434          0.046
 435          0.078
 436          0.093
 437          0.133
 438          0.133
 439          0.091
 440          0.109
 441          0.105
 442          0.129
 443          0.134
 444          0.097
 445          0.115
 446          0.108
 447          0.034
 448          0.033
 449          0.009
 450          0.015
 451          0.045
 452          0.019
 453          0.029
 454          0.024
 455          0.041
 456          0.044
 457          0.041
 458          0.045
 459          0.168
 460          0.288
 461          0.180
 462          0.056
 463          0.049
 464          0.059
 465          0.078
 466          0.114
 467          0.142
 468          0.114
 469          0.102
 470          0.082
 471          0.089
 472          0.091
 473          0.067
 474          0.056
 475          0.019
 476          0.046
 477          0.058
 478          0.089
 479          0.102
 480          0.168
 481          0.216
 482          0.220
 483          0.107
 484          0.112
 485          0.049
 486          0.024
 487          0.016

# Average distance: 0.090 nm
