# Atom index    Distance (nm)
   1          0.090
   2          0.094
   3          0.181
   4          0.200
   5          0.101
   6          0.157
   7          0.155
   8          0.107
   9          0.143
  10          0.120
  11          0.117
  12          0.150
  13          0.161
  14          0.151
  15          0.112
  16          0.150
  17          0.162
  18          0.154
  19          0.180
  20          0.109
  21          0.327
  22          0.347
  23          0.414
  24          0.254
  25          0.223
  26          0.304
  27          0.218
  28          0.188
  29          0.144
  30          0.225
  31          0.207
  32          0.266
  33          0.284
  34          0.225
  35          0.316
  36          0.263
  37          0.256
  38          0.208
  39          0.183
  40          0.156
  41          0.132
  42          0.077
  43          0.066
  44          0.132
  45          0.125
  46          0.269
  47          0.285
  48          0.398
  49          0.391
  50          0.355
  51          0.254
  52          0.173
  53          0.144
  54          0.102
  55          0.063
  56          0.087
  57          0.109
  58          0.160
  59          0.217
  60          0.305
  61          0.308
  62          0.198
  63          0.107
  64          0.115
  65          0.141
  66          0.180
  67          0.301
  68          0.351
  69          0.355
  70          0.267
  71          0.263
  72          0.231
  73          0.212
  74          0.200
  75          0.181
  76          0.132
  77          0.208
  78          0.141
  79          0.028
  80          0.068
  81          0.141
  82          0.140
  83          0.084
  84          0.104
  85          0.126
  86          0.111
  87          0.111
  88          0.149
  89          0.165
  90          0.160
  91          0.210
  92          0.228
  93          0.188
  94          0.131
  95          0.124
  96          0.115
  97          0.096
  98          0.132
  99          0.129
 100          0.134
 101          0.179
 102          0.201
 103          0.193
 104          0.163
 105          0.138
 106          0.091
 107          0.138
 108          0.209
 109          0.232
 110          0.244
 111          0.244
 112          0.303
 113          0.174
 114          0.148
 115          0.133
 116          0.163
 117          0.205
 118          0.218
 119          0.272
 120          0.205
 121          0.241
 122          0.204
 123          0.187
 124          0.135
 125          0.138
 126          0.079
 127          0.068
 128          0.172
 129          0.152
 130          0.133
 131          0.122
 132          0.064
 133          0.058
 134          0.058
 135          0.053
 136          0.046
 137          0.036
 138          0.057
 139          0.055
 140          0.085
 141          0.151
 142          0.179
 143          0.115
 144          0.084
 145          0.036
 146          0.067
 147          0.062
 148          0.044
 149          0.034
 150          0.046
 151          0.108
 152          0.111
 153          0.338
 154          0.143
 155          0.096
 156          0.058
 157          0.109
 158          0.065
 159          0.061
 160          0.062
 161          0.045
 162          0.098
 163          0.037
 164          0.023
 165          0.053
 166          0.052
 167          0.040
 168          0.032
 169          0.057
 170          0.025
 171          0.027
 172          0.034
 173          0.119
 174          0.153
 175          0.107
 176          0.151
 177          0.063
 178          0.074
 179          0.113
 180          0.102
 181          0.135
 182          0.094
 183          0.051
 184          0.032
 185          0.047
 186          0.035
 187          0.045
 188          0.072
 189          0.041
 190          0.073
 191          0.059
 192          0.089
 193          0.039
 194          0.085
 195          0.089
 196          0.065
 197          0.106
 198          0.111
 199          0.124
 200          0.076
 201          0.109
 202          0.091
 203          0.059
 204          0.060
 205          0.031
 206          0.096
 207          0.159
 208          0.161
 209          0.106
 210          0.044
 211          0.041
 212          0.122
 213          0.114
 214          0.103
 215          0.081
 216          0.062
 217          0.051
 218          0.088
 219          0.094
 220          0.188
 221          0.190
 222          0.151
 223          0.104
 224          0.100
 225          0.121
 226          0.102
 227          0.095
 228          0.187
 229          0.320
 230          0.443
 231          0.322
 232          0.222
 233          0.139
 234          0.083
 235          0.127
 236          0.127
 237          0.103
 238          0.093
 239          0.068
 240          0.146
 241          0.133
 242          0.086
 243          0.142
 244          0.146
 245          0.154
 246          0.092
 247          0.085
 248          0.051
 249          0.051
 250          0.063
 251          0.100
 252          0.093
 253          0.047
 254          0.074
 255          0.020
 256          0.025
 257          0.026
 258          0.022
 259          0.056
 260          0.063
 261          0.046
 262          0.091
 263          0.064
 264          0.102
 265          0.090
 266          0.077
 267          0.069
 268          0.082
 269          0.155
 270          0.203
 271          0.197
 272          0.089
 273          0.067
 274          0.060
 275          0.094
 276          0.097
 277          0.056
 278          0.089
 279          0.102
 280          0.111
 281          0.112
 282          0.089
 283          0.098
 284          0.099
 285          0.122
 286          0.087
 287          0.088
 288          0.081
 289          0.063
 290          0.061
 291          0.099
 292          0.104
 293          0.147
 294          0.097
 295          0.152
 296          0.166
 297          0.090
 298          0.084
 299          0.126
 300          0.132
 301          0.087
 302          0.113
 303          0.074
 304          0.076
 305          0.068
 306          0.054
 307          0.091
 308          0.149
 309          0.144
 310          0.162
 311          0.153
 312          0.194
 313          0.267
 314          0.321
 315          0.204
 316          0.177
 317          0.123
 318          0.159
 319          0.140
 320          0.065
 321          0.074
 322          0.183
 323          0.132
 324          0.110
 325          0.091
 326          0.115
 327          0.138
 328          0.137
 329          0.136
 330          0.134
 331          0.149
 332          0.135
 333          0.107
 334          0.108
 335          0.075
 336          0.052
 337          0.054
 338          0.050
 339          0.072
 340          0.032
 341          0.061
 342          0.082
 343          0.084
 344          0.139
 345          0.211
 346          0.237
 347          0.115
 348          0.087
 349          0.060
 350          0.021
 351          0.017
 352          0.063
 353          0.047
 354          0.088
 355          0.068
 356          0.074
 357          0.086
 358          0.068
 359          0.027
 360          0.129
 361          0.098
 362          0.137
 363          0.124
 364          0.102
 365          0.162
 366          0.151
 367          0.025
 368          0.092
 369          0.089
 370          0.071
 371          0.053
 372          0.062
 373          0.076
 374          0.031
 375          0.030
 376          0.054
 377          0.069
 378          0.051
 379          0.072
 380          0.042
 381          0.005
 382          0.057
 383          0.069
 384          0.072
 385          0.117
 386          0.058
 387          0.074
 388          0.047
 389          0.049
 390          0.082
 391          0.108
 392          0.138
 393          0.148
 394          0.177
 395          0.154
 396          0.127
 397          0.112
 398          0.087
 399          0.075
 400          0.098
 401          0.088
 402          0.079
 403          0.028
 404          0.014
 405          0.019
 406          0.061
 407          0.061
 408          0.053
 409          0.057
 410          0.040
 411          0.063
 412          0.096
 413          0.095
 414          0.134
 415          0.087
 416          0.081
 417          0.050
 418          0.043
 419          0.020
 420          0.035
 421          0.075
 422          0.086
 423          0.092
 424          0.044
 425          0.062
 426          0.053
 427          0.071
 428          0.103
 429          0.038
 430          0.164
 431          0.232
 432          0.230
 433          0.182
 434          0.111
 435          0.075
 436          0.083
 437          0.073
 438          0.069
 439          0.061
 440          0.086
 441          0.130
 442          0.050
 443          0.056
 444          0.025
 445          0.042
 446          0.028
 447          0.047
 448          0.066
 449          0.083
 450          0.085
 451          0.125
 452          0.059
 453          0.043
 454          0.056
 455          0.038
 456          0.057
 457          0.039
 458          0.039
 459          0.127
 460          0.210
 461          0.190
 462          0.053
 463          0.068
 464          0.068
 465          0.087
 466          0.121
 467          0.171
 468          0.186
 469          0.130
 470          0.118
 471          0.043
 472          0.098
 473          0.111
 474          0.126
 475          0.099
 476          0.140
 477          0.159
 478          0.166
 479          0.131
 480          0.160
 481          0.176
 482          0.149
 483          0.151
 484          0.047
 485          0.058
 486          0.024
 487          0.039

# Average distance: 0.118 nm
