# Atom index    Distance (nm)
   1          0.194
   2          0.231
   3          0.231
   4          0.262
   5          0.080
   6          0.083
   7          0.097
   8          0.094
   9          0.071
  10          0.070
  11          0.040
  12          0.046
  13          0.030
  14          0.044
  15          0.045
  16          0.050
  17          0.049
  18          0.052
  19          0.076
  20          0.102
  21          0.155
  22          0.239
  23          0.269
  24          0.244
  25          0.218
  26          0.146
  27          0.072
  28          0.047
  29          0.049
  30          0.039
  31          0.068
  32          0.106
  33          0.100
  34          0.150
  35          0.131
  36          0.132
  37          0.129
  38          0.110
  39          0.115
  40          0.103
  41          0.110
  42          0.088
  43          0.113
  44          0.094
  45          0.061
  46          0.208
  47          0.220
  48          0.253
  49          0.631
  50          0.738
  51          0.669
  52          0.175
  53          0.110
  54          0.093
  55          0.094
  56          0.088
  57          0.113
  58          0.149
  59          0.168
  60          0.197
  61          0.209
  62          0.188
  63          0.152
  64          0.128
  65          0.153
  66          0.152
  67          0.125
  68          0.157
  69          0.219
  70          0.122
  71          0.135
  72          0.150
  73          0.161
  74          0.169
  75          0.271
  76          0.226
  77          0.210
  78          0.167
  79          0.189
  80          0.131
  81          0.133
  82          0.118
  83          0.131
  84          0.112
  85          0.098
  86          0.097
  87          0.059
  88          0.078
  89          0.102
  90          0.110
  91          0.140
  92          0.103
  93          0.083
  94          0.031
  95          0.043
  96          0.034
  97          0.026
  98          0.076
  99          0.123
 100          0.116
 101          0.099
 102          0.163
 103          0.133
 104          0.089
 105          0.088
 106          0.060
 107          0.024
 108          0.076
 109          0.050
 110          0.107
 111          0.140
 112          0.106
 113          0.103
 114          0.107
 115          0.125
 116          0.132
 117          0.132
 118          0.169
 119          0.123
 120          0.078
 121          0.074
 122          0.068
 123          0.038
 124          0.039
 125          0.016
 126          0.028
 127          0.041
 128          0.107
 129          0.074
 130          0.060
 131          0.069
 132          0.050
 133          0.059
 134          0.052
 135          0.054
 136          0.018
 137          0.026
 138          0.031
 139          0.045
 140          0.077
 141          0.076
 142          0.097
 143          0.084
 144          0.064
 145          0.066
 146          0.076
 147          0.079
 148          0.062
 149          0.028
 150          0.102
 151          0.220
 152          0.351
 153          0.202
 154          0.032
 155          0.119
 156          0.123
 157          0.055
 158          0.048
 159          0.078
 160          0.093
 161          0.074
 162          0.074
 163          0.056
 164          0.089
 165          0.116
 166          0.071
 167          0.059
 168          0.022
 169          0.059
 170          0.049
 171          0.044
 172          0.072
 173          0.057
 174          0.087
 175          0.097
 176          0.080
 177          0.066
 178          0.110
 179          0.115
 180          0.108
 181          0.042
 182          0.079
 183          0.045
 184          0.053
 185          0.082
 186          0.067
 187          0.101
 188          0.094
 189          0.121
 190          0.085
 191          0.131
 192          0.099
 193          0.093
 194          0.139
 195          0.076
 196          0.055
 197          0.126
 198          0.141
 199          0.123
 200          0.107
 201          0.110
 202          0.098
 203          0.109
 204          0.117
 205          0.066
 206          0.041
 207          0.045
 208          0.135
 209          0.176
 210          0.184
 211          0.156
 212          0.151
 213          0.136
 214          0.115
 215          0.093
 216          0.079
 217          0.074
 218          0.049
 219          0.060
 220          0.110
 221          0.141
 222          0.121
 223          0.072
 224          0.061
 225          0.050
 226          0.038
 227          0.031
 228          0.084
 229          0.127
 230          0.180
 231          0.069
 232          0.111
 233          0.052
 234          0.088
 235          0.093
 236          0.038
 237          0.071
 238          0.186
 239          0.338
 240          0.338
 241          0.300
 242          0.259
 243          0.268
 244          0.214
 245          0.099
 246          0.089
 247          0.034
 248          0.045
 249          0.056
 250          0.069
 251          0.044
 252          0.048
 253          0.043
 254          0.066
 255          0.035
 256          0.065
 257          0.072
 258          0.056
 259          0.059
 260          0.122
 261          0.115
 262          0.095
 263          0.112
 264          0.104
 265          0.087
 266          0.087
 267          0.089
 268          0.068
 269          0.042
 270          0.042
 271          0.071
 272          0.108
 273          0.103
 274          0.123
 275          0.107
 276          0.094
 277          0.089
 278          0.115
 279          0.088
 280          0.089
 281          0.040
 282          0.023
 283          0.029
 284          0.067
 285          0.082
 286          0.053
 287          0.061
 288          0.048
 289          0.057
 290          0.084
 291          0.138
 292          0.125
 293          0.191
 294          0.250
 295          0.167
 296          0.157
 297          0.104
 298          0.060
 299          0.078
 300          0.094
 301          0.083
 302          0.066
 303          0.052
 304          0.104
 305          0.110
 306          0.080
 307          0.077
 308          0.063
 309          0.090
 310          0.092
 311          0.088
 312          0.105
 313          0.120
 314          0.127
 315          0.138
 316          0.107
 317          0.121
 318          0.102
 319          0.082
 320          0.105
 321          0.085
 322          0.138
 323          0.109
 324          0.077
 325          0.058
 326          0.036
 327          0.045
 328          0.056
 329          0.111
 330          0.096
 331          0.098
 332          0.148
 333          0.119
 334          0.072
 335          0.070
 336          0.059
 337          0.067
 338          0.083
 339          0.097
 340          0.104
 341          0.106
 342          0.125
 343          0.118
 344          0.145
 345          0.179
 346          0.152
 347          0.147
 348          0.110
 349          0.098
 350          0.100
 351          0.152
 352          0.153
 353          0.165
 354          0.210
 355          0.126
 356          0.138
 357          0.082
 358          0.098
 359          0.103
 360          0.144
 361          0.075
 362          0.065
 363          0.091
 364          0.088
 365          0.084
 366          0.088
 367          0.055
 368          0.071
 369          0.104
 370          0.105
 371          0.095
 372          0.033
 373          0.088
 374          0.086
 375          0.092
 376          0.096
 377          0.070
 378          0.120
 379          0.068
 380          0.055
 381          0.043
 382          0.023
 383          0.055
 384          0.039
 385          0.044
 386          0.065
 387          0.075
 388          0.080
 389          0.052
 390          0.042
 391          0.063
 392          0.053
 393          0.035
 394          0.209
 395          0.057
 396          0.037
 397          0.023
 398          0.039
 399          0.056
 400          0.055
 401          0.071
 402          0.085
 403          0.072
 404          0.093
 405          0.065
 406          0.081
 407          0.079
 408          0.066
 409          0.068
 410          0.060
 411          0.051
 412          0.120
 413          0.181
 414          0.063
 415          0.068
 416          0.099
 417          0.056
 418          0.088
 419          0.050
 420          0.065
 421          0.187
 422          0.329
 423          0.289
 424          0.300
 425          0.150
 426          0.105
 427          0.061
 428          0.033
 429          0.055
 430          0.124
 431          0.053
 432          0.059
 433          0.033
 434          0.013
 435          0.034
 436          0.038
 437          0.062
 438          0.099
 439          0.102
 440          0.164
 441          0.168
 442          0.133
 443          0.112
 444          0.047
 445          0.072
 446          0.075
 447          0.085
 448          0.082
 449          0.062
 450          0.045
 451          0.070
 452          0.049
 453          0.027
 454          0.081
 455          0.058
 456          0.038
 457          0.022
 458          0.038
 459          0.058
 460          0.108
 461          0.102
 462          0.096
 463          0.063
 464          0.051
 465          0.067
 466          0.060
 467          0.022
 468          0.053
 469          0.054
 470          0.067
 471          0.070
 472          0.058
 473          0.069
 474          0.070
 475          0.198
 476          0.122
 477          0.095
 478          0.136
 479          0.103
 480          0.062
 481          0.068
 482          0.091
 483          0.054
 484          0.077
 485          0.059
 486          0.057
 487          0.054

# Average distance: 0.101 nm
