# Atom index    Distance (nm)
   1          0.110
   2          0.125
   3          0.156
   4          0.167
   5          0.133
   6          0.095
   7          0.070
   8          0.081
   9          0.063
  10          0.090
  11          0.052
  12          0.107
  13          0.142
  14          0.174
  15          0.114
  16          0.079
  17          0.113
  18          0.159
  19          0.201
  20          0.284
  21          0.174
  22          0.168
  23          0.092
  24          0.139
  25          0.179
  26          0.226
  27          0.269
  28          0.164
  29          0.109
  30          0.115
  31          0.121
  32          0.059
  33          0.077
  34          0.055
  35          0.158
  36          0.160
  37          0.235
  38          0.142
  39          0.126
  40          0.096
  41          0.104
  42          0.105
  43          0.100
  44          0.163
  45          0.398
  46          0.696
  47          0.779
  48          1.034
  49          1.025
  50          0.824
  51          0.539
  52          0.355
  53          0.219
  54          0.125
  55          0.108
  56          0.064
  57          0.089
  58          0.094
  59          0.079
  60          0.067
  61          0.144
  62          0.140
  63          0.120
  64          0.105
  65          0.117
  66          0.102
  67          0.149
  68          0.323
  69          0.252
  70          0.296
  71          0.203
  72          0.161
  73          0.156
  74          0.158
  75          0.222
  76          0.217
  77          0.227
  78          0.206
  79          0.164
  80          0.270
  81          0.130
  82          0.162
  83          0.155
  84          0.139
  85          0.085
  86          0.125
  87          0.120
  88          0.091
  89          0.083
  90          0.076
  91          0.106
  92          0.081
  93          0.059
  94          0.040
  95          0.024
  96          0.053
  97          0.054
  98          0.068
  99          0.116
 100          0.080
 101          0.118
 102          0.143
 103          0.120
 104          0.140
 105          0.135
 106          0.129
 107          0.123
 108          0.157
 109          0.172
 110          0.471
 111          0.405
 112          0.288
 113          0.140
 114          0.096
 115          0.137
 116          0.169
 117          0.163
 118          0.186
 119          0.167
 120          0.103
 121          0.113
 122          0.065
 123          0.068
 124          0.045
 125          0.032
 126          0.048
 127          0.052
 128          0.085
 129          0.041
 130          0.072
 131          0.066
 132          0.085
 133          0.078
 134          0.089
 135          0.085
 136          0.080
 137          0.092
 138          0.079
 139          0.074
 140          0.057
 141          0.063
 142          0.050
 143          0.059
 144          0.051
 145          0.059
 146          0.053
 147          0.029
 148          0.019
 149          0.019
 150          0.048
 151          0.076
 152          0.077
 153          0.078
 154          0.053
 155          0.048
 156          0.031
 157          0.054
 158          0.030
 159          0.013
 160          0.037
 161          0.059
 162          0.076
 163          0.087
 164          0.108
 165          0.065
 166          0.038
 167          0.068
 168          0.043
 169          0.069
 170          0.065
 171          0.088
 172          0.081
 173          0.090
 174          0.093
 175          0.125
 176          0.192
 177          0.224
 178          0.087
 179          0.101
 180          0.048
 181          0.050
 182          0.046
 183          0.020
 184          0.025
 185          0.058
 186          0.037
 187          0.053
 188          0.049
 189          0.060
 190          0.037
 191          0.022
 192          0.068
 193          0.034
 194          0.063
 195          0.041
 196          0.037
 197          0.019
 198          0.077
 199          0.118
 200          0.135
 201          0.110
 202          0.052
 203          0.048
 204          0.022
 205          0.057
 206          0.030
 207          0.040
 208          0.066
 209          0.135
 210          0.148
 211          0.115
 212          0.094
 213          0.087
 214          0.095
 215          0.046
 216          0.037
 217          0.062
 218          0.069
 219          0.072
 220          0.105
 221          0.092
 222          0.054
 223          0.064
 224          0.026
 225          0.038
 226          0.073
 227          0.043
 228          0.095
 229          0.130
 230          0.220
 231          0.072
 232          0.031
 233          0.047
 234          0.078
 235          0.061
 236          0.113
 237          0.236
 238          0.324
 239          0.158
 240          0.184
 241          0.336
 242          0.197
 243          0.138
 244          0.108
 245          0.002
 246          0.046
 247          0.080
 248          0.074
 249          0.086
 250          0.078
 251          0.091
 252          0.092
 253          0.092
 254          0.045
 255          0.089
 256          0.060
 257          0.052
 258          0.037
 259          0.036
 260          0.048
 261          0.053
 262          0.112
 263          0.159
 264          0.164
 265          0.125
 266          0.081
 267          0.097
 268          0.115
 269          0.115
 270          0.068
 271          0.145
 272          0.109
 273          0.121
 274          0.201
 275          0.178
 276          0.156
 277          0.132
 278          0.190
 279          0.126
 280          0.118
 281          0.073
 282          0.076
 283          0.061
 284          0.053
 285          0.054
 286          0.034
 287          0.019
 288          0.047
 289          0.079
 290          0.072
 291          0.094
 292          0.071
 293          0.094
 294          0.113
 295          0.117
 296          0.078
 297          0.066
 298          0.060
 299          0.088
 300          0.110
 301          0.118
 302          0.155
 303          0.146
 304          0.120
 305          0.147
 306          0.128
 307          0.127
 308          0.126
 309          0.117
 310          0.140
 311          0.140
 312          0.174
 313          0.198
 314          0.196
 315          0.189
 316          0.169
 317          0.135
 318          0.154
 319          0.146
 320          0.135
 321          0.147
 322          0.114
 323          0.134
 324          0.173
 325          0.264
 326          0.205
 327          0.187
 328          0.128
 329          0.124
 330          0.099
 331          0.045
 332          0.078
 333          0.068
 334          0.079
 335          0.064
 336          0.070
 337          0.078
 338          0.048
 339          0.042
 340          0.050
 341          0.041
 342          0.017
 343          0.133
 344          0.112
 345          0.081
 346          0.088
 347          0.083
 348          0.097
 349          0.114
 350          0.127
 351          0.119
 352          0.182
 353          0.160
 354          0.140
 355          0.159
 356          0.151
 357          0.141
 358          0.160
 359          0.141
 360          0.165
 361          0.115
 362          0.127
 363          0.173
 364          0.184
 365          0.228
 366          0.325
 367          0.302
 368          0.206
 369          0.040
 370          0.048
 371          0.052
 372          0.046
 373          0.049
 374          0.028
 375          0.051
 376          0.065
 377          0.067
 378          0.052
 379          0.066
 380          0.071
 381          0.091
 382          0.086
 383          0.083
 384          0.108
 385          0.118
 386          0.127
 387          0.122
 388          0.104
 389          0.111
 390          0.104
 391          0.106
 392          0.182
 393          0.337
 394          0.222
 395          0.201
 396          0.094
 397          0.138
 398          0.104
 399          0.112
 400          0.124
 401          0.129
 402          0.117
 403          0.082
 404          0.053
 405          0.103
 406          0.142
 407          0.101
 408          0.064
 409          0.087
 410          0.078
 411          0.053
 412          0.011
 413          0.069
 414          0.097
 415          0.070
 416          0.088
 417          0.034
 418          0.036
 419          0.051
 420          0.050
 421          0.060
 422          0.130
 423          0.124
 424          0.102
 425          0.042
 426          0.041
 427          0.087
 428          0.073
 429          0.064
 430          0.058
 431          0.050
 432          0.060
 433          0.086
 434          0.083
 435          0.095
 436          0.094
 437          0.079
 438          0.068
 439          0.023
 440          0.031
 441          0.047
 442          0.061
 443          0.043
 444          0.040
 445          0.019
 446          0.017
 447          0.037
 448          0.050
 449          0.081
 450          0.074
 451          0.065
 452          0.087
 453          0.076
 454          0.037
 455          0.077
 456          0.088
 457          0.032
 458          0.012
 459          0.031
 460          0.034
 461          0.017
 462          0.020
 463          0.044
 464          0.048
 465          0.101
 466          0.099
 467          0.076
 468          0.083
 469          0.061
 470          0.070
 471          0.098
 472          0.081
 473          0.080
 474          0.090
 475          0.069
 476          0.082
 477          0.100
 478          0.113
 479          0.109
 480          0.137
 481          0.103
 482          0.120
 483          0.088
 484          0.078
 485          0.021
 486          0.046
 487          0.060

# Average distance: 0.112 nm
