# Atom index    Distance (nm)
   1          0.677
   2          0.493
   3          0.224
   4          0.262
   5          0.160
   6          0.137
   7          0.099
   8          0.089
   9          0.125
  10          0.078
  11          0.059
  12          0.167
  13          0.197
  14          0.185
  15          0.181
  16          0.147
  17          0.120
  18          0.124
  19          0.165
  20          0.277
  21          0.242
  22          0.303
  23          0.290
  24          0.356
  25          0.280
  26          0.241
  27          0.231
  28          0.204
  29          0.177
  30          0.164
  31          0.157
  32          0.124
  33          0.058
  34          0.023
  35          0.029
  36          0.121
  37          0.133
  38          0.085
  39          0.097
  40          0.088
  41          0.082
  42          0.090
  43          0.095
  44          0.140
  45          0.134
  46          0.182
  47          0.143
  48          0.138
  49          0.208
  50          0.237
  51          0.038
  52          0.116
  53          0.047
  54          0.073
  55          0.065
  56          0.064
  57          0.132
  58          0.159
  59          0.227
  60          0.283
  61          0.222
  62          0.184
  63          0.141
  64          0.114
  65          0.086
  66          0.131
  67          0.349
  68          0.529
  69          0.464
  70          0.263
  71          0.223
  72          0.164
  73          0.147
  74          0.150
  75          0.168
  76          0.139
  77          0.102
  78          0.111
  79          0.116
  80          0.096
  81          0.148
  82          0.107
  83          0.058
  84          0.024
  85          0.031
  86          0.110
  87          0.080
  88          0.031
  89          0.132
  90          0.086
  91          0.059
  92          0.009
  93          0.041
  94          0.029
  95          0.026
  96          0.034
  97          0.043
  98          0.051
  99          0.040
 100          0.092
 101          0.184
 102          0.202
 103          0.120
 104          0.053
 105          0.032
 106          0.060
 107          0.080
 108          0.187
 109          0.240
 110          0.225
 111          0.271
 112          0.287
 113          0.250
 114          0.130
 115          0.107
 116          0.122
 117          0.098
 118          0.112
 119          0.116
 120          0.109
 121          0.130
 122          0.114
 123          0.140
 124          0.080
 125          0.045
 126          0.030
 127          0.085
 128          0.113
 129          0.048
 130          0.084
 131          0.022
 132          0.042
 133          0.034
 134          0.036
 135          0.032
 136          0.054
 137          0.062
 138          0.065
 139          0.076
 140          0.099
 141          0.166
 142          0.132
 143          0.136
 144          0.131
 145          0.071
 146          0.075
 147          0.076
 148          0.053
 149          0.091
 150          0.136
 151          0.186
 152          0.200
 153          0.209
 154          0.171
 155          0.149
 156          0.123
 157          0.140
 158          0.074
 159          0.077
 160          0.068
 161          0.039
 162          0.095
 163          0.105
 164          0.056
 165          0.067
 166          0.083
 167          0.042
 168          0.092
 169          0.081
 170          0.047
 171          0.026
 172          0.051
 173          0.076
 174          0.085
 175          0.051
 176          0.073
 177          0.080
 178          0.070
 179          0.058
 180          0.081
 181          0.074
 182          0.054
 183          0.048
 184          0.069
 185          0.056
 186          0.058
 187          0.065
 188          0.080
 189          0.097
 190          0.109
 191          0.087
 192          0.186
 193          0.240
 194          0.212
 195          0.165
 196          0.091
 197          0.100
 198          0.083
 199          0.197
 200          0.176
 201          0.112
 202          0.144
 203          0.129
 204          0.049
 205          0.053
 206          0.054
 207          0.088
 208          0.115
 209          0.096
 210          0.079
 211          0.076
 212          0.069
 213          0.157
 214          0.100
 215          0.092
 216          0.097
 217          0.105
 218          0.127
 219          0.099
 220          0.107
 221          0.124
 222          0.135
 223          0.171
 224          0.149
 225          0.136
 226          0.121
 227          0.114
 228          0.161
 229          0.199
 230          0.233
 231          0.270
 232          0.218
 233          0.213
 234          0.111
 235          0.125
 236          0.102
 237          0.065
 238          0.177
 239          0.404
 240          0.346
 241          0.284
 242          0.226
 243          0.203
 244          0.173
 245          0.125
 246          0.099
 247          0.095
 248          0.064
 249          0.078
 250          0.094
 251          0.074
 252          0.041
 253          0.071
 254          0.091
 255          0.080
 256          0.059
 257          0.078
 258          0.090
 259          0.105
 260          0.107
 261          0.154
 262          0.171
 263          0.145
 264          0.182
 265          0.145
 266          0.114
 267          0.119
 268          0.091
 269          0.126
 270          0.125
 271          0.219
 272          0.252
 273          0.297
 274          0.217
 275          0.101
 276          0.105
 277          0.105
 278          0.092
 279          0.064
 280          0.167
 281          0.144
 282          0.119
 283          0.112
 284          0.124
 285          0.079
 286          0.077
 287          0.066
 288          0.088
 289          0.068
 290          0.105
 291          0.102
 292          0.132
 293          0.286
 294          0.318
 295          0.417
 296          0.405
 297          0.299
 298          0.224
 299          0.117
 300          0.103
 301          0.082
 302          0.042
 303          0.101
 304          0.140
 305          0.192
 306          0.184
 307          0.234
 308          0.195
 309          0.182
 310          0.209
 311          0.144
 312          0.132
 313          0.032
 314          0.051
 315          0.091
 316          0.135
 317          0.139
 318          0.189
 319          0.198
 320          0.175
 321          0.205
 322          0.220
 323          0.205
 324          0.165
 325          0.195
 326          0.247
 327          0.250
 328          0.198
 329          0.162
 330          0.095
 331          0.104
 332          0.073
 333          0.066
 334          0.081
 335          0.098
 336          0.063
 337          0.077
 338          0.092
 339          0.141
 340          0.142
 341          0.087
 342          0.047
 343          0.130
 344          0.210
 345          0.210
 346          0.101
 347          0.082
 348          0.042
 349          0.019
 350          0.020
 351          0.097
 352          0.098
 353          0.151
 354          0.196
 355          0.152
 356          0.133
 357          0.093
 358          0.078
 359          0.059
 360          0.166
 361          0.204
 362          0.199
 363          0.193
 364          0.128
 365          0.239
 366          0.201
 367          0.114
 368          0.100
 369          0.056
 370          0.058
 371          0.100
 372          0.075
 373          0.076
 374          0.114
 375          0.093
 376          0.087
 377          0.087
 378          0.048
 379          0.067
 380          0.054
 381          0.022
 382          0.006
 383          0.056
 384          0.124
 385          0.110
 386          0.064
 387          0.051
 388          0.034
 389          0.055
 390          0.064
 391          0.082
 392          0.068
 393          0.224
 394          0.120
 395          0.094
 396          0.105
 397          0.068
 398          0.069
 399          0.064
 400          0.049
 401          0.052
 402          0.060
 403          0.079
 404          0.068
 405          0.039
 406          0.041
 407          0.036
 408          0.036
 409          0.046
 410          0.042
 411          0.064
 412          0.088
 413          0.219
 414          0.276
 415          0.224
 416          0.148
 417          0.103
 418          0.070
 419          0.060
 420          0.042
 421          0.056
 422          0.069
 423          0.119
 424          0.114
 425          0.127
 426          0.118
 427          0.075
 428          0.065
 429          0.095
 430          0.191
 431          0.166
 432          0.269
 433          0.132
 434          0.140
 435          0.094
 436          0.116
 437          0.067
 438          0.095
 439          0.103
 440          0.131
 441          0.141
 442          0.168
 443          0.059
 444          0.085
 445          0.094
 446          0.097
 447          0.039
 448          0.055
 449          0.073
 450          0.149
 451          0.120
 452          0.093
 453          0.073
 454          0.065
 455          0.048
 456          0.109
 457          0.107
 458          0.096
 459          0.113
 460          0.088
 461          0.137
 462          0.132
 463          0.102
 464          0.119
 465          0.138
 466          0.081
 467          0.065
 468          0.161
 469          0.084
 470          0.090
 471          0.043
 472          0.078
 473          0.094
 474          0.146
 475          0.199
 476          0.197
 477          0.160
 478          0.172
 479          0.175
 480          0.269
 481          0.329
 482          0.344
 483          0.202
 484          0.131
 485          0.061
 486          0.061
 487          0.031

# Average distance: 0.126 nm
