# Atom index    Distance (nm)
   1          1.121
   2          0.664
   3          0.447
   4          0.141
   5          0.119
   6          0.090
   7          0.071
   8          0.073
   9          0.079
  10          0.033
  11          0.067
  12          0.100
  13          0.132
  14          0.122
  15          0.042
  16          0.118
  17          0.103
  18          0.087
  19          0.131
  20          0.102
  21          0.140
  22          0.154
  23          0.189
  24          0.222
  25          0.163
  26          0.111
  27          0.115
  28          0.171
  29          0.081
  30          0.104
  31          0.104
  32          0.105
  33          0.068
  34          0.078
  35          0.089
  36          0.127
  37          0.060
  38          0.117
  39          0.046
  40          0.071
  41          0.047
  42          0.151
  43          0.127
  44          0.159
  45          0.405
  46          0.708
  47          0.912
  48          1.279
  49          0.712
  50          0.222
  51          0.145
  52          0.085
  53          0.060
  54          0.073
  55          0.097
  56          0.124
  57          0.083
  58          0.084
  59          0.119
  60          0.122
  61          0.114
  62          0.078
  63          0.064
  64          0.057
  65          0.042
  66          0.114
  67          0.073
  68          0.161
  69          0.188
  70          0.177
  71          0.105
  72          0.110
  73          0.083
  74          0.077
  75          0.075
  76          0.045
  77          0.096
  78          0.086
  79          0.094
  80          0.092
  81          0.092
  82          0.038
  83          0.030
  84          0.029
  85          0.045
  86          0.028
  87          0.041
  88          0.041
  89          0.070
  90          0.056
  91          0.038
  92          0.032
  93          0.076
  94          0.065
  95          0.098
  96          0.040
  97          0.045
  98          0.023
  99          0.059
 100          0.061
 101          0.039
 102          0.136
 103          0.089
 104          0.035
 105          0.018
 106          0.023
 107          0.071
 108          0.103
 109          0.130
 110          0.153
 111          0.107
 112          0.083
 113          0.060
 114          0.084
 115          0.083
 116          0.078
 117          0.033
 118          0.044
 119          0.052
 120          0.055
 121          0.099
 122          0.025
 123          0.053
 124          0.049
 125          0.044
 126          0.030
 127          0.064
 128          0.080
 129          0.082
 130          0.092
 131          0.058
 132          0.037
 133          0.046
 134          0.050
 135          0.052
 136          0.040
 137          0.088
 138          0.084
 139          0.124
 140          0.146
 141          0.239
 142          0.233
 143          0.178
 144          0.182
 145          0.133
 146          0.102
 147          0.045
 148          0.051
 149          0.060
 150          0.058
 151          0.114
 152          0.099
 153          0.114
 154          0.114
 155          0.031
 156          0.053
 157          0.028
 158          0.050
 159          0.031
 160          0.027
 161          0.117
 162          0.147
 163          0.125
 164          0.163
 165          0.151
 166          0.124
 167          0.052
 168          0.085
 169          0.088
 170          0.054
 171          0.045
 172          0.055
 173          0.031
 174          0.028
 175          0.014
 176          0.117
 177          0.060
 178          0.051
 179          0.052
 180          0.032
 181          0.037
 182          0.029
 183          0.053
 184          0.080
 185          0.107
 186          0.139
 187          0.121
 188          0.127
 189          0.081
 190          0.062
 191          0.014
 192          0.071
 193          0.062
 194          0.069
 195          0.031
 196          0.064
 197          0.098
 198          0.135
 199          0.197
 200          0.139
 201          0.124
 202          0.101
 203          0.044
 204          0.036
 205          0.052
 206          0.048
 207          0.116
 208          0.156
 209          0.134
 210          0.166
 211          0.155
 212          0.096
 213          0.118
 214          0.199
 215          0.063
 216          0.077
 217          0.097
 218          0.099
 219          0.199
 220          0.221
 221          0.133
 222          0.106
 223          0.103
 224          0.095
 225          0.061
 226          0.061
 227          0.061
 228          0.072
 229          0.089
 230          0.099
 231          0.075
 232          0.071
 233          0.055
 234          0.044
 235          0.063
 236          0.056
 237          0.162
 238          0.234
 239          0.331
 240          0.279
 241          0.234
 242          0.187
 243          0.229
 244          0.288
 245          0.207
 246          0.179
 247          0.175
 248          0.134
 249          0.128
 250          0.097
 251          0.095
 252          0.082
 253          0.100
 254          0.111
 255          0.071
 256          0.070
 257          0.049
 258          0.080
 259          0.046
 260          0.025
 261          0.103
 262          0.156
 263          0.111
 264          0.089
 265          0.042
 266          0.021
 267          0.068
 268          0.085
 269          0.044
 270          0.084
 271          0.079
 272          0.075
 273          0.083
 274          0.067
 275          0.024
 276          0.042
 277          0.020
 278          0.067
 279          0.030
 280          0.051
 281          0.149
 282          0.060
 283          0.088
 284          0.083
 285          0.053
 286          0.088
 287          0.069
 288          0.070
 289          0.106
 290          0.068
 291          0.129
 292          0.145
 293          0.167
 294          0.393
 295          0.267
 296          0.205
 297          0.233
 298          0.141
 299          0.114
 300          0.110
 301          0.087
 302          0.153
 303          0.038
 304          0.120
 305          0.125
 306          0.160
 307          0.113
 308          0.089
 309          0.070
 310          0.079
 311          0.080
 312          0.082
 313          0.027
 314          0.040
 315          0.084
 316          0.071
 317          0.070
 318          0.067
 319          0.050
 320          0.117
 321          0.082
 322          0.087
 323          0.075
 324          0.036
 325          0.083
 326          0.077
 327          0.067
 328          0.098
 329          0.140
 330          0.122
 331          0.127
 332          0.105
 333          0.099
 334          0.072
 335          0.093
 336          0.104
 337          0.018
 338          0.039
 339          0.068
 340          0.075
 341          0.120
 342          0.118
 343          0.123
 344          0.104
 345          0.108
 346          0.148
 347          0.141
 348          0.138
 349          0.091
 350          0.085
 351          0.078
 352          0.123
 353          0.141
 354          0.126
 355          0.063
 356          0.052
 357          0.073
 358          0.076
 359          0.099
 360          0.098
 361          0.133
 362          0.192
 363          0.172
 364          0.100
 365          0.143
 366          0.148
 367          0.221
 368          0.162
 369          0.086
 370          0.083
 371          0.069
 372          0.070
 373          0.063
 374          0.026
 375          0.027
 376          0.111
 377          0.106
 378          0.083
 379          0.094
 380          0.062
 381          0.050
 382          0.052
 383          0.067
 384          0.043
 385          0.061
 386          0.082
 387          0.057
 388          0.070
 389          0.097
 390          0.089
 391          0.084
 392          0.063
 393          0.203
 394          0.126
 395          0.181
 396          0.141
 397          0.038
 398          0.036
 399          0.063
 400          0.091
 401          0.132
 402          0.063
 403          0.070
 404          0.073
 405          0.061
 406          0.083
 407          0.062
 408          0.067
 409          0.106
 410          0.075
 411          0.039
 412          0.029
 413          0.146
 414          0.168
 415          0.087
 416          0.058
 417          0.075
 418          0.073
 419          0.072
 420          0.103
 421          0.113
 422          0.099
 423          0.101
 424          0.093
 425          0.100
 426          0.054
 427          0.049
 428          0.062
 429          0.085
 430          0.340
 431          0.271
 432          0.229
 433          0.154
 434          0.095
 435          0.039
 436          0.030
 437          0.072
 438          0.116
 439          0.093
 440          0.090
 441          0.021
 442          0.041
 443          0.041
 444          0.051
 445          0.107
 446          0.105
 447          0.120
 448          0.120
 449          0.085
 450          0.068
 451          0.093
 452          0.108
 453          0.080
 454          0.025
 455          0.029
 456          0.038
 457          0.108
 458          0.114
 459          0.145
 460          0.186
 461          0.118
 462          0.093
 463          0.118
 464          0.090
 465          0.064
 466          0.096
 467          0.106
 468          0.089
 469          0.097
 470          0.073
 471          0.053
 472          0.049
 473          0.066
 474          0.057
 475          0.076
 476          0.062
 477          0.109
 478          0.053
 479          0.101
 480          0.090
 481          0.076
 482          0.064
 483          0.067
 484          0.063
 485          0.036
 486          0.067
 487          0.069

# Average distance: 0.105 nm
