# Atom index    Distance (nm)
   1          0.291
   2          0.161
   3          0.183
   4          0.155
   5          0.113
   6          0.090
   7          0.064
   8          0.067
   9          0.059
  10          0.037
  11          0.041
  12          0.085
  13          0.124
  14          0.135
  15          0.049
  16          0.068
  17          0.068
  18          0.045
  19          0.047
  20          0.014
  21          0.071
  22          0.167
  23          0.160
  24          0.151
  25          0.096
  26          0.063
  27          0.031
  28          0.031
  29          0.087
  30          0.111
  31          0.098
  32          0.170
  33          0.171
  34          0.131
  35          0.119
  36          0.092
  37          0.056
  38          0.048
  39          0.039
  40          0.038
  41          0.046
  42          0.024
  43          0.034
  44          0.174
  45          0.335
  46          0.465
  47          0.284
  48          0.630
  49          0.549
  50          0.629
  51          0.439
  52          0.282
  53          0.061
  54          0.047
  55          0.050
  56          0.044
  57          0.028
  58          0.039
  59          0.132
  60          0.146
  61          0.113
  62          0.094
  63          0.078
  64          0.078
  65          0.111
  66          0.088
  67          0.102
  68          0.073
  69          0.073
  70          0.061
  71          0.053
  72          0.077
  73          0.079
  74          0.100
  75          0.123
  76          0.124
  77          0.168
  78          0.188
  79          0.163
  80          0.174
  81          0.197
  82          0.140
  83          0.129
  84          0.169
  85          0.175
  86          0.191
  87          0.188
  88          0.175
  89          0.202
  90          0.173
  91          0.205
  92          0.195
  93          0.177
  94          0.154
  95          0.136
  96          0.128
  97          0.128
  98          0.159
  99          0.154
 100          0.196
 101          0.215
 102          0.148
 103          0.156
 104          0.114
 105          0.113
 106          0.091
 107          0.091
 108          0.101
 109          0.124
 110          0.098
 111          0.303
 112          0.101
 113          0.073
 114          0.079
 115          0.092
 116          0.058
 117          0.065
 118          0.121
 119          0.146
 120          0.148
 121          0.140
 122          0.160
 123          0.117
 124          0.114
 125          0.111
 126          0.123
 127          0.050
 128          0.152
 129          0.120
 130          0.063
 131          0.069
 132          0.069
 133          0.070
 134          0.031
 135          0.037
 136          0.029
 137          0.029
 138          0.041
 139          0.075
 140          0.049
 141          0.072
 142          0.066
 143          0.044
 144          0.096
 145          0.091
 146          0.095
 147          0.057
 148          0.091
 149          0.076
 150          0.062
 151          0.152
 152          0.075
 153          0.186
 154          0.092
 155          0.090
 156          0.079
 157          0.102
 158          0.095
 159          0.076
 160          0.116
 161          0.116
 162          0.176
 163          0.227
 164          0.097
 165          0.071
 166          0.071
 167          0.050
 168          0.037
 169          0.021
 170          0.027
 171          0.040
 172          0.064
 173          0.047
 174          0.029
 175          0.022
 176          0.080
 177          0.071
 178          0.073
 179          0.065
 180          0.082
 181          0.070
 182          0.048
 183          0.070
 184          0.087
 185          0.096
 186          0.094
 187          0.056
 188          0.045
 189          0.059
 190          0.058
 191          0.079
 192          0.048
 193          0.071
 194          0.077
 195          0.078
 196          0.090
 197          0.120
 198          0.081
 199          0.081
 200          0.096
 201          0.095
 202          0.102
 203          0.145
 204          0.093
 205          0.079
 206          0.065
 207          0.082
 208          0.066
 209          0.068
 210          0.104
 211          0.151
 212          0.173
 213          0.251
 214          0.095
 215          0.076
 216          0.068
 217          0.043
 218          0.018
 219          0.090
 220          0.233
 221          0.112
 222          0.072
 223          0.016
 224          0.029
 225          0.048
 226          0.039
 227          0.064
 228          0.102
 229          0.236
 230          0.346
 231          0.323
 232          0.168
 233          0.057
 234          0.056
 235          0.093
 236          0.101
 237          0.165
 238          0.245
 239          0.335
 240          0.412
 241          0.415
 242          0.333
 243          0.353
 244          0.045
 245          0.048
 246          0.056
 247          0.096
 248          0.083
 249          0.070
 250          0.043
 251          0.051
 252          0.070
 253          0.036
 254          0.036
 255          0.039
 256          0.044
 257          0.043
 258          0.066
 259          0.064
 260          0.056
 261          0.097
 262          0.239
 263          0.338
 264          0.293
 265          0.123
 266          0.061
 267          0.047
 268          0.052
 269          0.074
 270          0.060
 271          0.034
 272          0.069
 273          0.085
 274          0.080
 275          0.037
 276          0.039
 277          0.048
 278          0.131
 279          0.041
 280          0.132
 281          0.200
 282          0.104
 283          0.095
 284          0.069
 285          0.050
 286          0.025
 287          0.029
 288          0.018
 289          0.025
 290          0.064
 291          0.077
 292          0.084
 293          0.060
 294          0.030
 295          0.060
 296          0.053
 297          0.080
 298          0.066
 299          0.027
 300          0.050
 301          0.016
 302          0.014
 303          0.072
 304          0.065
 305          0.081
 306          0.030
 307          0.050
 308          0.050
 309          0.049
 310          0.046
 311          0.078
 312          0.117
 313          0.132
 314          0.087
 315          0.084
 316          0.064
 317          0.054
 318          0.029
 319          0.065
 320          0.074
 321          0.073
 322          0.131
 323          0.165
 324          0.117
 325          0.091
 326          0.084
 327          0.060
 328          0.038
 329          0.062
 330          0.048
 331          0.089
 332          0.074
 333          0.079
 334          0.045
 335          0.065
 336          0.050
 337          0.102
 338          0.076
 339          0.039
 340          0.062
 341          0.078
 342          0.107
 343          0.110
 344          0.122
 345          0.113
 346          0.090
 347          0.091
 348          0.080
 349          0.096
 350          0.101
 351          0.130
 352          0.146
 353          0.105
 354          0.117
 355          0.057
 356          0.051
 357          0.081
 358          0.107
 359          0.106
 360          0.135
 361          0.080
 362          0.030
 363          0.099
 364          0.126
 365          0.161
 366          0.204
 367          0.189
 368          0.110
 369          0.083
 370          0.054
 371          0.039
 372          0.041
 373          0.049
 374          0.046
 375          0.022
 376          0.055
 377          0.053
 378          0.088
 379          0.087
 380          0.059
 381          0.066
 382          0.057
 383          0.089
 384          0.065
 385          0.118
 386          0.055
 387          0.137
 388          0.085
 389          0.084
 390          0.127
 391          0.125
 392          0.098
 393          0.073
 394          0.086
 395          0.110
 396          0.157
 397          0.128
 398          0.112
 399          0.105
 400          0.089
 401          0.076
 402          0.099
 403          0.102
 404          0.072
 405          0.138
 406          0.133
 407          0.091
 408          0.041
 409          0.030
 410          0.091
 411          0.089
 412          0.126
 413          0.121
 414          0.073
 415          0.099
 416          0.072
 417          0.056
 418          0.098
 419          0.084
 420          0.114
 421          0.136
 422          0.133
 423          0.149
 424          0.141
 425          0.138
 426          0.100
 427          0.112
 428          0.098
 429          0.099
 430          0.315
 431          0.356
 432          0.258
 433          0.078
 434          0.061
 435          0.089
 436          0.119
 437          0.116
 438          0.121
 439          0.123
 440          0.084
 441          0.075
 442          0.135
 443          0.103
 444          0.068
 445          0.061
 446          0.030
 447          0.036
 448          0.058
 449          0.066
 450          0.079
 451          0.096
 452          0.096
 453          0.026
 454          0.042
 455          0.062
 456          0.040
 457          0.069
 458          0.068
 459          0.105
 460          0.123
 461          0.152
 462          0.082
 463          0.093
 464          0.077
 465          0.102
 466          0.203
 467          0.238
 468          0.243
 469          0.232
 470          0.103
 471          0.118
 472          0.081
 473          0.039
 474          0.043
 475          0.100
 476          0.071
 477          0.113
 478          0.129
 479          0.088
 480          0.109
 481          0.103
 482          0.129
 483          0.098
 484          0.041
 485          0.023
 486          0.053
 487          0.045

# Average distance: 0.104 nm
