# Atom index    Distance (nm)
   1          0.358
   2          0.357
   3          0.127
   4          0.112
   5          0.150
   6          0.120
   7          0.060
   8          0.096
   9          0.090
  10          0.081
  11          0.070
  12          0.058
  13          0.141
  14          0.127
  15          0.037
  16          0.051
  17          0.059
  18          0.070
  19          0.050
  20          0.092
  21          0.109
  22          0.150
  23          0.157
  24          0.218
  25          0.144
  26          0.186
  27          0.098
  28          0.078
  29          0.093
  30          0.163
  31          0.111
  32          0.050
  33          0.069
  34          0.057
  35          0.064
  36          0.045
  37          0.056
  38          0.044
  39          0.044
  40          0.044
  41          0.037
  42          0.068
  43          0.101
  44          0.081
  45          0.127
  46          0.147
  47          0.160
  48          0.324
  49          0.421
  50          0.229
  51          0.184
  52          0.150
  53          0.121
  54          0.133
  55          0.141
  56          0.107
  57          0.056
  58          0.075
  59          0.061
  60          0.059
  61          0.056
  62          0.063
  63          0.096
  64          0.119
  65          0.195
  66          0.233
  67          0.418
  68          0.429
  69          0.438
  70          0.304
  71          0.357
  72          0.237
  73          0.133
  74          0.152
  75          0.147
  76          0.153
  77          0.142
  78          0.170
  79          0.200
  80          0.171
  81          0.202
  82          0.197
  83          0.194
  84          0.123
  85          0.129
  86          0.094
  87          0.085
  88          0.117
  89          0.143
  90          0.180
  91          0.237
  92          0.201
  93          0.159
  94          0.137
  95          0.095
  96          0.073
  97          0.079
  98          0.113
  99          0.131
 100          0.143
 101          0.185
 102          0.179
 103          0.147
 104          0.140
 105          0.070
 106          0.047
 107          0.082
 108          0.139
 109          0.332
 110          0.250
 111          0.149
 112          0.261
 113          0.165
 114          0.154
 115          0.116
 116          0.131
 117          0.125
 118          0.136
 119          0.121
 120          0.025
 121          0.025
 122          0.049
 123          0.097
 124          0.065
 125          0.072
 126          0.078
 127          0.134
 128          0.201
 129          0.125
 130          0.085
 131          0.067
 132          0.091
 133          0.052
 134          0.026
 135          0.025
 136          0.051
 137          0.036
 138          0.039
 139          0.057
 140          0.079
 141          0.134
 142          0.117
 143          0.059
 144          0.062
 145          0.045
 146          0.040
 147          0.093
 148          0.077
 149          0.069
 150          0.067
 151          0.113
 152          0.236
 153          0.440
 154          0.187
 155          0.122
 156          0.081
 157          0.087
 158          0.219
 159          0.117
 160          0.044
 161          0.039
 162          0.035
 163          0.056
 164          0.035
 165          0.047
 166          0.057
 167          0.032
 168          0.047
 169          0.058
 170          0.065
 171          0.055
 172          0.050
 173          0.049
 174          0.079
 175          0.055
 176          0.031
 177          0.045
 178          0.096
 179          0.076
 180          0.036
 181          0.040
 182          0.043
 183          0.051
 184          0.049
 185          0.018
 186          0.051
 187          0.113
 188          0.055
 189          0.036
 190          0.053
 191          0.077
 192          0.121
 193          0.158
 194          0.134
 195          0.126
 196          0.109
 197          0.090
 198          0.113
 199          0.136
 200          0.124
 201          0.053
 202          0.075
 203          0.080
 204          0.049
 205          0.051
 206          0.062
 207          0.037
 208          0.146
 209          0.156
 210          0.236
 211          0.251
 212          0.381
 213          0.206
 214          0.250
 215          0.188
 216          0.139
 217          0.160
 218          0.037
 219          0.074
 220          0.101
 221          0.178
 222          0.074
 223          0.065
 224          0.125
 225          0.193
 226          0.103
 227          0.078
 228          0.128
 229          0.189
 230          0.345
 231          0.388
 232          0.178
 233          0.149
 234          0.107
 235          0.248
 236          0.332
 237          0.277
 238          0.212
 239          0.292
 240          0.213
 241          0.310
 242          0.265
 243          0.183
 244          0.092
 245          0.054
 246          0.067
 247          0.101
 248          0.063
 249          0.061
 250          0.048
 251          0.051
 252          0.041
 253          0.033
 254          0.069
 255          0.066
 256          0.030
 257          0.069
 258          0.041
 259          0.021
 260          0.090
 261          0.091
 262          0.037
 263          0.080
 264          0.087
 265          0.057
 266          0.022
 267          0.006
 268          0.022
 269          0.026
 270          0.046
 271          0.128
 272          0.208
 273          0.222
 274          0.108
 275          0.037
 276          0.066
 277          0.033
 278          0.080
 279          0.049
 280          0.096
 281          0.130
 282          0.088
 283          0.075
 284          0.053
 285          0.026
 286          0.034
 287          0.031
 288          0.034
 289          0.080
 290          0.182
 291          0.188
 292          0.107
 293          0.136
 294          0.142
 295          0.080
 296          0.114
 297          0.122
 298          0.117
 299          0.171
 300          0.185
 301          0.113
 302          0.095
 303          0.113
 304          0.187
 305          0.192
 306          0.204
 307          0.120
 308          0.129
 309          0.136
 310          0.114
 311          0.093
 312          0.078
 313          0.119
 314          0.180
 315          0.121
 316          0.123
 317          0.116
 318          0.141
 319          0.167
 320          0.211
 321          0.168
 322          0.175
 323          0.206
 324          0.177
 325          0.166
 326          0.155
 327          0.150
 328          0.103
 329          0.113
 330          0.120
 331          0.118
 332          0.105
 333          0.084
 334          0.063
 335          0.037
 336          0.089
 337          0.106
 338          0.074
 339          0.079
 340          0.047
 341          0.046
 342          0.031
 343          0.071
 344          0.134
 345          0.059
 346          0.053
 347          0.047
 348          0.021
 349          0.042
 350          0.073
 351          0.065
 352          0.076
 353          0.025
 354          0.057
 355          0.088
 356          0.053
 357          0.069
 358          0.133
 359          0.097
 360          0.126
 361          0.094
 362          0.073
 363          0.116
 364          0.071
 365          0.143
 366          0.167
 367          0.171
 368          0.113
 369          0.092
 370          0.082
 371          0.071
 372          0.021
 373          0.075
 374          0.081
 375          0.065
 376          0.033
 377          0.033
 378          0.050
 379          0.079
 380          0.043
 381          0.033
 382          0.016
 383          0.044
 384          0.047
 385          0.049
 386          0.108
 387          0.096
 388          0.052
 389          0.067
 390          0.082
 391          0.101
 392          0.136
 393          0.173
 394          0.123
 395          0.147
 396          0.153
 397          0.055
 398          0.097
 399          0.104
 400          0.101
 401          0.106
 402          0.099
 403          0.094
 404          0.081
 405          0.045
 406          0.055
 407          0.078
 408          0.093
 409          0.106
 410          0.028
 411          0.039
 412          0.037
 413          0.095
 414          0.115
 415          0.066
 416          0.065
 417          0.047
 418          0.007
 419          0.039
 420          0.149
 421          0.148
 422          0.184
 423          0.148
 424          0.160
 425          0.076
 426          0.062
 427          0.072
 428          0.106
 429          0.104
 430          0.078
 431          0.151
 432          0.062
 433          0.109
 434          0.137
 435          0.099
 436          0.091
 437          0.051
 438          0.072
 439          0.088
 440          0.097
 441          0.040
 442          0.029
 443          0.035
 444          0.068
 445          0.047
 446          0.037
 447          0.060
 448          0.061
 449          0.081
 450          0.081
 451          0.102
 452          0.119
 453          0.027
 454          0.081
 455          0.090
 456          0.070
 457          0.075
 458          0.039
 459          0.147
 460          0.154
 461          0.150
 462          0.068
 463          0.058
 464          0.066
 465          0.083
 466          0.167
 467          0.153
 468          0.200
 469          0.155
 470          0.125
 471          0.122
 472          0.111
 473          0.109
 474          0.093
 475          0.098
 476          0.068
 477          0.067
 478          0.148
 479          0.081
 480          0.096
 481          0.119
 482          0.101
 483          0.069
 484          0.072
 485          0.073
 486          0.043
 487          0.058

# Average distance: 0.109 nm
