# Atom index    Distance (nm)
   1          0.138
   2          0.112
   3          0.135
   4          0.032
   5          0.037
   6          0.047
   7          0.049
   8          0.037
   9          0.024
  10          0.029
  11          0.044
  12          0.070
  13          0.056
  14          0.083
  15          0.074
  16          0.074
  17          0.070
  18          0.077
  19          0.068
  20          0.075
  21          0.085
  22          0.120
  23          0.141
  24          0.111
  25          0.076
  26          0.096
  27          0.100
  28          0.108
  29          0.123
  30          0.116
  31          0.069
  32          0.116
  33          0.097
  34          0.048
  35          0.087
  36          0.088
  37          0.016
  38          0.028
  39          0.023
  40          0.049
  41          0.082
  42          0.023
  43          0.061
  44          0.090
  45          0.204
  46          0.283
  47          0.157
  48          0.168
  49          0.138
  50          0.122
  51          0.172
  52          0.215
  53          0.071
  54          0.065
  55          0.059
  56          0.065
  57          0.071
  58          0.063
  59          0.060
  60          0.064
  61          0.068
  62          0.074
  63          0.095
  64          0.069
  65          0.090
  66          0.133
  67          0.137
  68          0.151
  69          0.161
  70          0.138
  71          0.160
  72          0.135
  73          0.098
  74          0.066
  75          0.120
  76          0.105
  77          0.111
  78          0.122
  79          0.146
  80          0.141
  81          0.112
  82          0.101
  83          0.072
  84          0.064
  85          0.053
  86          0.051
  87          0.033
  88          0.035
  89          0.056
  90          0.113
  91          0.117
  92          0.185
  93          0.153
  94          0.127
  95          0.106
  96          0.056
  97          0.047
  98          0.062
  99          0.116
 100          0.128
 101          0.183
 102          0.178
 103          0.152
 104          0.146
 105          0.070
 106          0.020
 107          0.095
 108          0.121
 109          0.119
 110          0.123
 111          0.116
 112          0.097
 113          0.072
 114          0.078
 115          0.099
 116          0.087
 117          0.099
 118          0.017
 119          0.067
 120          0.068
 121          0.168
 122          0.114
 123          0.097
 124          0.067
 125          0.069
 126          0.047
 127          0.064
 128          0.059
 129          0.040
 130          0.029
 131          0.074
 132          0.042
 133          0.067
 134          0.084
 135          0.090
 136          0.088
 137          0.079
 138          0.090
 139          0.075
 140          0.026
 141          0.129
 142          0.119
 143          0.058
 144          0.087
 145          0.084
 146          0.099
 147          0.091
 148          0.113
 149          0.141
 150          0.114
 151          0.176
 152          0.105
 153          0.101
 154          0.063
 155          0.089
 156          0.069
 157          0.072
 158          0.056
 159          0.043
 160          0.096
 161          0.120
 162          0.118
 163          0.145
 164          0.103
 165          0.119
 166          0.128
 167          0.129
 168          0.106
 169          0.094
 170          0.044
 171          0.076
 172          0.081
 173          0.082
 174          0.102
 175          0.092
 176          0.088
 177          0.125
 178          0.057
 179          0.073
 180          0.085
 181          0.117
 182          0.081
 183          0.093
 184          0.109
 185          0.085
 186          0.053
 187          0.119
 188          0.078
 189          0.063
 190          0.070
 191          0.116
 192          0.129
 193          0.098
 194          0.063
 195          0.119
 196          0.131
 197          0.131
 198          0.148
 199          0.127
 200          0.146
 201          0.143
 202          0.135
 203          0.116
 204          0.112
 205          0.110
 206          0.097
 207          0.041
 208          0.037
 209          0.065
 210          0.029
 211          0.023
 212          0.081
 213          0.092
 214          0.064
 215          0.062
 216          0.048
 217          0.085
 218          0.054
 219          0.072
 220          0.115
 221          0.103
 222          0.092
 223          0.052
 224          0.044
 225          0.077
 226          0.060
 227          0.059
 228          0.092
 229          0.148
 230          0.148
 231          0.065
 232          0.086
 233          0.069
 234          0.088
 235          0.065
 236          0.065
 237          0.010
 238          0.082
 239          0.160
 240          0.088
 241          0.174
 242          0.118
 243          0.082
 244          0.080
 245          0.054
 246          0.074
 247          0.047
 248          0.054
 249          0.030
 250          0.055
 251          0.058
 252          0.092
 253          0.128
 254          0.130
 255          0.084
 256          0.088
 257          0.032
 258          0.024
 259          0.038
 260          0.029
 261          0.049
 262          0.052
 263          0.063
 264          0.068
 265          0.097
 266          0.045
 267          0.065
 268          0.083
 269          0.081
 270          0.076
 271          0.093
 272          0.120
 273          0.100
 274          0.101
 275          0.067
 276          0.076
 277          0.082
 278          0.093
 279          0.095
 280          0.129
 281          0.121
 282          0.097
 283          0.130
 284          0.088
 285          0.052
 286          0.026
 287          0.049
 288          0.070
 289          0.074
 290          0.048
 291          0.059
 292          0.053
 293          0.045
 294          0.067
 295          0.041
 296          0.084
 297          0.072
 298          0.035
 299          0.062
 300          0.063
 301          0.099
 302          0.085
 303          0.125
 304          0.189
 305          0.126
 306          0.083
 307          0.055
 308          0.092
 309          0.072
 310          0.091
 311          0.059
 312          0.078
 313          0.145
 314          0.190
 315          0.097
 316          0.097
 317          0.047
 318          0.071
 319          0.085
 320          0.093
 321          0.100
 322          0.121
 323          0.096
 324          0.074
 325          0.082
 326          0.125
 327          0.132
 328          0.100
 329          0.096
 330          0.099
 331          0.148
 332          0.105
 333          0.058
 334          0.041
 335          0.072
 336          0.135
 337          0.074
 338          0.070
 339          0.058
 340          0.065
 341          0.109
 342          0.083
 343          0.077
 344          0.091
 345          0.132
 346          0.154
 347          0.047
 348          0.038
 349          0.072
 350          0.078
 351          0.061
 352          0.086
 353          0.149
 354          0.079
 355          0.078
 356          0.084
 357          0.037
 358          0.041
 359          0.039
 360          0.052
 361          0.028
 362          0.067
 363          0.074
 364          0.073
 365          0.037
 366          0.039
 367          0.058
 368          0.066
 369          0.106
 370          0.062
 371          0.077
 372          0.037
 373          0.043
 374          0.047
 375          0.077
 376          0.098
 377          0.093
 378          0.117
 379          0.141
 380          0.085
 381          0.090
 382          0.061
 383          0.051
 384          0.118
 385          0.096
 386          0.096
 387          0.119
 388          0.052
 389          0.068
 390          0.069
 391          0.075
 392          0.082
 393          0.048
 394          0.150
 395          0.069
 396          0.093
 397          0.032
 398          0.033
 399          0.054
 400          0.053
 401          0.089
 402          0.083
 403          0.034
 404          0.045
 405          0.049
 406          0.071
 407          0.123
 408          0.057
 409          0.021
 410          0.020
 411          0.054
 412          0.049
 413          0.067
 414          0.035
 415          0.038
 416          0.040
 417          0.037
 418          0.031
 419          0.039
 420          0.052
 421          0.095
 422          0.098
 423          0.125
 424          0.127
 425          0.104
 426          0.079
 427          0.074
 428          0.088
 429          0.070
 430          0.168
 431          0.212
 432          0.135
 433          0.055
 434          0.039
 435          0.043
 436          0.041
 437          0.064
 438          0.104
 439          0.129
 440          0.101
 441          0.088
 442          0.081
 443          0.098
 444          0.120
 445          0.078
 446          0.082
 447          0.099
 448          0.081
 449          0.032
 450          0.037
 451          0.076
 452          0.094
 453          0.085
 454          0.053
 455          0.029
 456          0.012
 457          0.019
 458          0.070
 459          0.100
 460          0.087
 461          0.096
 462          0.078
 463          0.048
 464          0.032
 465          0.040
 466          0.063
 467          0.056
 468          0.065
 469          0.122
 470          0.056
 471          0.051
 472          0.022
 473          0.027
 474          0.027
 475          0.021
 476          0.050
 477          0.062
 478          0.121
 479          0.079
 480          0.096
 481          0.113
 482          0.128
 483          0.049
 484          0.063
 485          0.089
 486          0.077
 487          0.103

# Average distance: 0.084 nm
