# Atom index    Distance (nm)
   1          0.127
   2          0.081
   3          0.089
   4          0.059
   5          0.044
   6          0.039
   7          0.055
   8          0.065
   9          0.072
  10          0.071
  11          0.105
  12          0.111
  13          0.222
  14          0.214
  15          0.172
  16          0.126
  17          0.054
  18          0.045
  19          0.091
  20          0.056
  21          0.064
  22          0.062
  23          0.114
  24          0.079
  25          0.058
  26          0.062
  27          0.065
  28          0.095
  29          0.113
  30          0.239
  31          0.119
  32          0.067
  33          0.084
  34          0.095
  35          0.113
  36          0.133
  37          0.158
  38          0.101
  39          0.086
  40          0.065
  41          0.066
  42          0.072
  43          0.063
  44          0.122
  45          0.097
  46          0.134
  47          0.151
  48          0.194
  49          0.209
  50          0.244
  51          0.120
  52          0.234
  53          0.148
  54          0.103
  55          0.058
  56          0.023
  57          0.020
  58          0.040
  59          0.086
  60          0.117
  61          0.134
  62          0.030
  63          0.070
  64          0.044
  65          0.048
  66          0.056
  67          0.099
  68          0.131
  69          0.087
  70          0.060
  71          0.070
  72          0.068
  73          0.036
  74          0.014
  75          0.023
  76          0.023
  77          0.083
  78          0.121
  79          0.172
  80          0.093
  81          0.134
  82          0.119
  83          0.084
  84          0.092
  85          0.056
  86          0.101
  87          0.123
  88          0.122
  89          0.187
  90          0.199
  91          0.254
  92          0.248
  93          0.201
  94          0.172
  95          0.168
  96          0.145
  97          0.108
  98          0.080
  99          0.064
 100          0.103
 101          0.060
 102          0.057
 103          0.092
 104          0.102
 105          0.079
 106          0.121
 107          0.141
 108          0.142
 109          0.173
 110          0.142
 111          0.166
 112          0.149
 113          0.114
 114          0.107
 115          0.103
 116          0.144
 117          0.112
 118          0.109
 119          0.161
 120          0.161
 121          0.178
 122          0.218
 123          0.197
 124          0.146
 125          0.192
 126          0.150
 127          0.078
 128          0.066
 129          0.112
 130          0.098
 131          0.043
 132          0.045
 133          0.076
 134          0.112
 135          0.055
 136          0.087
 137          0.071
 138          0.049
 139          0.053
 140          0.075
 141          0.072
 142          0.141
 143          0.121
 144          0.134
 145          0.100
 146          0.046
 147          0.045
 148          0.045
 149          0.053
 150          0.073
 151          0.141
 152          0.167
 153          0.045
 154          0.074
 155          0.053
 156          0.057
 157          0.059
 158          0.061
 159          0.072
 160          0.103
 161          0.100
 162          0.104
 163          0.090
 164          0.057
 165          0.014
 166          0.027
 167          0.041
 168          0.033
 169          0.050
 170          0.058
 171          0.063
 172          0.075
 173          0.099
 174          0.080
 175          0.089
 176          0.083
 177          0.074
 178          0.091
 179          0.060
 180          0.081
 181          0.088
 182          0.110
 183          0.070
 184          0.061
 185          0.049
 186          0.050
 187          0.074
 188          0.066
 189          0.030
 190          0.042
 191          0.012
 192          0.078
 193          0.024
 194          0.090
 195          0.034
 196          0.042
 197          0.054
 198          0.096
 199          0.112
 200          0.123
 201          0.101
 202          0.091
 203          0.082
 204          0.064
 205          0.058
 206          0.064
 207          0.073
 208          0.053
 209          0.053
 210          0.030
 211          0.085
 212          0.119
 213          0.054
 214          0.071
 215          0.059
 216          0.059
 217          0.039
 218          0.064
 219          0.111
 220          0.165
 221          0.152
 222          0.094
 223          0.107
 224          0.056
 225          0.038
 226          0.050
 227          0.075
 228          0.121
 229          0.114
 230          0.118
 231          0.090
 232          0.071
 233          0.046
 234          0.065
 235          0.089
 236          0.075
 237          0.145
 238          0.203
 239          0.232
 240          0.254
 241          0.212
 242          0.172
 243          0.193
 244          0.175
 245          0.082
 246          0.018
 247          0.088
 248          0.066
 249          0.096
 250          0.070
 251          0.132
 252          0.059
 253          0.021
 254          0.021
 255          0.059
 256          0.031
 257          0.030
 258          0.054
 259          0.023
 260          0.024
 261          0.056
 262          0.107
 263          0.093
 264          0.108
 265          0.044
 266          0.056
 267          0.042
 268          0.023
 269          0.039
 270          0.048
 271          0.039
 272          0.097
 273          0.154
 274          0.058
 275          0.047
 276          0.054
 277          0.057
 278          0.119
 279          0.044
 280          0.045
 281          0.047
 282          0.044
 283          0.075
 284          0.046
 285          0.058
 286          0.072
 287          0.043
 288          0.047
 289          0.036
 290          0.048
 291          0.048
 292          0.060
 293          0.075
 294          0.081
 295          0.086
 296          0.088
 297          0.052
 298          0.046
 299          0.040
 300          0.063
 301          0.030
 302          0.037
 303          0.037
 304          0.071
 305          0.130
 306          0.171
 307          0.070
 308          0.059
 309          0.033
 310          0.042
 311          0.076
 312          0.093
 313          0.051
 314          0.103
 315          0.039
 316          0.047
 317          0.036
 318          0.034
 319          0.018
 320          0.085
 321          0.092
 322          0.182
 323          0.169
 324          0.164
 325          0.098
 326          0.097
 327          0.073
 328          0.053
 329          0.063
 330          0.080
 331          0.094
 332          0.117
 333          0.110
 334          0.086
 335          0.073
 336          0.090
 337          0.035
 338          0.035
 339          0.052
 340          0.044
 341          0.054
 342          0.081
 343          0.078
 344          0.101
 345          0.022
 346          0.048
 347          0.024
 348          0.016
 349          0.055
 350          0.061
 351          0.052
 352          0.070
 353          0.131
 354          0.030
 355          0.047
 356          0.043
 357          0.050
 358          0.061
 359          0.044
 360          0.039
 361          0.020
 362          0.030
 363          0.037
 364          0.055
 365          0.051
 366          0.103
 367          0.115
 368          0.089
 369          0.103
 370          0.072
 371          0.050
 372          0.043
 373          0.022
 374          0.022
 375          0.054
 376          0.021
 377          0.085
 378          0.091
 379          0.081
 380          0.088
 381          0.063
 382          0.071
 383          0.048
 384          0.065
 385          0.074
 386          0.073
 387          0.063
 388          0.069
 389          0.066
 390          0.076
 391          0.090
 392          0.077
 393          0.046
 394          0.115
 395          0.097
 396          0.063
 397          0.068
 398          0.076
 399          0.084
 400          0.094
 401          0.110
 402          0.111
 403          0.121
 404          0.078
 405          0.099
 406          0.073
 407          0.054
 408          0.070
 409          0.064
 410          0.059
 411          0.072
 412          0.094
 413          0.057
 414          0.099
 415          0.030
 416          0.033
 417          0.034
 418          0.077
 419          0.083
 420          0.080
 421          0.082
 422          0.098
 423          0.115
 424          0.024
 425          0.051
 426          0.074
 427          0.045
 428          0.052
 429          0.116
 430          0.206
 431          0.216
 432          0.138
 433          0.080
 434          0.072
 435          0.074
 436          0.065
 437          0.075
 438          0.075
 439          0.052
 440          0.038
 441          0.081
 442          0.093
 443          0.055
 444          0.047
 445          0.028
 446          0.015
 447          0.046
 448          0.033
 449          0.035
 450          0.023
 451          0.040
 452          0.031
 453          0.027
 454          0.042
 455          0.021
 456          0.061
 457          0.054
 458          0.041
 459          0.046
 460          0.118
 461          0.104
 462          0.040
 463          0.056
 464          0.060
 465          0.030
 466          0.036
 467          0.069
 468          0.152
 469          0.268
 470          0.143
 471          0.105
 472          0.065
 473          0.055
 474          0.063
 475          0.088
 476          0.069
 477          0.109
 478          0.090
 479          0.108
 480          0.093
 481          0.048
 482          0.069
 483          0.043
 484          0.043
 485          0.068
 486          0.066
 487          0.059

# Average distance: 0.083 nm
