# Atom index    Distance (nm)
   1          0.598
   2          0.276
   3          0.591
   4          0.669
   5          0.345
   6          0.182
   7          0.169
   8          0.108
   9          0.116
  10          0.108
  11          0.110
  12          0.158
  13          0.210
  14          0.273
  15          0.227
  16          0.241
  17          0.196
  18          0.138
  19          0.157
  20          0.138
  21          0.144
  22          0.180
  23          0.275
  24          0.230
  25          0.127
  26          0.138
  27          0.179
  28          0.198
  29          0.189
  30          0.274
  31          0.267
  32          0.318
  33          0.310
  34          0.249
  35          0.326
  36          0.285
  37          0.220
  38          0.163
  39          0.152
  40          0.120
  41          0.167
  42          0.201
  43          0.205
  44          0.224
  45          0.320
  46          0.317
  47          0.213
  48          0.151
  49          0.232
  50          0.148
  51          0.190
  52          0.345
  53          0.387
  54          0.223
  55          0.161
  56          0.049
  57          0.127
  58          0.092
  59          0.158
  60          0.095
  61          0.136
  62          0.082
  63          0.062
  64          0.046
  65          0.123
  66          0.157
  67          0.249
  68          0.296
  69          0.293
  70          0.250
  71          0.201
  72          0.129
  73          0.067
  74          0.030
  75          0.058
  76          0.128
  77          0.215
  78          0.286
  79          0.231
  80          0.263
  81          0.284
  82          0.197
  83          0.153
  84          0.261
  85          0.261
  86          0.305
  87          0.203
  88          0.396
  89          0.333
  90          0.332
  91          0.328
  92          0.213
  93          0.168
  94          0.223
  95          0.232
  96          0.230
  97          0.185
  98          0.265
  99          0.270
 100          0.337
 101          0.342
 102          0.356
 103          0.387
 104          0.351
 105          0.287
 106          0.236
 107          0.283
 108          0.347
 109          0.391
 110          0.335
 111          0.542
 112          0.370
 113          0.245
 114          0.241
 115          0.262
 116          0.344
 117          0.361
 118          0.397
 119          0.405
 120          0.374
 121          0.406
 122          0.354
 123          0.332
 124          0.316
 125          0.265
 126          0.147
 127          0.088
 128          0.092
 129          0.098
 130          0.096
 131          0.187
 132          0.149
 133          0.134
 134          0.096
 135          0.144
 136          0.125
 137          0.119
 138          0.181
 139          0.173
 140          0.159
 141          0.239
 142          0.237
 143          0.227
 144          0.216
 145          0.178
 146          0.145
 147          0.094
 148          0.105
 149          0.100
 150          0.118
 151          0.164
 152          0.172
 153          0.121
 154          0.105
 155          0.098
 156          0.095
 157          0.081
 158          0.083
 159          0.100
 160          0.141
 161          0.171
 162          0.219
 163          0.202
 164          0.042
 165          0.020
 166          0.037
 167          0.028
 168          0.064
 169          0.070
 170          0.063
 171          0.095
 172          0.079
 173          0.085
 174          0.171
 175          0.200
 176          0.128
 177          0.160
 178          0.113
 179          0.063
 180          0.121
 181          0.117
 182          0.103
 183          0.080
 184          0.071
 185          0.078
 186          0.086
 187          0.088
 188          0.082
 189          0.083
 190          0.097
 191          0.134
 192          0.131
 193          0.112
 194          0.133
 195          0.111
 196          0.074
 197          0.120
 198          0.336
 199          0.397
 200          0.400
 201          0.373
 202          0.308
 203          0.097
 204          0.099
 205          0.060
 206          0.140
 207          0.130
 208          0.168
 209          0.127
 210          0.134
 211          0.186
 212          0.227
 213          0.246
 214          0.223
 215          0.205
 216          0.145
 217          0.152
 218          0.104
 219          0.220
 220          0.214
 221          0.135
 222          0.107
 223          0.158
 224          0.152
 225          0.123
 226          0.133
 227          0.136
 228          0.178
 229          0.239
 230          0.319
 231          0.204
 232          0.136
 233          0.072
 234          0.081
 235          0.082
 236          0.159
 237          0.251
 238          0.297
 239          0.339
 240          0.306
 241          0.278
 242          0.198
 243          0.192
 244          0.213
 245          0.151
 246          0.142
 247          0.152
 248          0.220
 249          0.182
 250          0.135
 251          0.134
 252          0.123
 253          0.067
 254          0.072
 255          0.037
 256          0.053
 257          0.076
 258          0.056
 259          0.050
 260          0.082
 261          0.085
 262          0.056
 263          0.123
 264          0.135
 265          0.045
 266          0.064
 267          0.079
 268          0.087
 269          0.085
 270          0.113
 271          0.126
 272          0.136
 273          0.144
 274          0.116
 275          0.057
 276          0.073
 277          0.067
 278          0.078
 279          0.042
 280          0.152
 281          0.146
 282          0.117
 283          0.060
 284          0.081
 285          0.087
 286          0.058
 287          0.050
 288          0.049
 289          0.057
 290          0.028
 291          0.159
 292          0.102
 293          0.067
 294          0.082
 295          0.060
 296          0.128
 297          0.082
 298          0.058
 299          0.023
 300          0.078
 301          0.060
 302          0.039
 303          0.096
 304          0.180
 305          0.140
 306          0.097
 307          0.042
 308          0.062
 309          0.063
 310          0.076
 311          0.107
 312          0.143
 313          0.157
 314          0.159
 315          0.133
 316          0.099
 317          0.035
 318          0.046
 319          0.084
 320          0.088
 321          0.087
 322          0.043
 323          0.063
 324          0.073
 325          0.099
 326          0.106
 327          0.102
 328          0.071
 329          0.073
 330          0.068
 331          0.069
 332          0.051
 333          0.110
 334          0.097
 335          0.132
 336          0.136
 337          0.107
 338          0.105
 339          0.089
 340          0.079
 341          0.102
 342          0.091
 343          0.091
 344          0.140
 345          0.129
 346          0.158
 347          0.105
 348          0.089
 349          0.082
 350          0.054
 351          0.081
 352          0.069
 353          0.145
 354          0.088
 355          0.106
 356          0.093
 357          0.038
 358          0.082
 359          0.102
 360          0.063
 361          0.263
 362          0.298
 363          0.167
 364          0.168
 365          0.151
 366          0.180
 367          0.186
 368          0.148
 369          0.107
 370          0.081
 371          0.072
 372          0.073
 373          0.080
 374          0.044
 375          0.055
 376          0.027
 377          0.023
 378          0.053
 379          0.074
 380          0.122
 381          0.117
 382          0.091
 383          0.054
 384          0.177
 385          0.112
 386          0.116
 387          0.075
 388          0.090
 389          0.114
 390          0.132
 391          0.165
 392          0.206
 393          0.248
 394          0.235
 395          0.296
 396          0.182
 397          0.231
 398          0.164
 399          0.173
 400          0.075
 401          0.087
 402          0.141
 403          0.220
 404          0.380
 405          0.179
 406          0.156
 407          0.127
 408          0.109
 409          0.115
 410          0.080
 411          0.082
 412          0.103
 413          0.081
 414          0.101
 415          0.116
 416          0.115
 417          0.069
 418          0.056
 419          0.047
 420          0.134
 421          0.212
 422          0.236
 423          0.239
 424          0.220
 425          0.162
 426          0.132
 427          0.138
 428          0.190
 429          0.197
 430          0.165
 431          0.171
 432          0.186
 433          0.108
 434          0.119
 435          0.164
 436          0.205
 437          0.211
 438          0.244
 439          0.199
 440          0.179
 441          0.216
 442          0.253
 443          0.263
 444          0.120
 445          0.080
 446          0.072
 447          0.070
 448          0.029
 449          0.052
 450          0.081
 451          0.067
 452          0.109
 453          0.081
 454          0.100
 455          0.098
 456          0.065
 457          0.088
 458          0.121
 459          0.168
 460          0.115
 461          0.135
 462          0.086
 463          0.077
 464          0.075
 465          0.079
 466          0.104
 467          0.160
 468          0.159
 469          0.114
 470          0.175
 471          0.172
 472          0.101
 473          0.110
 474          0.106
 475          0.028
 476          0.037
 477          0.074
 478          0.131
 479          0.096
 480          0.109
 481          0.114
 482          0.070
 483          0.063
 484          0.031
 485          0.106
 486          0.088
 487          0.047

# Average distance: 0.155 nm
