# Atom index    Distance (nm)
   1          0.115
   2          0.099
   3          0.064
   4          0.086
   5          0.066
   6          0.106
   7          0.046
   8          0.088
   9          0.031
  10          0.084
  11          0.077
  12          0.052
  13          0.097
  14          0.118
  15          0.088
  16          0.064
  17          0.046
  18          0.027
  19          0.044
  20          0.040
  21          0.071
  22          0.065
  23          0.119
  24          0.102
  25          0.053
  26          0.063
  27          0.056
  28          0.063
  29          0.030
  30          0.049
  31          0.041
  32          0.038
  33          0.080
  34          0.064
  35          0.106
  36          0.106
  37          0.106
  38          0.069
  39          0.042
  40          0.023
  41          0.029
  42          0.053
  43          0.090
  44          0.110
  45          0.233
  46          0.340
  47          0.118
  48          0.267
  49          0.508
  50          0.538
  51          0.285
  52          0.108
  53          0.043
  54          0.129
  55          0.036
  56          0.028
  57          0.059
  58          0.059
  59          0.053
  60          0.051
  61          0.068
  62          0.064
  63          0.017
  64          0.019
  65          0.037
  66          0.053
  67          0.175
  68          0.260
  69          0.191
  70          0.101
  71          0.103
  72          0.104
  73          0.090
  74          0.044
  75          0.097
  76          0.036
  77          0.107
  78          0.100
  79          0.080
  80          0.124
  81          0.085
  82          0.036
  83          0.027
  84          0.027
  85          0.042
  86          0.129
  87          0.159
  88          0.187
  89          0.134
  90          0.059
  91          0.160
  92          0.137
  93          0.133
  94          0.133
  95          0.124
  96          0.115
  97          0.111
  98          0.119
  99          0.110
 100          0.147
 101          0.158
 102          0.181
 103          0.208
 104          0.178
 105          0.143
 106          0.093
 107          0.110
 108          0.167
 109          0.204
 110          0.188
 111          0.133
 112          0.126
 113          0.105
 114          0.081
 115          0.106
 116          0.120
 117          0.075
 118          0.063
 119          0.068
 120          0.018
 121          0.037
 122          0.110
 123          0.080
 124          0.071
 125          0.070
 126          0.139
 127          0.189
 128          0.074
 129          0.065
 130          0.052
 131          0.062
 132          0.093
 133          0.054
 134          0.048
 135          0.013
 136          0.033
 137          0.095
 138          0.079
 139          0.114
 140          0.086
 141          0.138
 142          0.089
 143          0.111
 144          0.143
 145          0.141
 146          0.105
 147          0.089
 148          0.097
 149          0.096
 150          0.081
 151          0.086
 152          0.158
 153          0.239
 154          0.111
 155          0.091
 156          0.084
 157          0.078
 158          0.094
 159          0.097
 160          0.082
 161          0.110
 162          0.081
 163          0.106
 164          0.015
 165          0.015
 166          0.037
 167          0.039
 168          0.098
 169          0.069
 170          0.054
 171          0.031
 172          0.014
 173          0.026
 174          0.066
 175          0.081
 176          0.048
 177          0.108
 178          0.076
 179          0.041
 180          0.072
 181          0.096
 182          0.040
 183          0.038
 184          0.036
 185          0.041
 186          0.024
 187          0.089
 188          0.035
 189          0.042
 190          0.051
 191          0.034
 192          0.040
 193          0.033
 194          0.053
 195          0.082
 196          0.063
 197          0.069
 198          0.102
 199          0.117
 200          0.101
 201          0.078
 202          0.084
 203          0.082
 204          0.083
 205          0.057
 206          0.064
 207          0.039
 208          0.129
 209          0.175
 210          0.164
 211          0.151
 212          0.145
 213          0.152
 214          0.146
 215          0.122
 216          0.096
 217          0.086
 218          0.025
 219          0.041
 220          0.084
 221          0.100
 222          0.112
 223          0.077
 224          0.102
 225          0.115
 226          0.103
 227          0.145
 228          0.177
 229          0.274
 230          0.300
 231          0.236
 232          0.196
 233          0.101
 234          0.129
 235          0.117
 236          0.059
 237          0.070
 238          0.064
 239          0.091
 240          0.154
 241          0.218
 242          0.188
 243          0.143
 244          0.096
 245          0.074
 246          0.115
 247          0.091
 248          0.089
 249          0.098
 250          0.064
 251          0.072
 252          0.079
 253          0.073
 254          0.022
 255          0.097
 256          0.063
 257          0.049
 258          0.031
 259          0.081
 260          0.095
 261          0.076
 262          0.088
 263          0.102
 264          0.063
 265          0.044
 266          0.043
 267          0.046
 268          0.073
 269          0.086
 270          0.160
 271          0.091
 272          0.112
 273          0.080
 274          0.093
 275          0.079
 276          0.083
 277          0.098
 278          0.036
 279          0.044
 280          0.052
 281          0.072
 282          0.071
 283          0.086
 284          0.097
 285          0.080
 286          0.028
 287          0.042
 288          0.074
 289          0.100
 290          0.073
 291          0.024
 292          0.052
 293          0.069
 294          0.113
 295          0.141
 296          0.164
 297          0.136
 298          0.127
 299          0.106
 300          0.087
 301          0.068
 302          0.113
 303          0.145
 304          0.195
 305          0.217
 306          0.159
 307          0.098
 308          0.037
 309          0.015
 310          0.035
 311          0.064
 312          0.094
 313          0.108
 314          0.086
 315          0.061
 316          0.072
 317          0.044
 318          0.071
 319          0.079
 320          0.134
 321          0.142
 322          0.205
 323          0.201
 324          0.139
 325          0.062
 326          0.121
 327          0.049
 328          0.023
 329          0.057
 330          0.055
 331          0.029
 332          0.097
 333          0.068
 334          0.043
 335          0.052
 336          0.035
 337          0.038
 338          0.034
 339          0.055
 340          0.052
 341          0.043
 342          0.061
 343          0.081
 344          0.069
 345          0.047
 346          0.073
 347          0.030
 348          0.047
 349          0.054
 350          0.053
 351          0.077
 352          0.073
 353          0.063
 354          0.028
 355          0.060
 356          0.053
 357          0.030
 358          0.069
 359          0.051
 360          0.071
 361          0.021
 362          0.021
 363          0.028
 364          0.118
 365          0.213
 366          0.063
 367          0.053
 368          0.085
 369          0.056
 370          0.063
 371          0.124
 372          0.076
 373          0.045
 374          0.031
 375          0.040
 376          0.025
 377          0.061
 378          0.066
 379          0.069
 380          0.046
 381          0.032
 382          0.022
 383          0.070
 384          0.098
 385          0.051
 386          0.124
 387          0.117
 388          0.065
 389          0.041
 390          0.014
 391          0.131
 392          0.272
 393          0.398
 394          0.531
 395          0.245
 396          0.123
 397          0.056
 398          0.037
 399          0.077
 400          0.065
 401          0.082
 402          0.097
 403          0.117
 404          0.086
 405          0.060
 406          0.053
 407          0.050
 408          0.038
 409          0.052
 410          0.030
 411          0.031
 412          0.056
 413          0.095
 414          0.080
 415          0.060
 416          0.146
 417          0.024
 418          0.092
 419          0.082
 420          0.041
 421          0.130
 422          0.186
 423          0.161
 424          0.072
 425          0.011
 426          0.035
 427          0.052
 428          0.037
 429          0.043
 430          0.187
 431          0.172
 432          0.130
 433          0.100
 434          0.035
 435          0.037
 436          0.047
 437          0.092
 438          0.097
 439          0.107
 440          0.069
 441          0.044
 442          0.027
 443          0.048
 444          0.102
 445          0.113
 446          0.105
 447          0.100
 448          0.109
 449          0.084
 450          0.083
 451          0.067
 452          0.082
 453          0.060
 454          0.064
 455          0.041
 456          0.094
 457          0.085
 458          0.090
 459          0.047
 460          0.112
 461          0.116
 462          0.098
 463          0.078
 464          0.038
 465          0.082
 466          0.103
 467          0.148
 468          0.143
 469          0.108
 470          0.081
 471          0.082
 472          0.059
 473          0.050
 474          0.070
 475          0.040
 476          0.064
 477          0.096
 478          0.101
 479          0.118
 480          0.109
 481          0.081
 482          0.091
 483          0.094
 484          0.105
 485          0.078
 486          0.080
 487          0.045

# Average distance: 0.090 nm
