# Atom index    Distance (nm)
   1          1.216
   2          0.680
   3          0.387
   4          0.187
   5          0.101
   6          0.143
   7          0.162
   8          0.113
   9          0.070
  10          0.094
  11          0.096
  12          0.111
  13          0.156
  14          0.155
  15          0.126
  16          0.106
  17          0.045
  18          0.057
  19          0.111
  20          0.182
  21          0.280
  22          0.290
  23          0.355
  24          0.353
  25          0.248
  26          0.272
  27          0.220
  28          0.066
  29          0.136
  30          0.156
  31          0.144
  32          0.109
  33          0.058
  34          0.078
  35          0.080
  36          0.111
  37          0.134
  38          0.106
  39          0.122
  40          0.120
  41          0.091
  42          0.103
  43          0.117
  44          0.157
  45          0.442
  46          0.836
  47          1.012
  48          1.404
  49          1.055
  50          0.852
  51          0.482
  52          0.436
  53          0.173
  54          0.101
  55          0.062
  56          0.071
  57          0.090
  58          0.122
  59          0.182
  60          0.232
  61          0.209
  62          0.098
  63          0.080
  64          0.073
  65          0.093
  66          0.097
  67          0.104
  68          0.204
  69          0.284
  70          0.250
  71          0.129
  72          0.142
  73          0.171
  74          0.136
  75          0.183
  76          0.087
  77          0.142
  78          0.088
  79          0.104
  80          0.069
  81          0.165
  82          0.171
  83          0.038
  84          0.062
  85          0.047
  86          0.074
  87          0.085
  88          0.040
  89          0.032
  90          0.039
  91          0.059
  92          0.102
  93          0.082
  94          0.040
  95          0.098
  96          0.037
  97          0.016
  98          0.053
  99          0.054
 100          0.119
 101          0.174
 102          0.131
 103          0.085
 104          0.023
 105          0.029
 106          0.046
 107          0.049
 108          0.150
 109          0.543
 110          0.684
 111          0.512
 112          0.228
 113          0.054
 114          0.089
 115          0.060
 116          0.063
 117          0.028
 118          0.054
 119          0.092
 120          0.077
 121          0.100
 122          0.104
 123          0.022
 124          0.016
 125          0.012
 126          0.097
 127          0.144
 128          0.082
 129          0.061
 130          0.096
 131          0.074
 132          0.071
 133          0.093
 134          0.070
 135          0.063
 136          0.050
 137          0.020
 138          0.039
 139          0.076
 140          0.073
 141          0.104
 142          0.182
 143          0.168
 144          0.102
 145          0.094
 146          0.069
 147          0.089
 148          0.102
 149          0.108
 150          0.119
 151          0.186
 152          0.206
 153          0.096
 154          0.079
 155          0.102
 156          0.084
 157          0.062
 158          0.077
 159          0.087
 160          0.082
 161          0.056
 162          0.059
 163          0.041
 164          0.044
 165          0.030
 166          0.078
 167          0.057
 168          0.042
 169          0.053
 170          0.034
 171          0.028
 172          0.044
 173          0.034
 174          0.053
 175          0.192
 176          0.237
 177          0.245
 178          0.071
 179          0.090
 180          0.051
 181          0.046
 182          0.077
 183          0.089
 184          0.059
 185          0.052
 186          0.114
 187          0.104
 188          0.059
 189          0.085
 190          0.060
 191          0.008
 192          0.056
 193          0.059
 194          0.073
 195          0.041
 196          0.053
 197          0.069
 198          0.105
 199          0.248
 200          0.207
 201          0.149
 202          0.042
 203          0.077
 204          0.028
 205          0.068
 206          0.054
 207          0.154
 208          0.136
 209          0.135
 210          0.160
 211          0.200
 212          0.147
 213          0.097
 214          0.109
 215          0.086
 216          0.084
 217          0.116
 218          0.114
 219          0.100
 220          0.094
 221          0.124
 222          0.096
 223          0.075
 224          0.072
 225          0.140
 226          0.071
 227          0.087
 228          0.107
 229          0.170
 230          0.312
 231          0.152
 232          0.094
 233          0.071
 234          0.113
 235          0.171
 236          0.121
 237          0.140
 238          0.167
 239          0.214
 240          0.262
 241          0.198
 242          0.143
 243          0.158
 244          0.147
 245          0.087
 246          0.086
 247          0.057
 248          0.102
 249          0.084
 250          0.028
 251          0.079
 252          0.083
 253          0.045
 254          0.046
 255          0.019
 256          0.032
 257          0.030
 258          0.037
 259          0.024
 260          0.049
 261          0.027
 262          0.033
 263          0.038
 264          0.047
 265          0.032
 266          0.062
 267          0.024
 268          0.062
 269          0.041
 270          0.068
 271          0.069
 272          0.058
 273          0.153
 274          0.034
 275          0.040
 276          0.025
 277          0.067
 278          0.055
 279          0.085
 280          0.110
 281          0.070
 282          0.027
 283          0.065
 284          0.033
 285          0.039
 286          0.048
 287          0.069
 288          0.061
 289          0.072
 290          0.076
 291          0.059
 292          0.079
 293          0.137
 294          0.204
 295          0.254
 296          0.211
 297          0.147
 298          0.035
 299          0.026
 300          0.025
 301          0.013
 302          0.094
 303          0.156
 304          0.173
 305          0.138
 306          0.090
 307          0.054
 308          0.031
 309          0.028
 310          0.014
 311          0.018
 312          0.046
 313          0.093
 314          0.054
 315          0.039
 316          0.037
 317          0.041
 318          0.037
 319          0.054
 320          0.044
 321          0.027
 322          0.180
 323          0.215
 324          0.203
 325          0.116
 326          0.107
 327          0.050
 328          0.042
 329          0.034
 330          0.039
 331          0.066
 332          0.051
 333          0.061
 334          0.096
 335          0.076
 336          0.065
 337          0.050
 338          0.054
 339          0.047
 340          0.038
 341          0.034
 342          0.039
 343          0.067
 344          0.087
 345          0.079
 346          0.076
 347          0.054
 348          0.034
 349          0.052
 350          0.038
 351          0.021
 352          0.064
 353          0.060
 354          0.099
 355          0.038
 356          0.051
 357          0.039
 358          0.038
 359          0.066
 360          0.081
 361          0.083
 362          0.091
 363          0.046
 364          0.022
 365          0.059
 366          0.066
 367          0.070
 368          0.072
 369          0.084
 370          0.039
 371          0.038
 372          0.006
 373          0.051
 374          0.056
 375          0.059
 376          0.072
 377          0.037
 378          0.043
 379          0.055
 380          0.055
 381          0.034
 382          0.033
 383          0.076
 384          0.093
 385          0.120
 386          0.113
 387          0.100
 388          0.051
 389          0.037
 390          0.021
 391          0.026
 392          0.072
 393          0.050
 394          0.062
 395          0.120
 396          0.089
 397          0.089
 398          0.043
 399          0.064
 400          0.093
 401          0.071
 402          0.069
 403          0.043
 404          0.068
 405          0.065
 406          0.021
 407          0.022
 408          0.033
 409          0.040
 410          0.016
 411          0.074
 412          0.156
 413          0.102
 414          0.105
 415          0.111
 416          0.124
 417          0.024
 418          0.030
 419          0.041
 420          0.081
 421          0.064
 422          0.117
 423          0.139
 424          0.123
 425          0.083
 426          0.078
 427          0.063
 428          0.068
 429          0.090
 430          0.153
 431          0.233
 432          0.081
 433          0.091
 434          0.066
 435          0.102
 436          0.127
 437          0.105
 438          0.132
 439          0.159
 440          0.131
 441          0.151
 442          0.206
 443          0.133
 444          0.072
 445          0.073
 446          0.068
 447          0.039
 448          0.053
 449          0.053
 450          0.050
 451          0.046
 452          0.048
 453          0.023
 454          0.045
 455          0.018
 456          0.030
 457          0.017
 458          0.058
 459          0.076
 460          0.190
 461          0.125
 462          0.063
 463          0.037
 464          0.034
 465          0.083
 466          0.105
 467          0.130
 468          0.163
 469          0.103
 470          0.092
 471          0.133
 472          0.070
 473          0.073
 474          0.050
 475          0.058
 476          0.076
 477          0.087
 478          0.043
 479          0.037
 480          0.092
 481          0.117
 482          0.078
 483          0.057
 484          0.052
 485          0.039
 486          0.094
 487          0.090

# Average distance: 0.108 nm
