# Atom index    Distance (nm)
   1          0.297
   2          0.151
   3          0.103
   4          0.078
   5          0.053
   6          0.053
   7          0.058
   8          0.063
   9          0.033
  10          0.029
  11          0.027
  12          0.022
  13          0.024
  14          0.013
  15          0.033
  16          0.017
  17          0.014
  18          0.018
  19          0.086
  20          0.071
  21          0.110
  22          0.106
  23          0.097
  24          0.059
  25          0.038
  26          0.082
  27          0.060
  28          0.051
  29          0.063
  30          0.026
  31          0.040
  32          0.029
  33          0.076
  34          0.037
  35          0.066
  36          0.072
  37          0.079
  38          0.065
  39          0.056
  40          0.062
  41          0.078
  42          0.087
  43          0.100
  44          0.151
  45          0.227
  46          0.224
  47          0.304
  48          0.329
  49          0.242
  50          0.184
  51          0.098
  52          0.073
  53          0.139
  54          0.111
  55          0.058
  56          0.075
  57          0.080
  58          0.120
  59          0.133
  60          0.118
  61          0.079
  62          0.073
  63          0.063
  64          0.055
  65          0.052
  66          0.064
  67          0.107
  68          0.106
  69          0.102
  70          0.097
  71          0.066
  72          0.046
  73          0.057
  74          0.042
  75          0.049
  76          0.013
  77          0.053
  78          0.120
  79          0.118
  80          0.160
  81          0.167
  82          0.111
  83          0.080
  84          0.117
  85          0.052
  86          0.031
  87          0.046
  88          0.078
  89          0.143
  90          0.062
  91          0.049
  92          0.044
  93          0.055
  94          0.049
  95          0.057
  96          0.047
  97          0.069
  98          0.046
  99          0.064
 100          0.088
 101          0.066
 102          0.067
 103          0.041
 104          0.040
 105          0.043
 106          0.073
 107          0.061
 108          0.064
 109          0.106
 110          0.110
 111          0.046
 112          0.045
 113          0.110
 114          0.113
 115          0.094
 116          0.074
 117          0.067
 118          0.046
 119          0.054
 120          0.039
 121          0.049
 122          0.068
 123          0.062
 124          0.040
 125          0.038
 126          0.029
 127          0.030
 128          0.051
 129          0.035
 130          0.049
 131          0.028
 132          0.050
 133          0.043
 134          0.033
 135          0.038
 136          0.034
 137          0.022
 138          0.044
 139          0.036
 140          0.051
 141          0.073
 142          0.014
 143          0.023
 144          0.034
 145          0.012
 146          0.031
 147          0.052
 148          0.079
 149          0.064
 150          0.071
 151          0.064
 152          0.059
 153          0.107
 154          0.118
 155          0.059
 156          0.061
 157          0.038
 158          0.097
 159          0.092
 160          0.099
 161          0.092
 162          0.075
 163          0.066
 164          0.063
 165          0.066
 166          0.072
 167          0.088
 168          0.063
 169          0.017
 170          0.030
 171          0.013
 172          0.021
 173          0.028
 174          0.051
 175          0.079
 176          0.085
 177          0.131
 178          0.106
 179          0.098
 180          0.041
 181          0.041
 182          0.039
 183          0.034
 184          0.018
 185          0.036
 186          0.034
 187          0.029
 188          0.025
 189          0.046
 190          0.038
 191          0.037
 192          0.048
 193          0.051
 194          0.087
 195          0.040
 196          0.030
 197          0.047
 198          0.070
 199          0.057
 200          0.067
 201          0.093
 202          0.074
 203          0.016
 204          0.082
 205          0.141
 206          0.019
 207          0.028
 208          0.060
 209          0.018
 210          0.063
 211          0.094
 212          0.097
 213          0.083
 214          0.052
 215          0.014
 216          0.028
 217          0.059
 218          0.042
 219          0.072
 220          0.072
 221          0.077
 222          0.039
 223          0.049
 224          0.035
 225          0.050
 226          0.010
 227          0.061
 228          0.042
 229          0.100
 230          0.074
 231          0.122
 232          0.021
 233          0.033
 234          0.019
 235          0.039
 236          0.042
 237          0.095
 238          0.067
 239          0.083
 240          0.132
 241          0.129
 242          0.126
 243          0.092
 244          0.085
 245          0.076
 246          0.028
 247          0.024
 248          0.008
 249          0.043
 250          0.098
 251          0.065
 252          0.061
 253          0.035
 254          0.033
 255          0.024
 256          0.023
 257          0.038
 258          0.043
 259          0.067
 260          0.103
 261          0.069
 262          0.046
 263          0.059
 264          0.100
 265          0.107
 266          0.078
 267          0.097
 268          0.091
 269          0.079
 270          0.107
 271          0.080
 272          0.097
 273          0.131
 274          0.100
 275          0.077
 276          0.097
 277          0.086
 278          0.121
 279          0.147
 280          0.149
 281          0.086
 282          0.059
 283          0.055
 284          0.031
 285          0.053
 286          0.076
 287          0.038
 288          0.023
 289          0.031
 290          0.037
 291          0.047
 292          0.057
 293          0.025
 294          0.043
 295          0.060
 296          0.061
 297          0.048
 298          0.036
 299          0.012
 300          0.015
 301          0.021
 302          0.030
 303          0.036
 304          0.033
 305          0.086
 306          0.098
 307          0.033
 308          0.036
 309          0.043
 310          0.060
 311          0.077
 312          0.126
 313          0.270
 314          0.170
 315          0.119
 316          0.060
 317          0.059
 318          0.061
 319          0.036
 320          0.065
 321          0.083
 322          0.111
 323          0.085
 324          0.093
 325          0.073
 326          0.058
 327          0.052
 328          0.058
 329          0.036
 330          0.042
 331          0.040
 332          0.025
 333          0.019
 334          0.056
 335          0.057
 336          0.054
 337          0.080
 338          0.056
 339          0.034
 340          0.024
 341          0.030
 342          0.016
 343          0.032
 344          0.019
 345          0.042
 346          0.067
 347          0.062
 348          0.046
 349          0.054
 350          0.047
 351          0.050
 352          0.103
 353          0.105
 354          0.156
 355          0.137
 356          0.133
 357          0.098
 358          0.096
 359          0.116
 360          0.208
 361          0.181
 362          0.169
 363          0.267
 364          0.175
 365          0.039
 366          0.055
 367          0.066
 368          0.054
 369          0.077
 370          0.054
 371          0.072
 372          0.042
 373          0.035
 374          0.044
 375          0.049
 376          0.038
 377          0.046
 378          0.033
 379          0.041
 380          0.032
 381          0.020
 382          0.030
 383          0.035
 384          0.007
 385          0.097
 386          0.139
 387          0.078
 388          0.037
 389          0.046
 390          0.048
 391          0.093
 392          0.097
 393          0.146
 394          0.118
 395          0.049
 396          0.040
 397          0.097
 398          0.051
 399          0.074
 400          0.112
 401          0.122
 402          0.076
 403          0.056
 404          0.033
 405          0.019
 406          0.010
 407          0.022
 408          0.014
 409          0.037
 410          0.024
 411          0.021
 412          0.087
 413          0.044
 414          0.088
 415          0.115
 416          0.058
 417          0.021
 418          0.025
 419          0.043
 420          0.025
 421          0.029
 422          0.052
 423          0.040
 424          0.051
 425          0.085
 426          0.084
 427          0.073
 428          0.076
 429          0.033
 430          0.095
 431          0.169
 432          0.130
 433          0.030
 434          0.038
 435          0.076
 436          0.098
 437          0.059
 438          0.066
 439          0.133
 440          0.080
 441          0.073
 442          0.067
 443          0.084
 444          0.083
 445          0.050
 446          0.062
 447          0.021
 448          0.031
 449          0.036
 450          0.051
 451          0.041
 452          0.065
 453          0.047
 454          0.035
 455          0.047
 456          0.058
 457          0.058
 458          0.058
 459          0.041
 460          0.192
 461          0.095
 462          0.045
 463          0.052
 464          0.057
 465          0.045
 466          0.097
 467          0.091
 468          0.073
 469          0.080
 470          0.071
 471          0.119
 472          0.040
 473          0.011
 474          0.030
 475          0.063
 476          0.098
 477          0.065
 478          0.028
 479          0.050
 480          0.052
 481          0.031
 482          0.052
 483          0.048
 484          0.048
 485          0.040
 486          0.044
 487          0.012

# Average distance: 0.067 nm
