# Atom index    Distance (nm)
   1          0.120
   2          0.083
   3          0.142
   4          0.093
   5          0.108
   6          0.069
   7          0.034
   8          0.047
   9          0.047
  10          0.052
  11          0.070
  12          0.090
  13          0.104
  14          0.104
  15          0.119
  16          0.119
  17          0.075
  18          0.036
  19          0.036
  20          0.079
  21          0.131
  22          0.167
  23          0.108
  24          0.153
  25          0.149
  26          0.142
  27          0.074
  28          0.075
  29          0.075
  30          0.066
  31          0.045
  32          0.134
  33          0.132
  34          0.098
  35          0.096
  36          0.098
  37          0.055
  38          0.032
  39          0.034
  40          0.058
  41          0.079
  42          0.090
  43          0.114
  44          0.186
  45          0.275
  46          0.402
  47          0.225
  48          0.177
  49          0.235
  50          0.162
  51          0.181
  52          0.173
  53          0.136
  54          0.112
  55          0.070
  56          0.050
  57          0.058
  58          0.065
  59          0.056
  60          0.055
  61          0.055
  62          0.108
  63          0.053
  64          0.020
  65          0.059
  66          0.024
  67          0.061
  68          0.106
  69          0.148
  70          0.076
  71          0.016
  72          0.029
  73          0.061
  74          0.062
  75          0.089
  76          0.090
  77          0.144
  78          0.121
  79          0.159
  80          0.228
  81          0.153
  82          0.080
  83          0.067
  84          0.071
  85          0.068
  86          0.110
  87          0.135
  88          0.132
  89          0.148
  90          0.177
  91          0.196
  92          0.249
  93          0.234
  94          0.170
  95          0.117
  96          0.074
  97          0.052
  98          0.076
  99          0.058
 100          0.095
 101          0.092
 102          0.053
 103          0.092
 104          0.059
 105          0.071
 106          0.065
 107          0.077
 108          0.104
 109          0.115
 110          0.089
 111          0.163
 112          0.172
 113          0.080
 114          0.070
 115          0.057
 116          0.113
 117          0.086
 118          0.126
 119          0.116
 120          0.113
 121          0.167
 122          0.120
 123          0.094
 124          0.099
 125          0.105
 126          0.081
 127          0.092
 128          0.067
 129          0.025
 130          0.038
 131          0.021
 132          0.056
 133          0.053
 134          0.099
 135          0.044
 136          0.019
 137          0.094
 138          0.117
 139          0.091
 140          0.023
 141          0.016
 142          0.043
 143          0.072
 144          0.087
 145          0.054
 146          0.059
 147          0.068
 148          0.058
 149          0.061
 150          0.066
 151          0.127
 152          0.236
 153          0.228
 154          0.137
 155          0.053
 156          0.073
 157          0.052
 158          0.043
 159          0.033
 160          0.019
 161          0.007
 162          0.044
 163          0.046
 164          0.021
 165          0.018
 166          0.118
 167          0.065
 168          0.039
 169          0.036
 170          0.048
 171          0.067
 172          0.054
 173          0.039
 174          0.031
 175          0.093
 176          0.103
 177          0.144
 178          0.151
 179          0.122
 180          0.053
 181          0.034
 182          0.043
 183          0.064
 184          0.051
 185          0.029
 186          0.089
 187          0.081
 188          0.074
 189          0.069
 190          0.048
 191          0.047
 192          0.066
 193          0.060
 194          0.023
 195          0.036
 196          0.051
 197          0.074
 198          0.087
 199          0.140
 200          0.075
 201          0.059
 202          0.041
 203          0.039
 204          0.055
 205          0.033
 206          0.043
 207          0.046
 208          0.129
 209          0.076
 210          0.082
 211          0.122
 212          0.129
 213          0.088
 214          0.041
 215          0.021
 216          0.069
 217          0.073
 218          0.034
 219          0.068
 220          0.101
 221          0.085
 222          0.109
 223          0.083
 224          0.066
 225          0.057
 226          0.070
 227          0.063
 228          0.075
 229          0.048
 230          0.113
 231          0.060
 232          0.067
 233          0.092
 234          0.100
 235          0.083
 236          0.086
 237          0.096
 238          0.148
 239          0.108
 240          0.055
 241          0.061
 242          0.041
 243          0.036
 244          0.069
 245          0.029
 246          0.018
 247          0.020
 248          0.042
 249          0.081
 250          0.059
 251          0.050
 252          0.061
 253          0.028
 254          0.028
 255          0.034
 256          0.034
 257          0.065
 258          0.077
 259          0.077
 260          0.053
 261          0.067
 262          0.045
 263          0.077
 264          0.094
 265          0.051
 266          0.055
 267          0.047
 268          0.021
 269          0.088
 270          0.159
 271          0.165
 272          0.203
 273          0.134
 274          0.051
 275          0.079
 276          0.057
 277          0.038
 278          0.122
 279          0.108
 280          0.133
 281          0.108
 282          0.083
 283          0.086
 284          0.050
 285          0.070
 286          0.042
 287          0.030
 288          0.039
 289          0.040
 290          0.025
 291          0.119
 292          0.127
 293          0.076
 294          0.137
 295          0.103
 296          0.064
 297          0.099
 298          0.120
 299          0.118
 300          0.121
 301          0.071
 302          0.066
 303          0.066
 304          0.108
 305          0.090
 306          0.087
 307          0.068
 308          0.087
 309          0.104
 310          0.126
 311          0.090
 312          0.092
 313          0.135
 314          0.198
 315          0.121
 316          0.042
 317          0.103
 318          0.115
 319          0.140
 320          0.168
 321          0.126
 322          0.122
 323          0.145
 324          0.145
 325          0.128
 326          0.136
 327          0.153
 328          0.122
 329          0.088
 330          0.073
 331          0.089
 332          0.121
 333          0.142
 334          0.123
 335          0.107
 336          0.153
 337          0.106
 338          0.068
 339          0.063
 340          0.073
 341          0.041
 342          0.050
 343          0.057
 344          0.092
 345          0.121
 346          0.122
 347          0.078
 348          0.041
 349          0.044
 350          0.048
 351          0.081
 352          0.069
 353          0.054
 354          0.041
 355          0.077
 356          0.053
 357          0.039
 358          0.015
 359          0.062
 360          0.054
 361          0.038
 362          0.082
 363          0.015
 364          0.045
 365          0.126
 366          0.154
 367          0.127
 368          0.039
 369          0.063
 370          0.032
 371          0.017
 372          0.031
 373          0.057
 374          0.040
 375          0.034
 376          0.036
 377          0.023
 378          0.044
 379          0.078
 380          0.064
 381          0.042
 382          0.054
 383          0.078
 384          0.082
 385          0.091
 386          0.094
 387          0.102
 388          0.072
 389          0.056
 390          0.062
 391          0.057
 392          0.040
 393          0.033
 394          0.093
 395          0.153
 396          0.075
 397          0.090
 398          0.055
 399          0.059
 400          0.093
 401          0.091
 402          0.081
 403          0.100
 404          0.138
 405          0.125
 406          0.113
 407          0.055
 408          0.043
 409          0.043
 410          0.045
 411          0.048
 412          0.062
 413          0.064
 414          0.098
 415          0.076
 416          0.072
 417          0.066
 418          0.063
 419          0.030
 420          0.024
 421          0.023
 422          0.016
 423          0.113
 424          0.072
 425          0.027
 426          0.048
 427          0.076
 428          0.092
 429          0.102
 430          0.053
 431          0.111
 432          0.196
 433          0.165
 434          0.097
 435          0.063
 436          0.078
 437          0.065
 438          0.070
 439          0.080
 440          0.097
 441          0.086
 442          0.106
 443          0.078
 444          0.060
 445          0.053
 446          0.073
 447          0.073
 448          0.082
 449          0.079
 450          0.081
 451          0.106
 452          0.090
 453          0.054
 454          0.072
 455          0.069
 456          0.083
 457          0.090
 458          0.074
 459          0.084
 460          0.152
 461          0.126
 462          0.124
 463          0.110
 464          0.088
 465          0.081
 466          0.136
 467          0.163
 468          0.304
 469          0.264
 470          0.165
 471          0.088
 472          0.075
 473          0.072
 474          0.066
 475          0.120
 476          0.119
 477          0.186
 478          0.190
 479          0.109
 480          0.121
 481          0.110
 482          0.128
 483          0.111
 484          0.081
 485          0.099
 486          0.074
 487          0.064

# Average distance: 0.086 nm
