# Atom index    Distance (nm)
   1          0.105
   2          0.103
   3          0.173
   4          0.152
   5          0.126
   6          0.122
   7          0.099
   8          0.079
   9          0.098
  10          0.013
  11          0.028
  12          0.059
  13          0.117
  14          0.122
  15          0.109
  16          0.082
  17          0.041
  18          0.015
  19          0.047
  20          0.061
  21          0.023
  22          0.098
  23          0.159
  24          0.196
  25          0.145
  26          0.086
  27          0.043
  28          0.032
  29          0.041
  30          0.053
  31          0.130
  32          0.193
  33          0.158
  34          0.107
  35          0.054
  36          0.053
  37          0.036
  38          0.029
  39          0.067
  40          0.089
  41          0.120
  42          0.091
  43          0.100
  44          0.021
  45          0.064
  46          0.178
  47          0.208
  48          0.153
  49          0.165
  50          0.201
  51          0.214
  52          0.104
  53          0.036
  54          0.039
  55          0.030
  56          0.037
  57          0.093
  58          0.087
  59          0.085
  60          0.124
  61          0.146
  62          0.173
  63          0.147
  64          0.132
  65          0.156
  66          0.146
  67          0.125
  68          0.095
  69          0.117
  70          0.160
  71          0.215
  72          0.163
  73          0.163
  74          0.148
  75          0.156
  76          0.163
  77          0.172
  78          0.171
  79          0.163
  80          0.225
  81          0.202
  82          0.189
  83          0.164
  84          0.099
  85          0.074
  86          0.051
  87          0.046
  88          0.085
  89          0.114
  90          0.076
  91          0.059
  92          0.077
  93          0.087
  94          0.064
  95          0.075
  96          0.060
  97          0.069
  98          0.090
  99          0.100
 100          0.064
 101          0.094
 102          0.094
 103          0.110
 104          0.101
 105          0.081
 106          0.057
 107          0.058
 108          0.131
 109          0.146
 110          0.134
 111          0.096
 112          0.103
 113          0.070
 114          0.154
 115          0.105
 116          0.151
 117          0.137
 118          0.125
 119          0.119
 120          0.113
 121          0.145
 122          0.146
 123          0.156
 124          0.111
 125          0.080
 126          0.061
 127          0.042
 128          0.045
 129          0.089
 130          0.073
 131          0.106
 132          0.086
 133          0.070
 134          0.084
 135          0.058
 136          0.036
 137          0.074
 138          0.059
 139          0.062
 140          0.026
 141          0.037
 142          0.065
 143          0.054
 144          0.030
 145          0.058
 146          0.029
 147          0.035
 148          0.040
 149          0.038
 150          0.032
 151          0.120
 152          0.159
 153          0.191
 154          0.074
 155          0.047
 156          0.045
 157          0.046
 158          0.027
 159          0.032
 160          0.040
 161          0.030
 162          0.034
 163          0.050
 164          0.080
 165          0.079
 166          0.079
 167          0.062
 168          0.044
 169          0.068
 170          0.061
 171          0.054
 172          0.047
 173          0.083
 174          0.086
 175          0.088
 176          0.113
 177          0.122
 178          0.065
 179          0.040
 180          0.037
 181          0.047
 182          0.065
 183          0.035
 184          0.021
 185          0.033
 186          0.048
 187          0.044
 188          0.028
 189          0.037
 190          0.042
 191          0.022
 192          0.054
 193          0.060
 194          0.031
 195          0.029
 196          0.023
 197          0.072
 198          0.088
 199          0.059
 200          0.079
 201          0.165
 202          0.167
 203          0.063
 204          0.033
 205          0.063
 206          0.046
 207          0.074
 208          0.063
 209          0.039
 210          0.045
 211          0.066
 212          0.093
 213          0.118
 214          0.064
 215          0.071
 216          0.061
 217          0.098
 218          0.119
 219          0.085
 220          0.077
 221          0.104
 222          0.161
 223          0.105
 224          0.089
 225          0.083
 226          0.085
 227          0.089
 228          0.032
 229          0.109
 230          0.120
 231          0.104
 232          0.053
 233          0.095
 234          0.078
 235          0.089
 236          0.104
 237          0.025
 238          0.021
 239          0.017
 240          0.082
 241          0.136
 242          0.112
 243          0.132
 244          0.123
 245          0.059
 246          0.061
 247          0.039
 248          0.056
 249          0.051
 250          0.034
 251          0.056
 252          0.072
 253          0.082
 254          0.028
 255          0.063
 256          0.052
 257          0.047
 258          0.020
 259          0.069
 260          0.115
 261          0.101
 262          0.108
 263          0.123
 264          0.115
 265          0.094
 266          0.064
 267          0.049
 268          0.081
 269          0.061
 270          0.045
 271          0.076
 272          0.080
 273          0.071
 274          0.035
 275          0.041
 276          0.046
 277          0.072
 278          0.066
 279          0.076
 280          0.097
 281          0.111
 282          0.110
 283          0.099
 284          0.095
 285          0.093
 286          0.033
 287          0.053
 288          0.054
 289          0.075
 290          0.053
 291          0.062
 292          0.091
 293          0.131
 294          0.129
 295          0.168
 296          0.165
 297          0.132
 298          0.108
 299          0.117
 300          0.087
 301          0.044
 302          0.042
 303          0.106
 304          0.069
 305          0.084
 306          0.065
 307          0.088
 308          0.053
 309          0.072
 310          0.063
 311          0.095
 312          0.072
 313          0.121
 314          0.154
 315          0.079
 316          0.048
 317          0.060
 318          0.065
 319          0.081
 320          0.063
 321          0.055
 322          0.029
 323          0.057
 324          0.131
 325          0.122
 326          0.111
 327          0.126
 328          0.104
 329          0.113
 330          0.105
 331          0.131
 332          0.090
 333          0.068
 334          0.066
 335          0.056
 336          0.055
 337          0.041
 338          0.040
 339          0.074
 340          0.071
 341          0.009
 342          0.083
 343          0.083
 344          0.115
 345          0.178
 346          0.140
 347          0.144
 348          0.110
 349          0.061
 350          0.053
 351          0.115
 352          0.089
 353          0.093
 354          0.079
 355          0.051
 356          0.056
 357          0.052
 358          0.067
 359          0.095
 360          0.085
 361          0.090
 362          0.148
 363          0.179
 364          0.164
 365          0.149
 366          0.212
 367          0.181
 368          0.095
 369          0.053
 370          0.089
 371          0.099
 372          0.063
 373          0.045
 374          0.061
 375          0.065
 376          0.056
 377          0.029
 378          0.039
 379          0.061
 380          0.086
 381          0.057
 382          0.028
 383          0.087
 384          0.085
 385          0.139
 386          0.161
 387          0.115
 388          0.123
 389          0.096
 390          0.090
 391          0.091
 392          0.116
 393          0.144
 394          0.220
 395          0.136
 396          0.154
 397          0.161
 398          0.112
 399          0.099
 400          0.066
 401          0.149
 402          0.160
 403          0.146
 404          0.088
 405          0.067
 406          0.079
 407          0.070
 408          0.030
 409          0.052
 410          0.061
 411          0.047
 412          0.070
 413          0.151
 414          0.110
 415          0.053
 416          0.030
 417          0.045
 418          0.040
 419          0.080
 420          0.110
 421          0.092
 422          0.057
 423          0.108
 424          0.088
 425          0.161
 426          0.140
 427          0.164
 428          0.141
 429          0.115
 430          0.127
 431          0.136
 432          0.200
 433          0.141
 434          0.101
 435          0.118
 436          0.167
 437          0.172
 438          0.175
 439          0.109
 440          0.180
 441          0.178
 442          0.119
 443          0.104
 444          0.073
 445          0.070
 446          0.080
 447          0.030
 448          0.043
 449          0.044
 450          0.029
 451          0.061
 452          0.111
 453          0.077
 454          0.048
 455          0.061
 456          0.056
 457          0.035
 458          0.056
 459          0.056
 460          0.060
 461          0.104
 462          0.085
 463          0.098
 464          0.125
 465          0.131
 466          0.087
 467          0.101
 468          0.119
 469          0.110
 470          0.099
 471          0.100
 472          0.110
 473          0.119
 474          0.122
 475          0.179
 476          0.176
 477          0.125
 478          0.112
 479          0.093
 480          0.074
 481          0.059
 482          0.086
 483          0.066
 484          0.067
 485          0.065
 486          0.061
 487          0.066

# Average distance: 0.090 nm
