# Atom index    Distance (nm)
   1          0.341
   2          0.444
   3          0.342
   4          0.126
   5          0.083
   6          0.068
   7          0.063
   8          0.076
   9          0.109
  10          0.093
  11          0.043
  12          0.054
  13          0.060
  14          0.053
  15          0.047
  16          0.015
  17          0.038
  18          0.033
  19          0.058
  20          0.044
  21          0.096
  22          0.079
  23          0.040
  24          0.024
  25          0.040
  26          0.042
  27          0.057
  28          0.051
  29          0.042
  30          0.042
  31          0.031
  32          0.048
  33          0.102
  34          0.098
  35          0.046
  36          0.088
  37          0.102
  38          0.037
  39          0.067
  40          0.111
  41          0.082
  42          0.039
  43          0.033
  44          0.180
  45          0.277
  46          0.162
  47          0.335
  48          0.513
  49          0.395
  50          0.407
  51          0.219
  52          0.115
  53          0.095
  54          0.058
  55          0.012
  56          0.053
  57          0.062
  58          0.058
  59          0.099
  60          0.138
  61          0.140
  62          0.112
  63          0.058
  64          0.019
  65          0.050
  66          0.032
  67          0.118
  68          0.140
  69          0.101
  70          0.067
  71          0.037
  72          0.063
  73          0.061
  74          0.041
  75          0.091
  76          0.099
  77          0.148
  78          0.185
  79          0.134
  80          0.103
  81          0.124
  82          0.080
  83          0.050
  84          0.078
  85          0.097
  86          0.045
  87          0.040
  88          0.035
  89          0.070
  90          0.086
  91          0.126
  92          0.146
  93          0.141
  94          0.094
  95          0.017
  96          0.054
  97          0.063
  98          0.088
  99          0.088
 100          0.121
 101          0.115
 102          0.066
 103          0.085
 104          0.081
 105          0.043
 106          0.068
 107          0.053
 108          0.111
 109          0.124
 110          0.123
 111          0.039
 112          0.063
 113          0.029
 114          0.049
 115          0.068
 116          0.115
 117          0.116
 118          0.158
 119          0.128
 120          0.118
 121          0.071
 122          0.087
 123          0.104
 124          0.064
 125          0.058
 126          0.075
 127          0.188
 128          0.182
 129          0.127
 130          0.107
 131          0.074
 132          0.047
 133          0.043
 134          0.021
 135          0.038
 136          0.053
 137          0.046
 138          0.044
 139          0.092
 140          0.143
 141          0.154
 142          0.258
 143          0.266
 144          0.222
 145          0.099
 146          0.075
 147          0.052
 148          0.077
 149          0.107
 150          0.196
 151          0.240
 152          0.320
 153          0.285
 154          0.192
 155          0.102
 156          0.130
 157          0.116
 158          0.070
 159          0.075
 160          0.112
 161          0.117
 162          0.157
 163          0.178
 164          0.131
 165          0.119
 166          0.070
 167          0.097
 168          0.057
 169          0.077
 170          0.060
 171          0.045
 172          0.030
 173          0.043
 174          0.080
 175          0.076
 176          0.047
 177          0.068
 178          0.098
 179          0.081
 180          0.062
 181          0.057
 182          0.049
 183          0.041
 184          0.071
 185          0.079
 186          0.111
 187          0.056
 188          0.085
 189          0.075
 190          0.066
 191          0.093
 192          0.109
 193          0.151
 194          0.135
 195          0.072
 196          0.081
 197          0.114
 198          0.128
 199          0.133
 200          0.119
 201          0.125
 202          0.134
 203          0.120
 204          0.083
 205          0.082
 206          0.092
 207          0.100
 208          0.089
 209          0.075
 210          0.069
 211          0.121
 212          0.303
 213          0.211
 214          0.035
 215          0.082
 216          0.097
 217          0.093
 218          0.079
 219          0.062
 220          0.050
 221          0.065
 222          0.110
 223          0.122
 224          0.119
 225          0.123
 226          0.135
 227          0.139
 228          0.065
 229          0.111
 230          0.117
 231          0.151
 232          0.125
 233          0.111
 234          0.099
 235          0.123
 236          0.126
 237          0.086
 238          0.082
 239          0.045
 240          0.111
 241          0.231
 242          0.180
 243          0.157
 244          0.167
 245          0.147
 246          0.120
 247          0.074
 248          0.070
 249          0.061
 250          0.061
 251          0.065
 252          0.068
 253          0.066
 254          0.067
 255          0.114
 256          0.111
 257          0.091
 258          0.098
 259          0.093
 260          0.066
 261          0.066
 262          0.104
 263          0.134
 264          0.118
 265          0.134
 266          0.138
 267          0.103
 268          0.091
 269          0.089
 270          0.106
 271          0.111
 272          0.155
 273          0.190
 274          0.091
 275          0.106
 276          0.118
 277          0.136
 278          0.129
 279          0.081
 280          0.106
 281          0.091
 282          0.087
 283          0.094
 284          0.087
 285          0.084
 286          0.099
 287          0.105
 288          0.112
 289          0.099
 290          0.055
 291          0.070
 292          0.074
 293          0.088
 294          0.069
 295          0.045
 296          0.142
 297          0.136
 298          0.079
 299          0.070
 300          0.034
 301          0.035
 302          0.072
 303          0.104
 304          0.154
 305          0.252
 306          0.229
 307          0.180
 308          0.120
 309          0.114
 310          0.118
 311          0.138
 312          0.164
 313          0.150
 314          0.129
 315          0.142
 316          0.140
 317          0.143
 318          0.156
 319          0.152
 320          0.177
 321          0.135
 322          0.141
 323          0.121
 324          0.117
 325          0.103
 326          0.125
 327          0.095
 328          0.065
 329          0.030
 330          0.053
 331          0.043
 332          0.036
 333          0.042
 334          0.050
 335          0.050
 336          0.086
 337          0.065
 338          0.030
 339          0.022
 340          0.065
 341          0.107
 342          0.124
 343          0.119
 344          0.104
 345          0.100
 346          0.096
 347          0.095
 348          0.075
 349          0.077
 350          0.123
 351          0.135
 352          0.199
 353          0.208
 354          0.187
 355          0.167
 356          0.122
 357          0.127
 358          0.113
 359          0.081
 360          0.091
 361          0.109
 362          0.114
 363          0.094
 364          0.073
 365          0.119
 366          0.121
 367          0.148
 368          0.131
 369          0.090
 370          0.048
 371          0.081
 372          0.096
 373          0.095
 374          0.087
 375          0.060
 376          0.051
 377          0.037
 378          0.051
 379          0.042
 380          0.036
 381          0.067
 382          0.087
 383          0.118
 384          0.163
 385          0.135
 386          0.135
 387          0.070
 388          0.070
 389          0.073
 390          0.065
 391          0.066
 392          0.053
 393          0.164
 394          0.185
 395          0.177
 396          0.136
 397          0.044
 398          0.049
 399          0.110
 400          0.090
 401          0.064
 402          0.076
 403          0.035
 404          0.128
 405          0.014
 406          0.049
 407          0.050
 408          0.034
 409          0.040
 410          0.051
 411          0.055
 412          0.047
 413          0.070
 414          0.109
 415          0.096
 416          0.070
 417          0.021
 418          0.030
 419          0.063
 420          0.079
 421          0.038
 422          0.131
 423          0.132
 424          0.112
 425          0.070
 426          0.020
 427          0.026
 428          0.069
 429          0.069
 430          0.196
 431          0.269
 432          0.148
 433          0.190
 434          0.100
 435          0.037
 436          0.036
 437          0.027
 438          0.044
 439          0.035
 440          0.040
 441          0.095
 442          0.112
 443          0.084
 444          0.038
 445          0.054
 446          0.084
 447          0.077
 448          0.018
 449          0.035
 450          0.081
 451          0.103
 452          0.107
 453          0.090
 454          0.083
 455          0.090
 456          0.088
 457          0.088
 458          0.107
 459          0.111
 460          0.219
 461          0.135
 462          0.106
 463          0.099
 464          0.119
 465          0.074
 466          0.112
 467          0.121
 468          0.120
 469          0.059
 470          0.043
 471          0.065
 472          0.076
 473          0.106
 474          0.114
 475          0.092
 476          0.055
 477          0.034
 478          0.204
 479          0.150
 480          0.106
 481          0.090
 482          0.065
 483          0.085
 484          0.078
 485          0.099
 486          0.092
 487          0.111

# Average distance: 0.100 nm
