# Atom index    Distance (nm)
   1          0.082
   2          0.228
   3          0.231
   4          0.228
   5          0.136
   6          0.176
   7          0.198
   8          0.181
   9          0.176
  10          0.091
  11          0.127
  12          0.102
  13          0.102
  14          0.158
  15          0.184
  16          0.147
  17          0.136
  18          0.042
  19          0.119
  20          0.196
  21          0.241
  22          0.382
  23          0.371
  24          0.341
  25          0.159
  26          0.176
  27          0.177
  28          0.129
  29          0.143
  30          0.254
  31          0.150
  32          0.142
  33          0.231
  34          0.212
  35          0.258
  36          0.242
  37          0.207
  38          0.170
  39          0.180
  40          0.134
  41          0.124
  42          0.100
  43          0.024
  44          0.037
  45          0.216
  46          0.421
  47          0.762
  48          1.166
  49          1.175
  50          0.737
  51          0.591
  52          0.217
  53          0.173
  54          0.112
  55          0.079
  56          0.030
  57          0.072
  58          0.110
  59          0.274
  60          0.295
  61          0.170
  62          0.156
  63          0.110
  64          0.139
  65          0.176
  66          0.164
  67          0.251
  68          0.289
  69          0.238
  70          0.239
  71          0.278
  72          0.239
  73          0.212
  74          0.179
  75          0.197
  76          0.203
  77          0.163
  78          0.100
  79          0.102
  80          0.152
  81          0.202
  82          0.180
  83          0.134
  84          0.113
  85          0.137
  86          0.176
  87          0.221
  88          0.320
  89          0.307
  90          0.280
  91          0.254
  92          0.226
  93          0.246
  94          0.217
  95          0.247
  96          0.187
  97          0.169
  98          0.150
  99          0.171
 100          0.200
 101          0.243
 102          0.294
 103          0.287
 104          0.243
 105          0.224
 106          0.155
 107          0.156
 108          0.132
 109          0.142
 110          0.180
 111          0.141
 112          0.134
 113          0.101
 114          0.121
 115          0.170
 116          0.201
 117          0.214
 118          0.281
 119          0.232
 120          0.246
 121          0.217
 122          0.183
 123          0.155
 124          0.169
 125          0.166
 126          0.129
 127          0.167
 128          0.166
 129          0.193
 130          0.198
 131          0.187
 132          0.059
 133          0.104
 134          0.130
 135          0.054
 136          0.056
 137          0.044
 138          0.064
 139          0.111
 140          0.081
 141          0.108
 142          0.106
 143          0.069
 144          0.072
 145          0.037
 146          0.055
 147          0.056
 148          0.069
 149          0.049
 150          0.112
 151          0.170
 152          0.148
 153          0.190
 154          0.171
 155          0.138
 156          0.136
 157          0.086
 158          0.098
 159          0.069
 160          0.062
 161          0.050
 162          0.100
 163          0.108
 164          0.100
 165          0.117
 166          0.108
 167          0.101
 168          0.069
 169          0.075
 170          0.068
 171          0.062
 172          0.060
 173          0.108
 174          0.056
 175          0.113
 176          0.110
 177          0.150
 178          0.173
 179          0.106
 180          0.169
 181          0.142
 182          0.125
 183          0.131
 184          0.124
 185          0.107
 186          0.154
 187          0.150
 188          0.158
 189          0.145
 190          0.124
 191          0.120
 192          0.111
 193          0.115
 194          0.107
 195          0.140
 196          0.140
 197          0.168
 198          0.180
 199          0.164
 200          0.195
 201          0.120
 202          0.108
 203          0.113
 204          0.134
 205          0.128
 206          0.088
 207          0.076
 208          0.096
 209          0.092
 210          0.059
 211          0.130
 212          0.170
 213          0.201
 214          0.142
 215          0.093
 216          0.101
 217          0.086
 218          0.090
 219          0.102
 220          0.143
 221          0.120
 222          0.091
 223          0.137
 224          0.080
 225          0.093
 226          0.074
 227          0.071
 228          0.089
 229          0.125
 230          0.081
 231          0.098
 232          0.084
 233          0.097
 234          0.067
 235          0.087
 236          0.083
 237          0.186
 238          0.072
 239          0.375
 240          0.186
 241          0.190
 242          0.178
 243          0.195
 244          0.278
 245          0.235
 246          0.177
 247          0.176
 248          0.123
 249          0.091
 250          0.059
 251          0.049
 252          0.082
 253          0.080
 254          0.087
 255          0.072
 256          0.034
 257          0.035
 258          0.047
 259          0.029
 260          0.066
 261          0.052
 262          0.051
 263          0.054
 264          0.084
 265          0.082
 266          0.091
 267          0.040
 268          0.037
 269          0.036
 270          0.036
 271          0.023
 272          0.202
 273          0.162
 274          0.066
 275          0.060
 276          0.043
 277          0.047
 278          0.092
 279          0.138
 280          0.141
 281          0.119
 282          0.088
 283          0.060
 284          0.055
 285          0.074
 286          0.072
 287          0.047
 288          0.027
 289          0.068
 290          0.068
 291          0.095
 292          0.089
 293          0.088
 294          0.131
 295          0.131
 296          0.093
 297          0.061
 298          0.095
 299          0.108
 300          0.126
 301          0.080
 302          0.086
 303          0.045
 304          0.089
 305          0.114
 306          0.115
 307          0.132
 308          0.114
 309          0.101
 310          0.078
 311          0.093
 312          0.070
 313          0.133
 314          0.136
 315          0.045
 316          0.022
 317          0.062
 318          0.037
 319          0.086
 320          0.106
 321          0.122
 322          0.113
 323          0.128
 324          0.116
 325          0.194
 326          0.205
 327          0.172
 328          0.112
 329          0.119
 330          0.163
 331          0.198
 332          0.144
 333          0.100
 334          0.082
 335          0.066
 336          0.189
 337          0.083
 338          0.119
 339          0.081
 340          0.031
 341          0.160
 342          0.137
 343          0.091
 344          0.104
 345          0.147
 346          0.114
 347          0.088
 348          0.063
 349          0.086
 350          0.092
 351          0.106
 352          0.075
 353          0.105
 354          0.090
 355          0.086
 356          0.023
 357          0.017
 358          0.075
 359          0.051
 360          0.104
 361          0.083
 362          0.081
 363          0.100
 364          0.120
 365          0.047
 366          0.103
 367          0.126
 368          0.110
 369          0.070
 370          0.115
 371          0.127
 372          0.122
 373          0.035
 374          0.066
 375          0.066
 376          0.054
 377          0.058
 378          0.054
 379          0.052
 380          0.084
 381          0.075
 382          0.057
 383          0.060
 384          0.094
 385          0.127
 386          0.150
 387          0.144
 388          0.100
 389          0.074
 390          0.078
 391          0.128
 392          0.175
 393          0.184
 394          0.416
 395          0.214
 396          0.140
 397          0.051
 398          0.074
 399          0.129
 400          0.140
 401          0.174
 402          0.150
 403          0.169
 404          0.160
 405          0.129
 406          0.124
 407          0.106
 408          0.051
 409          0.081
 410          0.083
 411          0.083
 412          0.107
 413          0.147
 414          0.139
 415          0.069
 416          0.101
 417          0.092
 418          0.083
 419          0.079
 420          0.102
 421          0.082
 422          0.056
 423          0.093
 424          0.082
 425          0.065
 426          0.059
 427          0.079
 428          0.113
 429          0.121
 430          0.134
 431          0.157
 432          0.100
 433          0.091
 434          0.056
 435          0.048
 436          0.084
 437          0.097
 438          0.023
 439          0.052
 440          0.082
 441          0.080
 442          0.188
 443          0.148
 444          0.105
 445          0.081
 446          0.096
 447          0.084
 448          0.064
 449          0.067
 450          0.074
 451          0.076
 452          0.085
 453          0.067
 454          0.090
 455          0.090
 456          0.068
 457          0.054
 458          0.098
 459          0.133
 460          0.157
 461          0.136
 462          0.164
 463          0.122
 464          0.073
 465          0.164
 466          0.203
 467          0.204
 468          0.156
 469          0.052
 470          0.135
 471          0.128
 472          0.103
 473          0.090
 474          0.152
 475          0.250
 476          0.223
 477          0.190
 478          0.197
 479          0.189
 480          0.109
 481          0.089
 482          0.054
 483          0.087
 484          0.061
 485          0.069
 486          0.065
 487          0.057

# Average distance: 0.134 nm
