# Atom index    Distance (nm)
   1          0.234
   2          0.295
   3          0.281
   4          0.343
   5          0.147
   6          0.077
   7          0.071
   8          0.059
   9          0.119
  10          0.106
  11          0.092
  12          0.146
  13          0.172
  14          0.185
  15          0.120
  16          0.125
  17          0.138
  18          0.095
  19          0.101
  20          0.105
  21          0.183
  22          0.159
  23          0.129
  24          0.158
  25          0.141
  26          0.160
  27          0.124
  28          0.096
  29          0.068
  30          0.095
  31          0.095
  32          0.122
  33          0.166
  34          0.113
  35          0.179
  36          0.143
  37          0.136
  38          0.128
  39          0.090
  40          0.066
  41          0.089
  42          0.084
  43          0.137
  44          0.157
  45          0.154
  46          0.429
  47          0.393
  48          0.474
  49          0.375
  50          0.261
  51          0.374
  52          0.104
  53          0.075
  54          0.122
  55          0.137
  56          0.145
  57          0.156
  58          0.119
  59          0.098
  60          0.092
  61          0.217
  62          0.133
  63          0.149
  64          0.137
  65          0.159
  66          0.202
  67          0.228
  68          0.266
  69          0.206
  70          0.221
  71          0.168
  72          0.212
  73          0.186
  74          0.135
  75          0.223
  76          0.179
  77          0.211
  78          0.181
  79          0.194
  80          0.190
  81          0.204
  82          0.175
  83          0.165
  84          0.155
  85          0.131
  86          0.131
  87          0.091
  88          0.062
  89          0.089
  90          0.134
  91          0.223
  92          0.081
  93          0.193
  94          0.122
  95          0.067
  96          0.066
  97          0.112
  98          0.142
  99          0.173
 100          0.147
 101          0.175
 102          0.162
 103          0.168
 104          0.163
 105          0.098
 106          0.071
 107          0.079
 108          0.275
 109          0.270
 110          0.176
 111          0.114
 112          0.173
 113          0.052
 114          0.087
 115          0.165
 116          0.236
 117          0.190
 118          0.173
 119          0.166
 120          0.135
 121          0.099
 122          0.090
 123          0.128
 124          0.099
 125          0.026
 126          0.022
 127          0.090
 128          0.103
 129          0.097
 130          0.059
 131          0.056
 132          0.121
 133          0.109
 134          0.131
 135          0.039
 136          0.044
 137          0.032
 138          0.023
 139          0.049
 140          0.043
 141          0.050
 142          0.054
 143          0.057
 144          0.058
 145          0.066
 146          0.036
 147          0.020
 148          0.040
 149          0.053
 150          0.078
 151          0.096
 152          0.114
 153          0.293
 154          0.169
 155          0.060
 156          0.027
 157          0.036
 158          0.042
 159          0.034
 160          0.014
 161          0.024
 162          0.094
 163          0.095
 164          0.065
 165          0.031
 166          0.045
 167          0.064
 168          0.070
 169          0.065
 170          0.065
 171          0.054
 172          0.048
 173          0.013
 174          0.010
 175          0.036
 176          0.043
 177          0.141
 178          0.088
 179          0.033
 180          0.068
 181          0.068
 182          0.043
 183          0.068
 184          0.072
 185          0.034
 186          0.023
 187          0.025
 188          0.022
 189          0.061
 190          0.042
 191          0.035
 192          0.051
 193          0.048
 194          0.034
 195          0.060
 196          0.057
 197          0.052
 198          0.056
 199          0.157
 200          0.120
 201          0.100
 202          0.085
 203          0.066
 204          0.064
 205          0.035
 206          0.032
 207          0.042
 208          0.020
 209          0.093
 210          0.093
 211          0.251
 212          0.339
 213          0.310
 214          0.109
 215          0.110
 216          0.099
 217          0.050
 218          0.063
 219          0.070
 220          0.103
 221          0.076
 222          0.069
 223          0.103
 224          0.053
 225          0.028
 226          0.055
 227          0.071
 228          0.052
 229          0.045
 230          0.038
 231          0.078
 232          0.073
 233          0.057
 234          0.053
 235          0.018
 236          0.066
 237          0.071
 238          0.093
 239          0.251
 240          0.081
 241          0.092
 242          0.027
 243          0.110
 244          0.150
 245          0.146
 246          0.063
 247          0.071
 248          0.070
 249          0.062
 250          0.075
 251          0.092
 252          0.117
 253          0.120
 254          0.099
 255          0.071
 256          0.053
 257          0.023
 258          0.017
 259          0.029
 260          0.090
 261          0.117
 262          0.173
 263          0.128
 264          0.120
 265          0.087
 266          0.064
 267          0.049
 268          0.016
 269          0.082
 270          0.059
 271          0.069
 272          0.125
 273          0.149
 274          0.160
 275          0.053
 276          0.085
 277          0.091
 278          0.075
 279          0.063
 280          0.075
 281          0.044
 282          0.062
 283          0.027
 284          0.030
 285          0.022
 286          0.035
 287          0.041
 288          0.061
 289          0.047
 290          0.074
 291          0.094
 292          0.070
 293          0.098
 294          0.101
 295          0.181
 296          0.054
 297          0.016
 298          0.070
 299          0.065
 300          0.122
 301          0.119
 302          0.128
 303          0.074
 304          0.054
 305          0.089
 306          0.152
 307          0.156
 308          0.142
 309          0.147
 310          0.175
 311          0.162
 312          0.138
 313          0.196
 314          0.174
 315          0.208
 316          0.135
 317          0.130
 318          0.129
 319          0.125
 320          0.197
 321          0.187
 322          0.189
 323          0.197
 324          0.143
 325          0.166
 326          0.144
 327          0.188
 328          0.181
 329          0.148
 330          0.115
 331          0.115
 332          0.171
 333          0.172
 334          0.076
 335          0.063
 336          0.051
 337          0.062
 338          0.057
 339          0.052
 340          0.093
 341          0.117
 342          0.134
 343          0.141
 344          0.123
 345          0.170
 346          0.155
 347          0.119
 348          0.125
 349          0.090
 350          0.099
 351          0.237
 352          0.275
 353          0.257
 354          0.232
 355          0.189
 356          0.166
 357          0.118
 358          0.111
 359          0.131
 360          0.104
 361          0.180
 362          0.220
 363          0.128
 364          0.108
 365          0.113
 366          0.146
 367          0.139
 368          0.086
 369          0.102
 370          0.077
 371          0.063
 372          0.066
 373          0.047
 374          0.074
 375          0.105
 376          0.105
 377          0.121
 378          0.098
 379          0.060
 380          0.031
 381          0.056
 382          0.099
 383          0.099
 384          0.134
 385          0.181
 386          0.206
 387          0.146
 388          0.157
 389          0.142
 390          0.136
 391          0.139
 392          0.138
 393          0.241
 394          0.231
 395          0.152
 396          0.126
 397          0.122
 398          0.131
 399          0.157
 400          0.167
 401          0.173
 402          0.230
 403          0.235
 404          0.203
 405          0.143
 406          0.105
 407          0.095
 408          0.082
 409          0.081
 410          0.044
 411          0.052
 412          0.062
 413          0.099
 414          0.041
 415          0.024
 416          0.045
 417          0.021
 418          0.071
 419          0.123
 420          0.067
 421          0.062
 422          0.055
 423          0.068
 424          0.043
 425          0.074
 426          0.069
 427          0.054
 428          0.078
 429          0.060
 430          0.018
 431          0.143
 432          0.173
 433          0.123
 434          0.158
 435          0.094
 436          0.091
 437          0.045
 438          0.054
 439          0.111
 440          0.081
 441          0.078
 442          0.076
 443          0.052
 444          0.044
 445          0.047
 446          0.038
 447          0.046
 448          0.081
 449          0.082
 450          0.031
 451          0.053
 452          0.043
 453          0.046
 454          0.061
 455          0.084
 456          0.093
 457          0.089
 458          0.047
 459          0.057
 460          0.107
 461          0.064
 462          0.035
 463          0.031
 464          0.051
 465          0.106
 466          0.193
 467          0.195
 468          0.245
 469          0.226
 470          0.188
 471          0.167
 472          0.128
 473          0.106
 474          0.034
 475          0.038
 476          0.019
 477          0.064
 478          0.103
 479          0.059
 480          0.118
 481          0.100
 482          0.045
 483          0.055
 484          0.080
 485          0.072
 486          0.082
 487          0.079

# Average distance: 0.110 nm
