# Atom index    Distance (nm)
   1          0.047
   2          0.046
   3          0.109
   4          0.069
   5          0.023
   6          0.039
   7          0.056
   8          0.098
   9          0.072
  10          0.026
  11          0.057
  12          0.114
  13          0.213
  14          0.196
  15          0.130
  16          0.129
  17          0.096
  18          0.084
  19          0.127
  20          0.167
  21          0.171
  22          0.172
  23          0.241
  24          0.219
  25          0.157
  26          0.134
  27          0.163
  28          0.118
  29          0.168
  30          0.134
  31          0.088
  32          0.060
  33          0.084
  34          0.100
  35          0.105
  36          0.150
  37          0.100
  38          0.087
  39          0.103
  40          0.090
  41          0.039
  42          0.040
  43          0.118
  44          0.142
  45          0.361
  46          0.291
  47          0.308
  48          0.330
  49          0.621
  50          0.814
  51          0.452
  52          0.288
  53          0.085
  54          0.108
  55          0.091
  56          0.053
  57          0.057
  58          0.067
  59          0.095
  60          0.167
  61          0.174
  62          0.160
  63          0.156
  64          0.121
  65          0.176
  66          0.271
  67          0.416
  68          0.429
  69          0.417
  70          0.297
  71          0.277
  72          0.211
  73          0.216
  74          0.179
  75          0.163
  76          0.152
  77          0.128
  78          0.134
  79          0.087
  80          0.178
  81          0.269
  82          0.192
  83          0.111
  84          0.154
  85          0.185
  86          0.250
  87          0.280
  88          0.300
  89          0.267
  90          0.247
  91          0.300
  92          0.235
  93          0.248
  94          0.224
  95          0.217
  96          0.183
  97          0.186
  98          0.229
  99          0.196
 100          0.292
 101          0.311
 102          0.347
 103          0.344
 104          0.211
 105          0.126
 106          0.083
 107          0.061
 108          0.158
 109          0.062
 110          0.229
 111          0.244
 112          0.205
 113          0.105
 114          0.124
 115          0.117
 116          0.179
 117          0.166
 118          0.207
 119          0.244
 120          0.199
 121          0.109
 122          0.084
 123          0.089
 124          0.091
 125          0.076
 126          0.108
 127          0.151
 128          0.071
 129          0.056
 130          0.093
 131          0.081
 132          0.116
 133          0.144
 134          0.140
 135          0.120
 136          0.098
 137          0.040
 138          0.033
 139          0.044
 140          0.054
 141          0.023
 142          0.060
 143          0.081
 144          0.043
 145          0.102
 146          0.094
 147          0.059
 148          0.028
 149          0.075
 150          0.053
 151          0.162
 152          0.151
 153          0.417
 154          0.093
 155          0.170
 156          0.162
 157          0.109
 158          0.117
 159          0.141
 160          0.142
 161          0.096
 162          0.093
 163          0.089
 164          0.063
 165          0.102
 166          0.089
 167          0.093
 168          0.070
 169          0.056
 170          0.045
 171          0.115
 172          0.104
 173          0.159
 174          0.194
 175          0.152
 176          0.217
 177          0.415
 178          0.270
 179          0.190
 180          0.127
 181          0.076
 182          0.065
 183          0.084
 184          0.058
 185          0.081
 186          0.113
 187          0.120
 188          0.124
 189          0.118
 190          0.092
 191          0.171
 192          0.184
 193          0.208
 194          0.181
 195          0.163
 196          0.132
 197          0.165
 198          0.135
 199          0.244
 200          0.338
 201          0.344
 202          0.274
 203          0.290
 204          0.180
 205          0.109
 206          0.122
 207          0.128
 208          0.036
 209          0.053
 210          0.048
 211          0.046
 212          0.085
 213          0.106
 214          0.065
 215          0.044
 216          0.044
 217          0.070
 218          0.084
 219          0.161
 220          0.175
 221          0.157
 222          0.129
 223          0.126
 224          0.124
 225          0.103
 226          0.151
 227          0.121
 228          0.124
 229          0.249
 230          0.261
 231          0.221
 232          0.142
 233          0.144
 234          0.116
 235          0.203
 236          0.176
 237          0.139
 238          0.290
 239          0.317
 240          0.521
 241          0.531
 242          0.366
 243          0.208
 244          0.158
 245          0.139
 246          0.052
 247          0.052
 248          0.050
 249          0.061
 250          0.043
 251          0.105
 252          0.131
 253          0.119
 254          0.135
 255          0.157
 256          0.136
 257          0.082
 258          0.114
 259          0.100
 260          0.097
 261          0.115
 262          0.133
 263          0.156
 264          0.185
 265          0.181
 266          0.133
 267          0.119
 268          0.140
 269          0.148
 270          0.220
 271          0.191
 272          0.186
 273          0.158
 274          0.088
 275          0.074
 276          0.107
 277          0.129
 278          0.147
 279          0.181
 280          0.239
 281          0.279
 282          0.212
 283          0.207
 284          0.212
 285          0.171
 286          0.146
 287          0.087
 288          0.092
 289          0.093
 290          0.054
 291          0.124
 292          0.179
 293          0.264
 294          0.577
 295          0.374
 296          0.294
 297          0.369
 298          0.227
 299          0.143
 300          0.122
 301          0.088
 302          0.106
 303          0.114
 304          0.128
 305          0.151
 306          0.171
 307          0.168
 308          0.147
 309          0.102
 310          0.128
 311          0.135
 312          0.149
 313          0.149
 314          0.099
 315          0.161
 316          0.128
 317          0.125
 318          0.116
 319          0.135
 320          0.173
 321          0.158
 322          0.227
 323          0.319
 324          0.296
 325          0.326
 326          0.334
 327          0.250
 328          0.165
 329          0.146
 330          0.139
 331          0.167
 332          0.095
 333          0.112
 334          0.099
 335          0.136
 336          0.143
 337          0.129
 338          0.126
 339          0.086
 340          0.112
 341          0.101
 342          0.134
 343          0.148
 344          0.236
 345          0.230
 346          0.296
 347          0.221
 348          0.195
 349          0.186
 350          0.206
 351          0.200
 352          0.227
 353          0.284
 354          0.226
 355          0.196
 356          0.152
 357          0.140
 358          0.225
 359          0.208
 360          0.163
 361          0.128
 362          0.104
 363          0.160
 364          0.181
 365          0.197
 366          0.202
 367          0.184
 368          0.183
 369          0.144
 370          0.072
 371          0.080
 372          0.081
 373          0.093
 374          0.092
 375          0.116
 376          0.140
 377          0.131
 378          0.131
 379          0.148
 380          0.130
 381          0.133
 382          0.060
 383          0.085
 384          0.108
 385          0.093
 386          0.092
 387          0.146
 388          0.093
 389          0.064
 390          0.073
 391          0.097
 392          0.162
 393          0.221
 394          0.359
 395          0.215
 396          0.076
 397          0.034
 398          0.029
 399          0.012
 400          0.060
 401          0.084
 402          0.066
 403          0.083
 404          0.066
 405          0.087
 406          0.098
 407          0.140
 408          0.162
 409          0.140
 410          0.087
 411          0.064
 412          0.041
 413          0.198
 414          0.114
 415          0.096
 416          0.039
 417          0.049
 418          0.049
 419          0.060
 420          0.118
 421          0.204
 422          0.285
 423          0.222
 424          0.264
 425          0.182
 426          0.139
 427          0.094
 428          0.098
 429          0.103
 430          0.152
 431          0.128
 432          0.208
 433          0.181
 434          0.151
 435          0.118
 436          0.139
 437          0.142
 438          0.160
 439          0.205
 440          0.183
 441          0.203
 442          0.137
 443          0.096
 444          0.013
 445          0.048
 446          0.032
 447          0.011
 448          0.083
 449          0.090
 450          0.147
 451          0.141
 452          0.160
 453          0.078
 454          0.098
 455          0.070
 456          0.029
 457          0.032
 458          0.082
 459          0.093
 460          0.077
 461          0.104
 462          0.147
 463          0.091
 464          0.085
 465          0.106
 466          0.150
 467          0.290
 468          0.485
 469          0.275
 470          0.172
 471          0.154
 472          0.102
 473          0.123
 474          0.117
 475          0.158
 476          0.144
 477          0.153
 478          0.144
 479          0.064
 480          0.075
 481          0.106
 482          0.073
 483          0.026
 484          0.043
 485          0.023
 486          0.078
 487          0.112

# Average distance: 0.151 nm
