# Atom index    Distance (nm)
   1          0.181
   2          0.209
   3          0.139
   4          0.174
   5          0.178
   6          0.161
   7          0.101
   8          0.046
   9          0.091
  10          0.055
  11          0.078
  12          0.072
  13          0.182
  14          0.108
  15          0.044
  16          0.033
  17          0.036
  18          0.051
  19          0.037
  20          0.051
  21          0.104
  22          0.163
  23          0.069
  24          0.048
  25          0.057
  26          0.095
  27          0.082
  28          0.062
  29          0.019
  30          0.089
  31          0.073
  32          0.061
  33          0.064
  34          0.076
  35          0.127
  36          0.092
  37          0.093
  38          0.063
  39          0.082
  40          0.085
  41          0.143
  42          0.164
  43          0.160
  44          0.208
  45          0.472
  46          0.642
  47          0.686
  48          0.614
  49          0.271
  50          0.227
  51          0.120
  52          0.232
  53          0.232
  54          0.201
  55          0.168
  56          0.175
  57          0.147
  58          0.114
  59          0.111
  60          0.142
  61          0.176
  62          0.166
  63          0.169
  64          0.164
  65          0.189
  66          0.198
  67          0.176
  68          0.168
  69          0.237
  70          0.156
  71          0.155
  72          0.158
  73          0.183
  74          0.178
  75          0.134
  76          0.175
  77          0.235
  78          0.248
  79          0.203
  80          0.148
  81          0.153
  82          0.185
  83          0.173
  84          0.187
  85          0.203
  86          0.262
  87          0.213
  88          0.308
  89          0.209
  90          0.168
  91          0.177
  92          0.363
  93          0.370
  94          0.187
  95          0.163
  96          0.179
  97          0.136
  98          0.248
  99          0.228
 100          0.268
 101          0.268
 102          0.222
 103          0.257
 104          0.227
 105          0.202
 106          0.165
 107          0.198
 108          0.239
 109          0.217
 110          0.167
 111          0.169
 112          0.138
 113          0.115
 114          0.116
 115          0.170
 116          0.187
 117          0.212
 118          0.216
 119          0.235
 120          0.193
 121          0.201
 122          0.208
 123          0.159
 124          0.149
 125          0.186
 126          0.151
 127          0.070
 128          0.066
 129          0.032
 130          0.097
 131          0.079
 132          0.093
 133          0.091
 134          0.127
 135          0.075
 136          0.079
 137          0.075
 138          0.088
 139          0.062
 140          0.094
 141          0.093
 142          0.107
 143          0.139
 144          0.099
 145          0.080
 146          0.097
 147          0.042
 148          0.074
 149          0.098
 150          0.086
 151          0.099
 152          0.144
 153          0.080
 154          0.040
 155          0.040
 156          0.054
 157          0.042
 158          0.041
 159          0.057
 160          0.070
 161          0.066
 162          0.112
 163          0.164
 164          0.051
 165          0.115
 166          0.080
 167          0.075
 168          0.062
 169          0.067
 170          0.087
 171          0.077
 172          0.071
 173          0.039
 174          0.030
 175          0.059
 176          0.085
 177          0.133
 178          0.123
 179          0.101
 180          0.088
 181          0.062
 182          0.049
 183          0.083
 184          0.077
 185          0.069
 186          0.051
 187          0.056
 188          0.086
 189          0.076
 190          0.102
 191          0.087
 192          0.074
 193          0.148
 194          0.125
 195          0.092
 196          0.032
 197          0.069
 198          0.093
 199          0.151
 200          0.106
 201          0.095
 202          0.130
 203          0.131
 204          0.076
 205          0.075
 206          0.074
 207          0.073
 208          0.078
 209          0.033
 210          0.100
 211          0.097
 212          0.152
 213          0.142
 214          0.120
 215          0.049
 216          0.092
 217          0.082
 218          0.065
 219          0.092
 220          0.108
 221          0.081
 222          0.109
 223          0.039
 224          0.091
 225          0.070
 226          0.068
 227          0.049
 228          0.062
 229          0.193
 230          0.268
 231          0.093
 232          0.096
 233          0.063
 234          0.081
 235          0.060
 236          0.059
 237          0.127
 238          0.176
 239          0.833
 240          0.787
 241          0.758
 242          0.479
 243          0.170
 244          0.163
 245          0.079
 246          0.080
 247          0.064
 248          0.077
 249          0.055
 250          0.070
 251          0.070
 252          0.078
 253          0.080
 254          0.112
 255          0.099
 256          0.047
 257          0.041
 258          0.039
 259          0.055
 260          0.073
 261          0.083
 262          0.102
 263          0.156
 264          0.124
 265          0.152
 266          0.098
 267          0.081
 268          0.125
 269          0.150
 270          0.217
 271          0.243
 272          0.159
 273          0.261
 274          0.251
 275          0.193
 276          0.187
 277          0.163
 278          0.159
 279          0.125
 280          0.120
 281          0.089
 282          0.058
 283          0.073
 284          0.099
 285          0.092
 286          0.073
 287          0.071
 288          0.064
 289          0.061
 290          0.058
 291          0.101
 292          0.118
 293          0.176
 294          0.148
 295          0.112
 296          0.204
 297          0.098
 298          0.069
 299          0.132
 300          0.145
 301          0.100
 302          0.109
 303          0.148
 304          0.175
 305          0.249
 306          0.195
 307          0.153
 308          0.217
 309          0.232
 310          0.220
 311          0.190
 312          0.215
 313          0.205
 314          0.211
 315          0.240
 316          0.222
 317          0.221
 318          0.181
 319          0.185
 320          0.270
 321          0.265
 322          0.273
 323          0.244
 324          0.161
 325          0.175
 326          0.186
 327          0.195
 328          0.197
 329          0.122
 330          0.113
 331          0.181
 332          0.152
 333          0.095
 334          0.088
 335          0.086
 336          0.072
 337          0.062
 338          0.106
 339          0.101
 340          0.082
 341          0.086
 342          0.132
 343          0.122
 344          0.136
 345          0.136
 346          0.192
 347          0.151
 348          0.087
 349          0.073
 350          0.106
 351          0.191
 352          0.305
 353          0.387
 354          0.476
 355          0.322
 356          0.281
 357          0.217
 358          0.227
 359          0.203
 360          0.213
 361          0.136
 362          0.100
 363          0.192
 364          0.191
 365          0.159
 366          0.115
 367          0.109
 368          0.123
 369          0.081
 370          0.065
 371          0.071
 372          0.053
 373          0.030
 374          0.032
 375          0.025
 376          0.092
 377          0.082
 378          0.088
 379          0.055
 380          0.096
 381          0.060
 382          0.062
 383          0.051
 384          0.025
 385          0.051
 386          0.095
 387          0.096
 388          0.066
 389          0.055
 390          0.076
 391          0.084
 392          0.122
 393          0.140
 394          0.145
 395          0.154
 396          0.086
 397          0.117
 398          0.102
 399          0.101
 400          0.106
 401          0.093
 402          0.066
 403          0.094
 404          0.084
 405          0.063
 406          0.075
 407          0.096
 408          0.122
 409          0.138
 410          0.132
 411          0.078
 412          0.082
 413          0.177
 414          0.262
 415          0.164
 416          0.030
 417          0.044
 418          0.048
 419          0.100
 420          0.095
 421          0.142
 422          0.450
 423          0.414
 424          0.228
 425          0.071
 426          0.059
 427          0.054
 428          0.079
 429          0.057
 430          0.090
 431          0.162
 432          0.036
 433          0.057
 434          0.041
 435          0.081
 436          0.072
 437          0.057
 438          0.105
 439          0.119
 440          0.127
 441          0.142
 442          0.090
 443          0.090
 444          0.069
 445          0.028
 446          0.091
 447          0.080
 448          0.049
 449          0.068
 450          0.059
 451          0.074
 452          0.081
 453          0.060
 454          0.076
 455          0.081
 456          0.077
 457          0.074
 458          0.032
 459          0.027
 460          0.153
 461          0.068
 462          0.042
 463          0.026
 464          0.055
 465          0.047
 466          0.026
 467          0.175
 468          0.351
 469          0.245
 470          0.229
 471          0.152
 472          0.066
 473          0.060
 474          0.038
 475          0.036
 476          0.041
 477          0.131
 478          0.098
 479          0.114
 480          0.108
 481          0.123
 482          0.088
 483          0.077
 484          0.090
 485          0.060
 486          0.044
 487          0.069

# Average distance: 0.132 nm
