# Atom index    Distance (nm)
   1          0.556
   2          0.591
   3          0.402
   4          0.251
   5          0.167
   6          0.121
   7          0.119
   8          0.083
   9          0.105
  10          0.079
  11          0.055
  12          0.013
  13          0.018
  14          0.027
  15          0.010
  16          0.029
  17          0.060
  18          0.071
  19          0.125
  20          0.148
  21          0.141
  22          0.088
  23          0.121
  24          0.179
  25          0.160
  26          0.172
  27          0.135
  28          0.092
  29          0.052
  30          0.077
  31          0.091
  32          0.105
  33          0.111
  34          0.118
  35          0.140
  36          0.151
  37          0.147
  38          0.133
  39          0.089
  40          0.120
  41          0.122
  42          0.161
  43          0.348
  44          0.306
  45          0.410
  46          0.498
  47          0.494
  48          0.564
  49          0.521
  50          0.481
  51          0.410
  52          0.304
  53          0.273
  54          0.255
  55          0.226
  56          0.155
  57          0.157
  58          0.177
  59          0.208
  60          0.248
  61          0.284
  62          0.268
  63          0.265
  64          0.246
  65          0.284
  66          0.286
  67          0.283
  68          0.314
  69          0.371
  70          0.329
  71          0.352
  72          0.240
  73          0.243
  74          0.218
  75          0.300
  76          0.347
  77          0.359
  78          0.387
  79          0.245
  80          0.249
  81          0.285
  82          0.294
  83          0.304
  84          0.295
  85          0.168
  86          0.176
  87          0.197
  88          0.178
  89          0.127
  90          0.095
  91          0.104
  92          0.135
  93          0.106
  94          0.120
  95          0.080
  96          0.076
  97          0.100
  98          0.195
  99          0.260
 100          0.294
 101          0.341
 102          0.352
 103          0.292
 104          0.269
 105          0.212
 106          0.181
 107          0.180
 108          0.133
 109          0.126
 110          0.205
 111          0.203
 112          0.136
 113          0.139
 114          0.205
 115          0.210
 116          0.284
 117          0.262
 118          0.348
 119          0.282
 120          0.202
 121          0.162
 122          0.122
 123          0.088
 124          0.106
 125          0.089
 126          0.081
 127          0.093
 128          0.073
 129          0.126
 130          0.040
 131          0.104
 132          0.151
 133          0.148
 134          0.036
 135          0.097
 136          0.077
 137          0.126
 138          0.116
 139          0.126
 140          0.163
 141          0.208
 142          0.282
 143          0.301
 144          0.251
 145          0.177
 146          0.172
 147          0.170
 148          0.128
 149          0.123
 150          0.123
 151          0.085
 152          0.157
 153          0.130
 154          0.208
 155          0.261
 156          0.263
 157          0.252
 158          0.180
 159          0.190
 160          0.161
 161          0.148
 162          0.137
 163          0.139
 164          0.119
 165          0.068
 166          0.062
 167          0.064
 168          0.075
 169          0.098
 170          0.109
 171          0.106
 172          0.078
 173          0.088
 174          0.107
 175          0.174
 176          0.332
 177          0.445
 178          0.391
 179          0.333
 180          0.161
 181          0.138
 182          0.122
 183          0.077
 184          0.046
 185          0.045
 186          0.080
 187          0.062
 188          0.045
 189          0.078
 190          0.102
 191          0.130
 192          0.170
 193          0.207
 194          0.164
 195          0.154
 196          0.080
 197          0.070
 198          0.104
 199          0.175
 200          0.204
 201          0.225
 202          0.229
 203          0.162
 204          0.123
 205          0.134
 206          0.203
 207          0.209
 208          0.124
 209          0.085
 210          0.129
 211          0.237
 212          0.428
 213          0.373
 214          0.160
 215          0.025
 216          0.090
 217          0.152
 218          0.208
 219          0.266
 220          0.305
 221          0.325
 222          0.307
 223          0.300
 224          0.221
 225          0.158
 226          0.188
 227          0.231
 228          0.235
 229          0.329
 230          0.373
 231          0.268
 232          0.243
 233          0.272
 234          0.249
 235          0.255
 236          0.262
 237          0.397
 238          0.343
 239          0.358
 240          0.319
 241          0.262
 242          0.197
 243          0.167
 244          0.294
 245          0.302
 246          0.249
 247          0.071
 248          0.079
 249          0.042
 250          0.026
 251          0.059
 252          0.050
 253          0.091
 254          0.089
 255          0.049
 256          0.039
 257          0.069
 258          0.087
 259          0.090
 260          0.099
 261          0.131
 262          0.112
 263          0.166
 264          0.157
 265          0.126
 266          0.108
 267          0.111
 268          0.122
 269          0.147
 270          0.183
 271          0.215
 272          0.211
 273          0.211
 274          0.219
 275          0.189
 276          0.184
 277          0.164
 278          0.179
 279          0.167
 280          0.148
 281          0.120
 282          0.109
 283          0.119
 284          0.078
 285          0.132
 286          0.111
 287          0.109
 288          0.103
 289          0.054
 290          0.061
 291          0.105
 292          0.077
 293          0.106
 294          0.126
 295          0.160
 296          0.158
 297          0.163
 298          0.134
 299          0.103
 300          0.123
 301          0.115
 302          0.140
 303          0.196
 304          0.208
 305          0.266
 306          0.237
 307          0.217
 308          0.210
 309          0.224
 310          0.248
 311          0.258
 312          0.235
 313          0.330
 314          0.333
 315          0.341
 316          0.292
 317          0.240
 318          0.234
 319          0.162
 320          0.211
 321          0.211
 322          0.183
 323          0.213
 324          0.183
 325          0.292
 326          0.229
 327          0.199
 328          0.186
 329          0.140
 330          0.121
 331          0.099
 332          0.075
 333          0.073
 334          0.057
 335          0.035
 336          0.033
 337          0.053
 338          0.038
 339          0.059
 340          0.085
 341          0.106
 342          0.121
 343          0.209
 344          0.263
 345          0.259
 346          0.217
 347          0.206
 348          0.146
 349          0.146
 350          0.173
 351          0.121
 352          0.249
 353          0.317
 354          0.344
 355          0.233
 356          0.230
 357          0.215
 358          0.247
 359          0.246
 360          0.279
 361          0.220
 362          0.210
 363          0.135
 364          0.158
 365          0.157
 366          0.161
 367          0.109
 368          0.115
 369          0.078
 370          0.097
 371          0.097
 372          0.100
 373          0.087
 374          0.076
 375          0.082
 376          0.024
 377          0.056
 378          0.113
 379          0.097
 380          0.099
 381          0.130
 382          0.134
 383          0.162
 384          0.138
 385          0.214
 386          0.187
 387          0.172
 388          0.145
 389          0.173
 390          0.176
 391          0.201
 392          0.184
 393          0.282
 394          0.239
 395          0.210
 396          0.198
 397          0.221
 398          0.203
 399          0.223
 400          0.213
 401          0.156
 402          0.136
 403          0.127
 404          0.154
 405          0.149
 406          0.141
 407          0.131
 408          0.117
 409          0.168
 410          0.104
 411          0.146
 412          0.071
 413          0.026
 414          0.046
 415          0.042
 416          0.037
 417          0.066
 418          0.083
 419          0.096
 420          0.101
 421          0.196
 422          0.244
 423          0.279
 424          0.174
 425          0.139
 426          0.103
 427          0.111
 428          0.107
 429          0.132
 430          0.215
 431          0.193
 432          0.239
 433          0.164
 434          0.214
 435          0.198
 436          0.217
 437          0.171
 438          0.198
 439          0.161
 440          0.175
 441          0.187
 442          0.135
 443          0.136
 444          0.092
 445          0.074
 446          0.072
 447          0.082
 448          0.058
 449          0.040
 450          0.086
 451          0.128
 452          0.125
 453          0.101
 454          0.087
 455          0.067
 456          0.059
 457          0.082
 458          0.162
 459          0.120
 460          0.092
 461          0.082
 462          0.111
 463          0.101
 464          0.110
 465          0.195
 466          0.238
 467          0.320
 468          0.335
 469          0.337
 470          0.359
 471          0.287
 472          0.230
 473          0.206
 474          0.123
 475          0.156
 476          0.150
 477          0.205
 478          0.201
 479          0.178
 480          0.116
 481          0.101
 482          0.055
 483          0.120
 484          0.175
 485          0.143
 486          0.135
 487          0.102

# Average distance: 0.174 nm
