# Atom index    Distance (nm)
   1          0.233
   2          0.205
   3          0.256
   4          0.201
   5          0.059
   6          0.018
   7          0.052
   8          0.051
   9          0.044
  10          0.060
  11          0.068
  12          0.132
  13          0.166
  14          0.155
  15          0.100
  16          0.112
  17          0.097
  18          0.097
  19          0.104
  20          0.120
  21          0.119
  22          0.264
  23          0.274
  24          0.146
  25          0.109
  26          0.152
  27          0.109
  28          0.102
  29          0.103
  30          0.106
  31          0.126
  32          0.114
  33          0.080
  34          0.069
  35          0.048
  36          0.068
  37          0.099
  38          0.070
  39          0.089
  40          0.049
  41          0.073
  42          0.058
  43          0.054
  44          0.068
  45          0.103
  46          0.175
  47          0.172
  48          0.405
  49          0.130
  50          0.050
  51          0.073
  52          0.066
  53          0.092
  54          0.153
  55          0.112
  56          0.072
  57          0.075
  58          0.111
  59          0.154
  60          0.145
  61          0.127
  62          0.071
  63          0.027
  64          0.100
  65          0.067
  66          0.069
  67          0.157
  68          0.177
  69          0.148
  70          0.124
  71          0.077
  72          0.118
  73          0.105
  74          0.083
  75          0.095
  76          0.117
  77          0.217
  78          0.223
  79          0.202
  80          0.317
  81          0.315
  82          0.141
  83          0.120
  84          0.136
  85          0.127
  86          0.099
  87          0.113
  88          0.125
  89          0.176
  90          0.192
  91          0.241
  92          0.210
  93          0.169
  94          0.110
  95          0.109
  96          0.114
  97          0.120
  98          0.061
  99          0.045
 100          0.032
 101          0.087
 102          0.103
 103          0.064
 104          0.070
 105          0.100
 106          0.074
 107          0.038
 108          0.105
 109          0.135
 110          0.142
 111          0.117
 112          0.138
 113          0.132
 114          0.089
 115          0.060
 116          0.054
 117          0.068
 118          0.137
 119          0.225
 120          0.194
 121          0.220
 122          0.111
 123          0.102
 124          0.113
 125          0.113
 126          0.086
 127          0.083
 128          0.090
 129          0.046
 130          0.053
 131          0.033
 132          0.094
 133          0.089
 134          0.045
 135          0.079
 136          0.026
 137          0.040
 138          0.071
 139          0.125
 140          0.138
 141          0.256
 142          0.246
 143          0.190
 144          0.209
 145          0.115
 146          0.091
 147          0.028
 148          0.099
 149          0.133
 150          0.110
 151          0.155
 152          0.262
 153          0.417
 154          0.155
 155          0.168
 156          0.085
 157          0.082
 158          0.098
 159          0.045
 160          0.110
 161          0.140
 162          0.200
 163          0.164
 164          0.143
 165          0.165
 166          0.205
 167          0.163
 168          0.151
 169          0.093
 170          0.072
 171          0.066
 172          0.079
 173          0.055
 174          0.047
 175          0.048
 176          0.087
 177          0.107
 178          0.109
 179          0.048
 180          0.050
 181          0.035
 182          0.064
 183          0.105
 184          0.155
 185          0.173
 186          0.174
 187          0.163
 188          0.135
 189          0.081
 190          0.026
 191          0.102
 192          0.118
 193          0.175
 194          0.120
 195          0.114
 196          0.109
 197          0.125
 198          0.119
 199          0.114
 200          0.102
 201          0.135
 202          0.164
 203          0.150
 204          0.096
 205          0.093
 206          0.084
 207          0.167
 208          0.176
 209          0.163
 210          0.190
 211          0.197
 212          0.220
 213          0.205
 214          0.195
 215          0.143
 216          0.149
 217          0.082
 218          0.127
 219          0.126
 220          0.180
 221          0.176
 222          0.139
 223          0.145
 224          0.108
 225          0.074
 226          0.060
 227          0.055
 228          0.016
 229          0.055
 230          0.106
 231          0.076
 232          0.056
 233          0.037
 234          0.028
 235          0.052
 236          0.106
 237          0.183
 238          0.248
 239          0.275
 240          0.239
 241          0.251
 242          0.236
 243          0.323
 244          0.325
 245          0.195
 246          0.204
 247          0.162
 248          0.148
 249          0.164
 250          0.163
 251          0.151
 252          0.124
 253          0.103
 254          0.077
 255          0.118
 256          0.139
 257          0.090
 258          0.090
 259          0.065
 260          0.096
 261          0.111
 262          0.209
 263          0.200
 264          0.098
 265          0.150
 266          0.130
 267          0.052
 268          0.067
 269          0.051
 270          0.104
 271          0.074
 272          0.103
 273          0.083
 274          0.087
 275          0.089
 276          0.090
 277          0.111
 278          0.143
 279          0.176
 280          0.193
 281          0.205
 282          0.188
 283          0.206
 284          0.203
 285          0.175
 286          0.119
 287          0.138
 288          0.128
 289          0.120
 290          0.080
 291          0.087
 292          0.101
 293          0.179
 294          0.119
 295          0.222
 296          0.283
 297          0.180
 298          0.097
 299          0.042
 300          0.082
 301          0.081
 302          0.090
 303          0.056
 304          0.059
 305          0.067
 306          0.086
 307          0.081
 308          0.067
 309          0.060
 310          0.066
 311          0.090
 312          0.157
 313          0.232
 314          0.258
 315          0.178
 316          0.119
 317          0.047
 318          0.047
 319          0.035
 320          0.072
 321          0.127
 322          0.139
 323          0.155
 324          0.137
 325          0.230
 326          0.189
 327          0.162
 328          0.101
 329          0.079
 330          0.103
 331          0.102
 332          0.084
 333          0.083
 334          0.079
 335          0.124
 336          0.142
 337          0.076
 338          0.071
 339          0.079
 340          0.080
 341          0.102
 342          0.071
 343          0.071
 344          0.096
 345          0.148
 346          0.140
 347          0.105
 348          0.090
 349          0.119
 350          0.129
 351          0.112
 352          0.142
 353          0.143
 354          0.193
 355          0.140
 356          0.129
 357          0.112
 358          0.117
 359          0.101
 360          0.048
 361          0.074
 362          0.123
 363          0.080
 364          0.066
 365          0.081
 366          0.100
 367          0.108
 368          0.069
 369          0.052
 370          0.034
 371          0.053
 372          0.040
 373          0.080
 374          0.085
 375          0.068
 376          0.088
 377          0.080
 378          0.082
 379          0.083
 380          0.081
 381          0.074
 382          0.103
 383          0.117
 384          0.146
 385          0.129
 386          0.081
 387          0.053
 388          0.068
 389          0.080
 390          0.069
 391          0.052
 392          0.053
 393          0.245
 394          0.163
 395          0.085
 396          0.112
 397          0.090
 398          0.038
 399          0.104
 400          0.098
 401          0.033
 402          0.054
 403          0.062
 404          0.059
 405          0.067
 406          0.078
 407          0.101
 408          0.066
 409          0.073
 410          0.041
 411          0.049
 412          0.043
 413          0.186
 414          0.062
 415          0.061
 416          0.065
 417          0.068
 418          0.066
 419          0.024
 420          0.066
 421          0.100
 422          0.128
 423          0.098
 424          0.149
 425          0.090
 426          0.067
 427          0.028
 428          0.093
 429          0.086
 430          0.327
 431          0.380
 432          0.140
 433          0.085
 434          0.076
 435          0.096
 436          0.063
 437          0.072
 438          0.061
 439          0.046
 440          0.089
 441          0.192
 442          0.226
 443          0.146
 444          0.097
 445          0.055
 446          0.026
 447          0.026
 448          0.052
 449          0.053
 450          0.059
 451          0.085
 452          0.150
 453          0.135
 454          0.094
 455          0.067
 456          0.023
 457          0.024
 458          0.079
 459          0.114
 460          0.082
 461          0.136
 462          0.129
 463          0.070
 464          0.045
 465          0.050
 466          0.054
 467          0.041
 468          0.027
 469          0.051
 470          0.060
 471          0.060
 472          0.079
 473          0.074
 474          0.089
 475          0.130
 476          0.078
 477          0.136
 478          0.148
 479          0.091
 480          0.083
 481          0.108
 482          0.080
 483          0.071
 484          0.078
 485          0.047
 486          0.084
 487          0.059

# Average distance: 0.113 nm
