# Atom index    Distance (nm)
   1          0.196
   2          0.222
   3          0.140
   4          0.232
   5          0.169
   6          0.139
   7          0.148
   8          0.103
   9          0.104
  10          0.068
  11          0.103
  12          0.134
  13          0.175
  14          0.153
  15          0.109
  16          0.046
  17          0.033
  18          0.093
  19          0.106
  20          0.115
  21          0.107
  22          0.124
  23          0.190
  24          0.309
  25          0.301
  26          0.202
  27          0.121
  28          0.179
  29          0.177
  30          0.125
  31          0.184
  32          0.149
  33          0.099
  34          0.115
  35          0.175
  36          0.154
  37          0.195
  38          0.160
  39          0.159
  40          0.158
  41          0.117
  42          0.094
  43          0.128
  44          0.123
  45          0.229
  46          0.206
  47          0.233
  48          0.383
  49          0.714
  50          0.517
  51          0.356
  52          0.127
  53          0.136
  54          0.114
  55          0.127
  56          0.096
  57          0.151
  58          0.138
  59          0.159
  60          0.187
  61          0.246
  62          0.245
  63          0.203
  64          0.191
  65          0.245
  66          0.304
  67          0.312
  68          0.231
  69          0.223
  70          0.269
  71          0.299
  72          0.231
  73          0.206
  74          0.159
  75          0.300
  76          0.310
  77          0.348
  78          0.250
  79          0.210
  80          0.256
  81          0.242
  82          0.247
  83          0.198
  84          0.180
  85          0.134
  86          0.142
  87          0.113
  88          0.126
  89          0.131
  90          0.145
  91          0.175
  92          0.160
  93          0.122
  94          0.092
  95          0.103
  96          0.092
  97          0.100
  98          0.163
  99          0.161
 100          0.196
 101          0.237
 102          0.268
 103          0.228
 104          0.267
 105          0.234
 106          0.200
 107          0.163
 108          0.191
 109          0.197
 110          0.144
 111          0.240
 112          0.224
 113          0.179
 114          0.193
 115          0.237
 116          0.262
 117          0.259
 118          0.278
 119          0.276
 120          0.250
 121          0.251
 122          0.222
 123          0.201
 124          0.171
 125          0.144
 126          0.122
 127          0.179
 128          0.100
 129          0.068
 130          0.066
 131          0.100
 132          0.140
 133          0.102
 134          0.088
 135          0.091
 136          0.101
 137          0.088
 138          0.083
 139          0.069
 140          0.117
 141          0.134
 142          0.163
 143          0.153
 144          0.162
 145          0.112
 146          0.077
 147          0.077
 148          0.093
 149          0.096
 150          0.096
 151          0.123
 152          0.139
 153          0.137
 154          0.112
 155          0.155
 156          0.098
 157          0.102
 158          0.109
 159          0.092
 160          0.174
 161          0.143
 162          0.107
 163          0.097
 164          0.122
 165          0.112
 166          0.105
 167          0.076
 168          0.108
 169          0.119
 170          0.092
 171          0.091
 172          0.071
 173          0.091
 174          0.116
 175          0.116
 176          0.144
 177          0.168
 178          0.139
 179          0.129
 180          0.132
 181          0.093
 182          0.082
 183          0.089
 184          0.118
 185          0.133
 186          0.161
 187          0.116
 188          0.095
 189          0.112
 190          0.093
 191          0.097
 192          0.087
 193          0.082
 194          0.081
 195          0.131
 196          0.135
 197          0.123
 198          0.037
 199          0.125
 200          0.058
 201          0.129
 202          0.126
 203          0.090
 204          0.086
 205          0.108
 206          0.101
 207          0.063
 208          0.107
 209          0.043
 210          0.066
 211          0.044
 212          0.092
 213          0.131
 214          0.111
 215          0.096
 216          0.068
 217          0.070
 218          0.071
 219          0.028
 220          0.058
 221          0.072
 222          0.053
 223          0.086
 224          0.112
 225          0.106
 226          0.086
 227          0.032
 228          0.062
 229          0.044
 230          0.046
 231          0.086
 232          0.074
 233          0.057
 234          0.055
 235          0.105
 236          0.058
 237          0.315
 238          0.481
 239          0.319
 240          0.493
 241          0.352
 242          0.161
 243          0.139
 244          0.145
 245          0.097
 246          0.132
 247          0.131
 248          0.155
 249          0.134
 250          0.126
 251          0.118
 252          0.102
 253          0.126
 254          0.125
 255          0.182
 256          0.121
 257          0.110
 258          0.081
 259          0.074
 260          0.115
 261          0.136
 262          0.168
 263          0.183
 264          0.176
 265          0.153
 266          0.088
 267          0.085
 268          0.092
 269          0.150
 270          0.196
 271          0.173
 272          0.214
 273          0.227
 274          0.242
 275          0.147
 276          0.166
 277          0.145
 278          0.195
 279          0.168
 280          0.204
 281          0.213
 282          0.087
 283          0.090
 284          0.056
 285          0.033
 286          0.049
 287          0.052
 288          0.061
 289          0.100
 290          0.105
 291          0.106
 292          0.081
 293          0.189
 294          0.252
 295          0.363
 296          0.288
 297          0.233
 298          0.164
 299          0.064
 300          0.093
 301          0.080
 302          0.076
 303          0.058
 304          0.114
 305          0.128
 306          0.159
 307          0.109
 308          0.092
 309          0.104
 310          0.144
 311          0.188
 312          0.203
 313          0.292
 314          0.252
 315          0.185
 316          0.198
 317          0.140
 318          0.133
 319          0.113
 320          0.104
 321          0.124
 322          0.164
 323          0.227
 324          0.212
 325          0.253
 326          0.278
 327          0.237
 328          0.164
 329          0.105
 330          0.149
 331          0.171
 332          0.146
 333          0.138
 334          0.085
 335          0.090
 336          0.055
 337          0.058
 338          0.085
 339          0.079
 340          0.131
 341          0.203
 342          0.198
 343          0.268
 344          0.403
 345          0.488
 346          0.349
 347          0.262
 348          0.238
 349          0.201
 350          0.204
 351          0.216
 352          0.264
 353          0.292
 354          0.306
 355          0.238
 356          0.218
 357          0.177
 358          0.231
 359          0.254
 360          0.322
 361          0.315
 362          0.307
 363          0.316
 364          0.269
 365          0.261
 366          0.108
 367          0.158
 368          0.136
 369          0.141
 370          0.114
 371          0.051
 372          0.018
 373          0.091
 374          0.152
 375          0.149
 376          0.118
 377          0.117
 378          0.116
 379          0.113
 380          0.103
 381          0.083
 382          0.067
 383          0.077
 384          0.079
 385          0.100
 386          0.146
 387          0.126
 388          0.125
 389          0.135
 390          0.135
 391          0.133
 392          0.247
 393          0.276
 394          0.359
 395          0.165
 396          0.185
 397          0.146
 398          0.109
 399          0.123
 400          0.133
 401          0.160
 402          0.164
 403          0.117
 404          0.084
 405          0.102
 406          0.113
 407          0.088
 408          0.099
 409          0.050
 410          0.093
 411          0.097
 412          0.034
 413          0.036
 414          0.018
 415          0.032
 416          0.022
 417          0.034
 418          0.042
 419          0.030
 420          0.098
 421          0.152
 422          0.113
 423          0.374
 424          0.323
 425          0.226
 426          0.126
 427          0.105
 428          0.090
 429          0.109
 430          0.271
 431          0.138
 432          0.136
 433          0.130
 434          0.123
 435          0.098
 436          0.106
 437          0.131
 438          0.187
 439          0.097
 440          0.106
 441          0.121
 442          0.124
 443          0.096
 444          0.078
 445          0.040
 446          0.032
 447          0.025
 448          0.039
 449          0.077
 450          0.080
 451          0.106
 452          0.156
 453          0.123
 454          0.068
 455          0.047
 456          0.028
 457          0.049
 458          0.036
 459          0.064
 460          0.069
 461          0.078
 462          0.031
 463          0.074
 464          0.105
 465          0.105
 466          0.135
 467          0.162
 468          0.182
 469          0.191
 470          0.152
 471          0.192
 472          0.132
 473          0.135
 474          0.153
 475          0.191
 476          0.128
 477          0.080
 478          0.081
 479          0.075
 480          0.089
 481          0.157
 482          0.136
 483          0.101
 484          0.084
 485          0.075
 486          0.105
 487          0.104

# Average distance: 0.148 nm
