# Atom index    Distance (nm)
   1          1.365
   2          0.944
   3          0.275
   4          0.069
   5          0.074
   6          0.143
   7          0.146
   8          0.137
   9          0.128
  10          0.054
  11          0.053
  12          0.067
  13          0.085
  14          0.111
  15          0.120
  16          0.096
  17          0.092
  18          0.113
  19          0.065
  20          0.053
  21          0.157
  22          0.280
  23          0.088
  24          0.179
  25          0.138
  26          0.108
  27          0.113
  28          0.102
  29          0.084
  30          0.206
  31          0.119
  32          0.130
  33          0.122
  34          0.096
  35          0.092
  36          0.102
  37          0.091
  38          0.073
  39          0.061
  40          0.056
  41          0.053
  42          0.063
  43          0.104
  44          0.134
  45          0.045
  46          0.088
  47          0.140
  48          0.131
  49          0.155
  50          0.116
  51          0.093
  52          0.089
  53          0.046
  54          0.029
  55          0.024
  56          0.050
  57          0.062
  58          0.079
  59          0.074
  60          0.233
  61          0.217
  62          0.147
  63          0.066
  64          0.067
  65          0.149
  66          0.133
  67          0.138
  68          0.153
  69          0.206
  70          0.169
  71          0.156
  72          0.146
  73          0.155
  74          0.157
  75          0.173
  76          0.120
  77          0.188
  78          0.082
  79          0.076
  80          0.084
  81          0.073
  82          0.051
  83          0.037
  84          0.033
  85          0.040
  86          0.045
  87          0.044
  88          0.087
  89          0.041
  90          0.028
  91          0.037
  92          0.063
  93          0.051
  94          0.079
  95          0.103
  96          0.104
  97          0.100
  98          0.107
  99          0.052
 100          0.044
 101          0.038
 102          0.145
 103          0.108
 104          0.097
 105          0.077
 106          0.079
 107          0.103
 108          0.109
 109          0.191
 110          0.191
 111          0.216
 112          0.158
 113          0.119
 114          0.110
 115          0.120
 116          0.097
 117          0.115
 118          0.094
 119          0.112
 120          0.082
 121          0.087
 122          0.042
 123          0.053
 124          0.060
 125          0.068
 126          0.067
 127          0.077
 128          0.132
 129          0.103
 130          0.102
 131          0.126
 132          0.035
 133          0.018
 134          0.030
 135          0.018
 136          0.048
 137          0.079
 138          0.076
 139          0.056
 140          0.084
 141          0.094
 142          0.124
 143          0.082
 144          0.054
 145          0.054
 146          0.036
 147          0.072
 148          0.040
 149          0.040
 150          0.025
 151          0.028
 152          0.053
 153          0.106
 154          0.046
 155          0.045
 156          0.074
 157          0.061
 158          0.072
 159          0.070
 160          0.076
 161          0.037
 162          0.041
 163          0.071
 164          0.030
 165          0.019
 166          0.032
 167          0.021
 168          0.040
 169          0.068
 170          0.040
 171          0.023
 172          0.037
 173          0.058
 174          0.079
 175          0.082
 176          0.072
 177          0.054
 178          0.087
 179          0.056
 180          0.051
 181          0.039
 182          0.024
 183          0.074
 184          0.062
 185          0.046
 186          0.066
 187          0.076
 188          0.077
 189          0.054
 190          0.036
 191          0.069
 192          0.114
 193          0.135
 194          0.073
 195          0.074
 196          0.070
 197          0.062
 198          0.074
 199          0.131
 200          0.128
 201          0.164
 202          0.156
 203          0.063
 204          0.062
 205          0.059
 206          0.074
 207          0.085
 208          0.096
 209          0.034
 210          0.039
 211          0.069
 212          0.088
 213          0.104
 214          0.079
 215          0.042
 216          0.040
 217          0.074
 218          0.085
 219          0.086
 220          0.120
 221          0.167
 222          0.142
 223          0.136
 224          0.142
 225          0.140
 226          0.127
 227          0.134
 228          0.209
 229          0.244
 230          0.249
 231          0.137
 232          0.119
 233          0.095
 234          0.131
 235          0.102
 236          0.095
 237          0.082
 238          0.086
 239          0.204
 240          0.074
 241          0.112
 242          0.122
 243          0.100
 244          0.085
 245          0.115
 246          0.117
 247          0.090
 248          0.100
 249          0.101
 250          0.095
 251          0.072
 252          0.050
 253          0.057
 254          0.056
 255          0.020
 256          0.030
 257          0.057
 258          0.080
 259          0.110
 260          0.053
 261          0.054
 262          0.119
 263          0.088
 264          0.022
 265          0.066
 266          0.082
 267          0.072
 268          0.123
 269          0.098
 270          0.085
 271          0.191
 272          0.206
 273          0.139
 274          0.134
 275          0.100
 276          0.046
 277          0.074
 278          0.088
 279          0.122
 280          0.144
 281          0.143
 282          0.138
 283          0.067
 284          0.078
 285          0.086
 286          0.062
 287          0.061
 288          0.050
 289          0.059
 290          0.066
 291          0.069
 292          0.059
 293          0.089
 294          0.160
 295          0.264
 296          0.262
 297          0.203
 298          0.204
 299          0.141
 300          0.091
 301          0.044
 302          0.073
 303          0.078
 304          0.076
 305          0.052
 306          0.113
 307          0.038
 308          0.055
 309          0.060
 310          0.070
 311          0.136
 312          0.138
 313          0.116
 314          0.057
 315          0.114
 316          0.097
 317          0.093
 318          0.101
 319          0.058
 320          0.127
 321          0.047
 322          0.063
 323          0.076
 324          0.170
 325          0.210
 326          0.158
 327          0.167
 328          0.102
 329          0.062
 330          0.031
 331          0.063
 332          0.071
 333          0.113
 334          0.099
 335          0.036
 336          0.045
 337          0.096
 338          0.076
 339          0.081
 340          0.068
 341          0.037
 342          0.069
 343          0.035
 344          0.051
 345          0.067
 346          0.091
 347          0.126
 348          0.115
 349          0.119
 350          0.118
 351          0.157
 352          0.243
 353          0.360
 354          0.346
 355          0.288
 356          0.135
 357          0.117
 358          0.146
 359          0.165
 360          0.201
 361          0.184
 362          0.162
 363          0.188
 364          0.116
 365          0.181
 366          0.189
 367          0.168
 368          0.071
 369          0.116
 370          0.149
 371          0.069
 372          0.137
 373          0.104
 374          0.033
 375          0.044
 376          0.023
 377          0.064
 378          0.107
 379          0.071
 380          0.057
 381          0.045
 382          0.040
 383          0.041
 384          0.099
 385          0.125
 386          0.128
 387          0.101
 388          0.086
 389          0.087
 390          0.092
 391          0.057
 392          0.069
 393          0.084
 394          0.084
 395          0.052
 396          0.080
 397          0.062
 398          0.079
 399          0.074
 400          0.095
 401          0.079
 402          0.087
 403          0.102
 404          0.092
 405          0.096
 406          0.100
 407          0.068
 408          0.055
 409          0.054
 410          0.131
 411          0.134
 412          0.134
 413          0.100
 414          0.196
 415          0.147
 416          0.059
 417          0.043
 418          0.097
 419          0.100
 420          0.092
 421          0.088
 422          0.211
 423          0.209
 424          0.164
 425          0.096
 426          0.070
 427          0.020
 428          0.057
 429          0.050
 430          0.106
 431          0.221
 432          0.153
 433          0.127
 434          0.053
 435          0.089
 436          0.085
 437          0.018
 438          0.140
 439          0.105
 440          0.179
 441          0.135
 442          0.234
 443          0.199
 444          0.149
 445          0.078
 446          0.048
 447          0.044
 448          0.071
 449          0.091
 450          0.091
 451          0.096
 452          0.098
 453          0.070
 454          0.091
 455          0.062
 456          0.080
 457          0.100
 458          0.107
 459          0.112
 460          0.099
 461          0.074
 462          0.105
 463          0.106
 464          0.062
 465          0.058
 466          0.077
 467          0.086
 468          0.068
 469          0.149
 470          0.108
 471          0.087
 472          0.061
 473          0.091
 474          0.095
 475          0.097
 476          0.056
 477          0.073
 478          0.093
 479          0.100
 480          0.115
 481          0.118
 482          0.116
 483          0.067
 484          0.036
 485          0.035
 486          0.062
 487          0.037

# Average distance: 0.101 nm
