# Atom index    Distance (nm)
   1          0.498
   2          0.560
   3          0.627
   4          0.134
   5          0.076
   6          0.121
   7          0.057
   8          0.089
   9          0.079
  10          0.044
  11          0.015
  12          0.042
  13          0.075
  14          0.047
  15          0.069
  16          0.066
  17          0.072
  18          0.071
  19          0.125
  20          0.108
  21          0.112
  22          0.264
  23          0.203
  24          0.250
  25          0.200
  26          0.197
  27          0.122
  28          0.067
  29          0.078
  30          0.082
  31          0.074
  32          0.038
  33          0.064
  34          0.072
  35          0.068
  36          0.096
  37          0.112
  38          0.059
  39          0.032
  40          0.069
  41          0.063
  42          0.093
  43          0.091
  44          0.191
  45          0.101
  46          0.148
  47          0.184
  48          0.105
  49          0.232
  50          0.294
  51          0.189
  52          0.170
  53          0.063
  54          0.049
  55          0.096
  56          0.083
  57          0.062
  58          0.086
  59          0.146
  60          0.197
  61          0.098
  62          0.100
  63          0.124
  64          0.102
  65          0.109
  66          0.152
  67          0.166
  68          0.159
  69          0.159
  70          0.156
  71          0.118
  72          0.120
  73          0.135
  74          0.119
  75          0.173
  76          0.141
  77          0.153
  78          0.145
  79          0.220
  80          0.170
  81          0.097
  82          0.145
  83          0.115
  84          0.076
  85          0.050
  86          0.065
  87          0.077
  88          0.089
  89          0.151
  90          0.119
  91          0.092
  92          0.114
  93          0.124
  94          0.065
  95          0.073
  96          0.048
  97          0.062
  98          0.128
  99          0.134
 100          0.138
 101          0.126
 102          0.137
 103          0.145
 104          0.116
 105          0.112
 106          0.088
 107          0.067
 108          0.052
 109          0.056
 110          0.084
 111          0.107
 112          0.077
 113          0.051
 114          0.059
 115          0.112
 116          0.086
 117          0.092
 118          0.135
 119          0.133
 120          0.122
 121          0.116
 122          0.091
 123          0.077
 124          0.073
 125          0.077
 126          0.041
 127          0.042
 128          0.053
 129          0.064
 130          0.066
 131          0.092
 132          0.063
 133          0.064
 134          0.099
 135          0.047
 136          0.028
 137          0.064
 138          0.068
 139          0.121
 140          0.129
 141          0.136
 142          0.174
 143          0.135
 144          0.136
 145          0.093
 146          0.055
 147          0.060
 148          0.066
 149          0.088
 150          0.074
 151          0.089
 152          0.115
 153          0.225
 154          0.109
 155          0.211
 156          0.082
 157          0.035
 158          0.064
 159          0.084
 160          0.100
 161          0.090
 162          0.091
 163          0.086
 164          0.094
 165          0.063
 166          0.031
 167          0.028
 168          0.037
 169          0.042
 170          0.043
 171          0.014
 172          0.031
 173          0.017
 174          0.029
 175          0.081
 176          0.119
 177          0.169
 178          0.168
 179          0.075
 180          0.043
 181          0.049
 182          0.063
 183          0.046
 184          0.083
 185          0.068
 186          0.082
 187          0.091
 188          0.084
 189          0.045
 190          0.084
 191          0.111
 192          0.136
 193          0.153
 194          0.133
 195          0.176
 196          0.144
 197          0.152
 198          0.128
 199          0.126
 200          0.165
 201          0.159
 202          0.174
 203          0.124
 204          0.075
 205          0.047
 206          0.015
 207          0.027
 208          0.018
 209          0.014
 210          0.043
 211          0.026
 212          0.123
 213          0.077
 214          0.046
 215          0.067
 216          0.072
 217          0.017
 218          0.055
 219          0.026
 220          0.088
 221          0.119
 222          0.134
 223          0.096
 224          0.073
 225          0.056
 226          0.054
 227          0.042
 228          0.021
 229          0.034
 230          0.097
 231          0.052
 232          0.035
 233          0.044
 234          0.048
 235          0.098
 236          0.091
 237          0.146
 238          0.180
 239          0.202
 240          0.147
 241          0.147
 242          0.114
 243          0.067
 244          0.111
 245          0.155
 246          0.119
 247          0.044
 248          0.054
 249          0.046
 250          0.063
 251          0.079
 252          0.066
 253          0.067
 254          0.085
 255          0.069
 256          0.064
 257          0.078
 258          0.077
 259          0.069
 260          0.060
 261          0.105
 262          0.154
 263          0.129
 264          0.123
 265          0.084
 266          0.080
 267          0.068
 268          0.058
 269          0.082
 270          0.108
 271          0.175
 272          0.207
 273          0.145
 274          0.077
 275          0.062
 276          0.062
 277          0.057
 278          0.079
 279          0.094
 280          0.093
 281          0.085
 282          0.087
 283          0.065
 284          0.022
 285          0.034
 286          0.053
 287          0.062
 288          0.101
 289          0.104
 290          0.053
 291          0.108
 292          0.120
 293          0.098
 294          0.074
 295          0.074
 296          0.127
 297          0.102
 298          0.089
 299          0.064
 300          0.050
 301          0.038
 302          0.119
 303          0.080
 304          0.060
 305          0.079
 306          0.119
 307          0.102
 308          0.106
 309          0.077
 310          0.114
 311          0.107
 312          0.103
 313          0.264
 314          0.282
 315          0.191
 316          0.151
 317          0.099
 318          0.091
 319          0.075
 320          0.100
 321          0.122
 322          0.171
 323          0.177
 324          0.186
 325          0.150
 326          0.136
 327          0.131
 328          0.121
 329          0.071
 330          0.052
 331          0.095
 332          0.066
 333          0.065
 334          0.112
 335          0.100
 336          0.184
 337          0.111
 338          0.092
 339          0.046
 340          0.037
 341          0.059
 342          0.103
 343          0.079
 344          0.094
 345          0.101
 346          0.116
 347          0.105
 348          0.059
 349          0.080
 350          0.073
 351          0.073
 352          0.123
 353          0.157
 354          0.073
 355          0.069
 356          0.066
 357          0.076
 358          0.111
 359          0.060
 360          0.080
 361          0.119
 362          0.122
 363          0.135
 364          0.109
 365          0.131
 366          0.148
 367          0.119
 368          0.094
 369          0.051
 370          0.073
 371          0.090
 372          0.091
 373          0.047
 374          0.051
 375          0.058
 376          0.041
 377          0.056
 378          0.061
 379          0.053
 380          0.045
 381          0.069
 382          0.050
 383          0.063
 384          0.078
 385          0.103
 386          0.128
 387          0.065
 388          0.066
 389          0.083
 390          0.100
 391          0.070
 392          0.152
 393          0.220
 394          0.209
 395          0.194
 396          0.154
 397          0.114
 398          0.106
 399          0.132
 400          0.059
 401          0.071
 402          0.140
 403          0.162
 404          0.126
 405          0.149
 406          0.142
 407          0.087
 408          0.090
 409          0.102
 410          0.099
 411          0.109
 412          0.131
 413          0.111
 414          0.064
 415          0.079
 416          0.098
 417          0.120
 418          0.117
 419          0.090
 420          0.060
 421          0.084
 422          0.097
 423          0.126
 424          0.090
 425          0.060
 426          0.051
 427          0.088
 428          0.097
 429          0.061
 430          0.145
 431          0.189
 432          0.096
 433          0.115
 434          0.071
 435          0.089
 436          0.110
 437          0.080
 438          0.105
 439          0.179
 440          0.230
 441          0.189
 442          0.113
 443          0.111
 444          0.145
 445          0.171
 446          0.119
 447          0.078
 448          0.053
 449          0.074
 450          0.045
 451          0.056
 452          0.091
 453          0.062
 454          0.034
 455          0.091
 456          0.132
 457          0.152
 458          0.184
 459          0.273
 460          0.212
 461          0.163
 462          0.171
 463          0.149
 464          0.143
 465          0.148
 466          0.119
 467          0.122
 468          0.125
 469          0.117
 470          0.088
 471          0.093
 472          0.092
 473          0.103
 474          0.200
 475          0.272
 476          0.180
 477          0.052
 478          0.116
 479          0.083
 480          0.147
 481          0.220
 482          0.224
 483          0.155
 484          0.080
 485          0.034
 486          0.081
 487          0.070

# Average distance: 0.104 nm
