# Atom index    Distance (nm)
   1          0.155
   2          0.136
   3          0.095
   4          0.036
   5          0.021
   6          0.021
   7          0.024
   8          0.022
   9          0.008
  10          0.033
  11          0.026
  12          0.024
  13          0.085
  14          0.095
  15          0.027
  16          0.046
  17          0.029
  18          0.050
  19          0.045
  20          0.064
  21          0.091
  22          0.149
  23          0.101
  24          0.084
  25          0.046
  26          0.061
  27          0.020
  28          0.039
  29          0.066
  30          0.034
  31          0.035
  32          0.063
  33          0.096
  34          0.090
  35          0.085
  36          0.020
  37          0.034
  38          0.027
  39          0.043
  40          0.031
  41          0.035
  42          0.033
  43          0.010
  44          0.050
  45          0.150
  46          0.328
  47          0.192
  48          0.097
  49          0.086
  50          0.141
  51          0.094
  52          0.050
  53          0.035
  54          0.092
  55          0.068
  56          0.043
  57          0.021
  58          0.034
  59          0.075
  60          0.076
  61          0.078
  62          0.069
  63          0.050
  64          0.048
  65          0.036
  66          0.042
  67          0.055
  68          0.096
  69          0.043
  70          0.054
  71          0.041
  72          0.041
  73          0.046
  74          0.041
  75          0.049
  76          0.042
  77          0.076
  78          0.062
  79          0.053
  80          0.065
  81          0.058
  82          0.037
  83          0.023
  84          0.024
  85          0.018
  86          0.026
  87          0.014
  88          0.035
  89          0.085
  90          0.112
  91          0.105
  92          0.101
  93          0.096
  94          0.046
  95          0.062
  96          0.062
  97          0.060
  98          0.035
  99          0.030
 100          0.023
 101          0.046
 102          0.045
 103          0.049
 104          0.035
 105          0.059
 106          0.046
 107          0.021
 108          0.060
 109          0.073
 110          0.097
 111          0.063
 112          0.023
 113          0.040
 114          0.090
 115          0.050
 116          0.049
 117          0.041
 118          0.056
 119          0.108
 120          0.075
 121          0.092
 122          0.080
 123          0.050
 124          0.043
 125          0.070
 126          0.056
 127          0.043
 128          0.075
 129          0.047
 130          0.043
 131          0.049
 132          0.034
 133          0.043
 134          0.030
 135          0.027
 136          0.022
 137          0.030
 138          0.010
 139          0.076
 140          0.071
 141          0.112
 142          0.059
 143          0.092
 144          0.068
 145          0.037
 146          0.036
 147          0.032
 148          0.035
 149          0.031
 150          0.029
 151          0.072
 152          0.059
 153          0.057
 154          0.088
 155          0.076
 156          0.081
 157          0.067
 158          0.083
 159          0.037
 160          0.020
 161          0.038
 162          0.020
 163          0.061
 164          0.078
 165          0.066
 166          0.105
 167          0.072
 168          0.025
 169          0.041
 170          0.056
 171          0.024
 172          0.080
 173          0.074
 174          0.075
 175          0.045
 176          0.017
 177          0.069
 178          0.095
 179          0.098
 180          0.061
 181          0.034
 182          0.090
 183          0.087
 184          0.086
 185          0.080
 186          0.049
 187          0.048
 188          0.089
 189          0.054
 190          0.049
 191          0.057
 192          0.174
 193          0.111
 194          0.106
 195          0.073
 196          0.071
 197          0.086
 198          0.090
 199          0.078
 200          0.037
 201          0.099
 202          0.152
 203          0.076
 204          0.040
 205          0.089
 206          0.101
 207          0.112
 208          0.061
 209          0.041
 210          0.067
 211          0.078
 212          0.043
 213          0.050
 214          0.050
 215          0.090
 216          0.036
 217          0.036
 218          0.081
 219          0.082
 220          0.073
 221          0.131
 222          0.137
 223          0.074
 224          0.047
 225          0.072
 226          0.089
 227          0.083
 228          0.098
 229          0.131
 230          0.095
 231          0.126
 232          0.056
 233          0.055
 234          0.040
 235          0.027
 236          0.073
 237          0.093
 238          0.089
 239          0.116
 240          0.040
 241          0.091
 242          0.054
 243          0.164
 244          0.152
 245          0.057
 246          0.021
 247          0.077
 248          0.066
 249          0.062
 250          0.040
 251          0.047
 252          0.051
 253          0.045
 254          0.050
 255          0.031
 256          0.046
 257          0.074
 258          0.049
 259          0.076
 260          0.075
 261          0.058
 262          0.036
 263          0.096
 264          0.113
 265          0.105
 266          0.069
 267          0.030
 268          0.049
 269          0.040
 270          0.037
 271          0.081
 272          0.111
 273          0.071
 274          0.063
 275          0.045
 276          0.033
 277          0.026
 278          0.046
 279          0.071
 280          0.143
 281          0.096
 282          0.138
 283          0.054
 284          0.077
 285          0.028
 286          0.013
 287          0.062
 288          0.061
 289          0.066
 290          0.077
 291          0.042
 292          0.058
 293          0.061
 294          0.039
 295          0.083
 296          0.076
 297          0.035
 298          0.050
 299          0.061
 300          0.050
 301          0.053
 302          0.061
 303          0.060
 304          0.069
 305          0.061
 306          0.059
 307          0.074
 308          0.072
 309          0.063
 310          0.053
 311          0.072
 312          0.077
 313          0.034
 314          0.073
 315          0.076
 316          0.063
 317          0.048
 318          0.074
 319          0.102
 320          0.028
 321          0.094
 322          0.155
 323          0.088
 324          0.087
 325          0.065
 326          0.102
 327          0.066
 328          0.028
 329          0.076
 330          0.088
 331          0.071
 332          0.038
 333          0.013
 334          0.045
 335          0.076
 336          0.054
 337          0.074
 338          0.041
 339          0.061
 340          0.067
 341          0.036
 342          0.031
 343          0.049
 344          0.024
 345          0.024
 346          0.075
 347          0.079
 348          0.074
 349          0.042
 350          0.037
 351          0.041
 352          0.040
 353          0.039
 354          0.047
 355          0.019
 356          0.044
 357          0.019
 358          0.031
 359          0.074
 360          0.083
 361          0.105
 362          0.129
 363          0.099
 364          0.101
 365          0.055
 366          0.087
 367          0.062
 368          0.048
 369          0.018
 370          0.023
 371          0.045
 372          0.060
 373          0.088
 374          0.073
 375          0.046
 376          0.037
 377          0.040
 378          0.045
 379          0.064
 380          0.078
 381          0.058
 382          0.071
 383          0.024
 384          0.100
 385          0.073
 386          0.057
 387          0.042
 388          0.026
 389          0.047
 390          0.045
 391          0.080
 392          0.078
 393          0.131
 394          0.122
 395          0.070
 396          0.018
 397          0.055
 398          0.024
 399          0.018
 400          0.013
 401          0.021
 402          0.026
 403          0.083
 404          0.026
 405          0.104
 406          0.098
 407          0.061
 408          0.052
 409          0.037
 410          0.068
 411          0.050
 412          0.054
 413          0.051
 414          0.051
 415          0.031
 416          0.069
 417          0.051
 418          0.064
 419          0.062
 420          0.043
 421          0.061
 422          0.065
 423          0.092
 424          0.061
 425          0.070
 426          0.071
 427          0.063
 428          0.047
 429          0.054
 430          0.388
 431          0.305
 432          0.197
 433          0.100
 434          0.053
 435          0.047
 436          0.006
 437          0.048
 438          0.106
 439          0.104
 440          0.094
 441          0.086
 442          0.060
 443          0.051
 444          0.103
 445          0.102
 446          0.094
 447          0.082
 448          0.076
 449          0.084
 450          0.038
 451          0.034
 452          0.040
 453          0.042
 454          0.047
 455          0.060
 456          0.057
 457          0.056
 458          0.065
 459          0.092
 460          0.082
 461          0.087
 462          0.085
 463          0.078
 464          0.048
 465          0.066
 466          0.053
 467          0.046
 468          0.089
 469          0.089
 470          0.041
 471          0.020
 472          0.060
 473          0.076
 474          0.028
 475          0.135
 476          0.121
 477          0.101
 478          0.150
 479          0.113
 480          0.057
 481          0.075
 482          0.047
 483          0.042
 484          0.054
 485          0.045
 486          0.033
 487          0.026

# Average distance: 0.065 nm
