# Atom index    Distance (nm)
   1          0.189
   2          0.212
   3          0.132
   4          0.070
   5          0.016
   6          0.031
   7          0.064
   8          0.060
   9          0.076
  10          0.071
  11          0.082
  12          0.074
  13          0.097
  14          0.108
  15          0.086
  16          0.106
  17          0.064
  18          0.059
  19          0.061
  20          0.125
  21          0.157
  22          0.215
  23          0.205
  24          0.171
  25          0.073
  26          0.087
  27          0.088
  28          0.074
  29          0.071
  30          0.058
  31          0.105
  32          0.036
  33          0.023
  34          0.031
  35          0.046
  36          0.060
  37          0.062
  38          0.042
  39          0.047
  40          0.052
  41          0.074
  42          0.042
  43          0.037
  44          0.025
  45          0.051
  46          0.066
  47          0.086
  48          0.093
  49          0.209
  50          0.215
  51          0.107
  52          0.104
  53          0.064
  54          0.075
  55          0.059
  56          0.064
  57          0.050
  58          0.033
  59          0.076
  60          0.025
  61          0.057
  62          0.057
  63          0.056
  64          0.055
  65          0.117
  66          0.092
  67          0.088
  68          0.192
  69          0.143
  70          0.144
  71          0.092
  72          0.124
  73          0.042
  74          0.043
  75          0.055
  76          0.059
  77          0.077
  78          0.078
  79          0.081
  80          0.055
  81          0.066
  82          0.080
  83          0.050
  84          0.084
  85          0.064
  86          0.037
  87          0.054
  88          0.073
  89          0.078
  90          0.070
  91          0.070
  92          0.070
  93          0.057
  94          0.050
  95          0.043
  96          0.060
  97          0.042
  98          0.043
  99          0.042
 100          0.054
 101          0.059
 102          0.063
 103          0.083
 104          0.069
 105          0.089
 106          0.085
 107          0.095
 108          0.117
 109          0.101
 110          0.106
 111          0.130
 112          0.117
 113          0.111
 114          0.128
 115          0.100
 116          0.067
 117          0.039
 118          0.099
 119          0.163
 120          0.026
 121          0.079
 122          0.106
 123          0.126
 124          0.053
 125          0.027
 126          0.082
 127          0.063
 128          0.080
 129          0.052
 130          0.041
 131          0.055
 132          0.102
 133          0.039
 134          0.085
 135          0.032
 136          0.027
 137          0.026
 138          0.054
 139          0.057
 140          0.063
 141          0.067
 142          0.121
 143          0.095
 144          0.061
 145          0.071
 146          0.069
 147          0.044
 148          0.059
 149          0.101
 150          0.111
 151          0.150
 152          0.091
 153          0.080
 154          0.079
 155          0.054
 156          0.071
 157          0.053
 158          0.045
 159          0.048
 160          0.056
 161          0.079
 162          0.046
 163          0.020
 164          0.040
 165          0.030
 166          0.039
 167          0.045
 168          0.064
 169          0.066
 170          0.063
 171          0.074
 172          0.059
 173          0.093
 174          0.120
 175          0.148
 176          0.170
 177          0.089
 178          0.120
 179          0.133
 180          0.123
 181          0.100
 182          0.114
 183          0.103
 184          0.079
 185          0.038
 186          0.026
 187          0.075
 188          0.062
 189          0.061
 190          0.070
 191          0.097
 192          0.111
 193          0.082
 194          0.103
 195          0.081
 196          0.072
 197          0.112
 198          0.127
 199          0.174
 200          0.102
 201          0.128
 202          0.158
 203          0.110
 204          0.080
 205          0.073
 206          0.069
 207          0.080
 208          0.108
 209          0.073
 210          0.113
 211          0.134
 212          0.096
 213          0.037
 214          0.038
 215          0.063
 216          0.071
 217          0.079
 218          0.039
 219          0.034
 220          0.070
 221          0.066
 222          0.086
 223          0.077
 224          0.047
 225          0.061
 226          0.071
 227          0.076
 228          0.079
 229          0.208
 230          0.402
 231          0.263
 232          0.084
 233          0.041
 234          0.058
 235          0.062
 236          0.098
 237          0.162
 238          0.246
 239          0.104
 240          0.040
 241          0.062
 242          0.080
 243          0.103
 244          0.128
 245          0.109
 246          0.043
 247          0.067
 248          0.067
 249          0.069
 250          0.084
 251          0.019
 252          0.037
 253          0.030
 254          0.053
 255          0.063
 256          0.059
 257          0.100
 258          0.077
 259          0.090
 260          0.162
 261          0.172
 262          0.240
 263          0.282
 264          0.236
 265          0.114
 266          0.083
 267          0.026
 268          0.039
 269          0.044
 270          0.104
 271          0.158
 272          0.149
 273          0.104
 274          0.089
 275          0.106
 276          0.066
 277          0.076
 278          0.242
 279          0.196
 280          0.206
 281          0.213
 282          0.122
 283          0.104
 284          0.085
 285          0.055
 286          0.050
 287          0.068
 288          0.058
 289          0.067
 290          0.096
 291          0.110
 292          0.081
 293          0.089
 294          0.110
 295          0.104
 296          0.046
 297          0.058
 298          0.076
 299          0.091
 300          0.087
 301          0.066
 302          0.054
 303          0.028
 304          0.044
 305          0.067
 306          0.075
 307          0.092
 308          0.082
 309          0.079
 310          0.106
 311          0.069
 312          0.084
 313          0.115
 314          0.013
 315          0.047
 316          0.041
 317          0.050
 318          0.072
 319          0.090
 320          0.132
 321          0.145
 322          0.152
 323          0.196
 324          0.204
 325          0.164
 326          0.143
 327          0.091
 328          0.090
 329          0.088
 330          0.064
 331          0.047
 332          0.033
 333          0.049
 334          0.066
 335          0.069
 336          0.043
 337          0.033
 338          0.107
 339          0.085
 340          0.071
 341          0.069
 342          0.072
 343          0.067
 344          0.069
 345          0.062
 346          0.078
 347          0.072
 348          0.084
 349          0.081
 350          0.110
 351          0.128
 352          0.114
 353          0.133
 354          0.133
 355          0.121
 356          0.105
 357          0.059
 358          0.087
 359          0.079
 360          0.120
 361          0.070
 362          0.090
 363          0.128
 364          0.134
 365          0.179
 366          0.227
 367          0.172
 368          0.148
 369          0.153
 370          0.153
 371          0.169
 372          0.124
 373          0.183
 374          0.097
 375          0.075
 376          0.056
 377          0.050
 378          0.099
 379          0.082
 380          0.024
 381          0.015
 382          0.027
 383          0.029
 384          0.017
 385          0.067
 386          0.037
 387          0.031
 388          0.061
 389          0.061
 390          0.056
 391          0.099
 392          0.134
 393          0.128
 394          0.210
 395          0.181
 396          0.204
 397          0.184
 398          0.126
 399          0.113
 400          0.127
 401          0.099
 402          0.066
 403          0.070
 404          0.181
 405          0.088
 406          0.076
 407          0.064
 408          0.142
 409          0.149
 410          0.106
 411          0.119
 412          0.095
 413          0.169
 414          0.127
 415          0.120
 416          0.054
 417          0.052
 418          0.077
 419          0.115
 420          0.174
 421          0.190
 422          0.309
 423          0.395
 424          0.322
 425          0.180
 426          0.188
 427          0.158
 428          0.228
 429          0.223
 430          0.239
 431          0.291
 432          0.304
 433          0.266
 434          0.177
 435          0.152
 436          0.155
 437          0.159
 438          0.177
 439          0.175
 440          0.214
 441          0.072
 442          0.128
 443          0.097
 444          0.095
 445          0.078
 446          0.031
 447          0.072
 448          0.061
 449          0.046
 450          0.025
 451          0.039
 452          0.054
 453          0.052
 454          0.031
 455          0.025
 456          0.033
 457          0.047
 458          0.063
 459          0.110
 460          0.304
 461          0.140
 462          0.128
 463          0.138
 464          0.108
 465          0.099
 466          0.102
 467          0.178
 468          0.153
 469          0.167
 470          0.226
 471          0.149
 472          0.102
 473          0.112
 474          0.185
 475          0.278
 476          0.229
 477          0.240
 478          0.229
 479          0.201
 480          0.181
 481          0.176
 482          0.100
 483          0.104
 484          0.077
 485          0.057
 486          0.046
 487          0.042

# Average distance: 0.098 nm
