# Atom index    Distance (nm)
   1          1.161
   2          0.779
   3          0.398
   4          0.229
   5          0.122
   6          0.094
   7          0.102
   8          0.116
   9          0.097
  10          0.100
  11          0.133
  12          0.105
  13          0.149
  14          0.164
  15          0.138
  16          0.144
  17          0.141
  18          0.121
  19          0.063
  20          0.059
  21          0.198
  22          0.191
  23          0.240
  24          0.129
  25          0.096
  26          0.168
  27          0.138
  28          0.076
  29          0.106
  30          0.144
  31          0.132
  32          0.170
  33          0.176
  34          0.188
  35          0.171
  36          0.133
  37          0.133
  38          0.101
  39          0.097
  40          0.062
  41          0.027
  42          0.029
  43          0.042
  44          0.040
  45          0.142
  46          0.157
  47          0.133
  48          0.215
  49          0.294
  50          0.317
  51          0.240
  52          0.207
  53          0.124
  54          0.030
  55          0.044
  56          0.035
  57          0.060
  58          0.056
  59          0.040
  60          0.067
  61          0.084
  62          0.025
  63          0.043
  64          0.018
  65          0.052
  66          0.034
  67          0.070
  68          0.144
  69          0.146
  70          0.102
  71          0.046
  72          0.037
  73          0.030
  74          0.050
  75          0.028
  76          0.039
  77          0.054
  78          0.077
  79          0.091
  80          0.092
  81          0.084
  82          0.085
  83          0.088
  84          0.026
  85          0.029
  86          0.047
  87          0.114
  88          0.080
  89          0.080
  90          0.054
  91          0.099
  92          0.092
  93          0.085
  94          0.087
  95          0.092
  96          0.098
  97          0.084
  98          0.056
  99          0.067
 100          0.148
 101          0.243
 102          0.076
 103          0.078
 104          0.067
 105          0.073
 106          0.069
 107          0.048
 108          0.130
 109          0.115
 110          0.126
 111          0.109
 112          0.084
 113          0.057
 114          0.063
 115          0.042
 116          0.047
 117          0.044
 118          0.090
 119          0.068
 120          0.136
 121          0.111
 122          0.151
 123          0.078
 124          0.059
 125          0.094
 126          0.096
 127          0.110
 128          0.101
 129          0.139
 130          0.112
 131          0.127
 132          0.123
 133          0.066
 134          0.018
 135          0.008
 136          0.021
 137          0.048
 138          0.048
 139          0.101
 140          0.095
 141          0.163
 142          0.102
 143          0.047
 144          0.108
 145          0.076
 146          0.059
 147          0.037
 148          0.056
 149          0.091
 150          0.112
 151          0.164
 152          0.171
 153          0.114
 154          0.135
 155          0.148
 156          0.091
 157          0.058
 158          0.055
 159          0.046
 160          0.086
 161          0.118
 162          0.175
 163          0.154
 164          0.117
 165          0.130
 166          0.155
 167          0.116
 168          0.062
 169          0.057
 170          0.044
 171          0.042
 172          0.037
 173          0.036
 174          0.075
 175          0.061
 176          0.078
 177          0.045
 178          0.086
 179          0.090
 180          0.106
 181          0.054
 182          0.069
 183          0.012
 184          0.048
 185          0.065
 186          0.041
 187          0.042
 188          0.089
 189          0.096
 190          0.092
 191          0.092
 192          0.077
 193          0.052
 194          0.063
 195          0.058
 196          0.099
 197          0.117
 198          0.154
 199          0.108
 200          0.125
 201          0.110
 202          0.145
 203          0.080
 204          0.072
 205          0.061
 206          0.101
 207          0.120
 208          0.175
 209          0.122
 210          0.104
 211          0.163
 212          0.261
 213          0.207
 214          0.124
 215          0.062
 216          0.088
 217          0.129
 218          0.130
 219          0.077
 220          0.071
 221          0.075
 222          0.097
 223          0.156
 224          0.126
 225          0.139
 226          0.117
 227          0.147
 228          0.152
 229          0.189
 230          0.257
 231          0.143
 232          0.095
 233          0.132
 234          0.077
 235          0.081
 236          0.115
 237          0.172
 238          0.312
 239          0.430
 240          0.350
 241          0.426
 242          0.315
 243          0.255
 244          0.182
 245          0.039
 246          0.076
 247          0.086
 248          0.090
 249          0.100
 250          0.088
 251          0.090
 252          0.084
 253          0.057
 254          0.071
 255          0.095
 256          0.098
 257          0.116
 258          0.114
 259          0.075
 260          0.124
 261          0.234
 262          0.324
 263          0.292
 264          0.275
 265          0.144
 266          0.079
 267          0.093
 268          0.097
 269          0.155
 270          0.243
 271          0.243
 272          0.156
 273          0.104
 274          0.149
 275          0.127
 276          0.112
 277          0.085
 278          0.100
 279          0.109
 280          0.112
 281          0.086
 282          0.032
 283          0.064
 284          0.056
 285          0.086
 286          0.113
 287          0.121
 288          0.086
 289          0.093
 290          0.095
 291          0.143
 292          0.198
 293          0.210
 294          0.113
 295          0.151
 296          0.180
 297          0.195
 298          0.190
 299          0.103
 300          0.121
 301          0.098
 302          0.106
 303          0.111
 304          0.131
 305          0.146
 306          0.143
 307          0.106
 308          0.116
 309          0.076
 310          0.061
 311          0.051
 312          0.056
 313          0.094
 314          0.065
 315          0.089
 316          0.078
 317          0.052
 318          0.069
 319          0.113
 320          0.125
 321          0.127
 322          0.197
 323          0.194
 324          0.149
 325          0.160
 326          0.227
 327          0.151
 328          0.134
 329          0.124
 330          0.070
 331          0.096
 332          0.089
 333          0.085
 334          0.119
 335          0.078
 336          0.136
 337          0.015
 338          0.112
 339          0.107
 340          0.056
 341          0.087
 342          0.096
 343          0.112
 344          0.126
 345          0.110
 346          0.120
 347          0.109
 348          0.064
 349          0.070
 350          0.035
 351          0.088
 352          0.157
 353          0.179
 354          0.192
 355          0.148
 356          0.119
 357          0.074
 358          0.084
 359          0.107
 360          0.080
 361          0.058
 362          0.141
 363          0.207
 364          0.136
 365          0.164
 366          0.229
 367          0.212
 368          0.149
 369          0.079
 370          0.113
 371          0.117
 372          0.084
 373          0.100
 374          0.114
 375          0.056
 376          0.034
 377          0.044
 378          0.056
 379          0.036
 380          0.031
 381          0.016
 382          0.022
 383          0.057
 384          0.039
 385          0.035
 386          0.045
 387          0.040
 388          0.046
 389          0.079
 390          0.149
 391          0.169
 392          0.219
 393          0.399
 394          0.457
 395          0.323
 396          0.189
 397          0.206
 398          0.175
 399          0.184
 400          0.095
 401          0.029
 402          0.079
 403          0.058
 404          0.049
 405          0.067
 406          0.128
 407          0.106
 408          0.086
 409          0.073
 410          0.068
 411          0.105
 412          0.109
 413          0.245
 414          0.190
 415          0.200
 416          0.162
 417          0.064
 418          0.087
 419          0.076
 420          0.129
 421          0.182
 422          0.201
 423          0.146
 424          0.276
 425          0.144
 426          0.167
 427          0.161
 428          0.173
 429          0.170
 430          0.180
 431          0.208
 432          0.187
 433          0.163
 434          0.097
 435          0.114
 436          0.107
 437          0.113
 438          0.117
 439          0.128
 440          0.097
 441          0.072
 442          0.154
 443          0.179
 444          0.153
 445          0.102
 446          0.086
 447          0.070
 448          0.055
 449          0.094
 450          0.122
 451          0.108
 452          0.127
 453          0.125
 454          0.024
 455          0.026
 456          0.094
 457          0.105
 458          0.108
 459          0.129
 460          0.199
 461          0.163
 462          0.072
 463          0.059
 464          0.067
 465          0.048
 466          0.077
 467          0.052
 468          0.122
 469          0.089
 470          0.415
 471          0.039
 472          0.054
 473          0.087
 474          0.080
 475          0.071
 476          0.056
 477          0.054
 478          0.056
 479          0.048
 480          0.018
 481          0.047
 482          0.032
 483          0.046
 484          0.046
 485          0.058
 486          0.070
 487          0.057

# Average distance: 0.115 nm
