# Atom index    Distance (nm)
   1          1.464
   2          1.229
   3          0.494
   4          0.073
   5          0.085
   6          0.079
   7          0.067
   8          0.093
   9          0.095
  10          0.030
  11          0.087
  12          0.079
  13          0.120
  14          0.160
  15          0.197
  16          0.193
  17          0.102
  18          0.079
  19          0.118
  20          0.142
  21          0.143
  22          0.101
  23          0.080
  24          0.062
  25          0.145
  26          0.125
  27          0.083
  28          0.080
  29          0.094
  30          0.250
  31          0.200
  32          0.117
  33          0.081
  34          0.095
  35          0.166
  36          0.168
  37          0.200
  38          0.144
  39          0.154
  40          0.135
  41          0.151
  42          0.134
  43          0.166
  44          0.180
  45          0.193
  46          0.233
  47          0.230
  48          0.255
  49          0.182
  50          0.325
  51          0.191
  52          0.156
  53          0.161
  54          0.126
  55          0.150
  56          0.137
  57          0.175
  58          0.181
  59          0.209
  60          0.250
  61          0.266
  62          0.193
  63          0.192
  64          0.193
  65          0.195
  66          0.102
  67          0.076
  68          0.071
  69          0.128
  70          0.106
  71          0.110
  72          0.111
  73          0.141
  74          0.151
  75          0.149
  76          0.154
  77          0.220
  78          0.241
  79          0.249
  80          0.293
  81          0.264
  82          0.174
  83          0.152
  84          0.112
  85          0.073
  86          0.079
  87          0.064
  88          0.120
  89          0.195
  90          0.109
  91          0.110
  92          0.067
  93          0.104
  94          0.095
  95          0.091
  96          0.068
  97          0.055
  98          0.063
  99          0.071
 100          0.119
 101          0.166
 102          0.154
 103          0.111
 104          0.107
 105          0.108
 106          0.083
 107          0.081
 108          0.086
 109          0.063
 110          0.111
 111          0.099
 112          0.089
 113          0.062
 114          0.115
 115          0.125
 116          0.133
 117          0.138
 118          0.219
 119          0.201
 120          0.191
 121          0.183
 122          0.179
 123          0.115
 124          0.118
 125          0.099
 126          0.108
 127          0.088
 128          0.113
 129          0.147
 130          0.120
 131          0.084
 132          0.062
 133          0.063
 134          0.055
 135          0.059
 136          0.042
 137          0.022
 138          0.018
 139          0.046
 140          0.043
 141          0.176
 142          0.245
 143          0.183
 144          0.122
 145          0.060
 146          0.070
 147          0.065
 148          0.038
 149          0.022
 150          0.036
 151          0.070
 152          0.073
 153          0.040
 154          0.087
 155          0.087
 156          0.063
 157          0.022
 158          0.067
 159          0.101
 160          0.130
 161          0.140
 162          0.125
 163          0.088
 164          0.073
 165          0.054
 166          0.019
 167          0.013
 168          0.038
 169          0.039
 170          0.061
 171          0.045
 172          0.073
 173          0.064
 174          0.126
 175          0.132
 176          0.095
 177          0.147
 178          0.125
 179          0.096
 180          0.136
 181          0.116
 182          0.062
 183          0.055
 184          0.082
 185          0.081
 186          0.040
 187          0.113
 188          0.099
 189          0.106
 190          0.094
 191          0.086
 192          0.100
 193          0.053
 194          0.024
 195          0.062
 196          0.066
 197          0.079
 198          0.087
 199          0.084
 200          0.184
 201          0.195
 202          0.252
 203          0.153
 204          0.140
 205          0.173
 206          0.117
 207          0.083
 208          0.153
 209          0.116
 210          0.075
 211          0.117
 212          0.162
 213          0.139
 214          0.096
 215          0.027
 216          0.107
 217          0.113
 218          0.128
 219          0.111
 220          0.148
 221          0.116
 222          0.127
 223          0.112
 224          0.100
 225          0.087
 226          0.119
 227          0.068
 228          0.041
 229          0.138
 230          0.158
 231          0.110
 232          0.014
 233          0.070
 234          0.094
 235          0.094
 236          0.092
 237          0.084
 238          0.196
 239          0.111
 240          0.125
 241          0.156
 242          0.093
 243          0.175
 244          0.101
 245          0.024
 246          0.076
 247          0.106
 248          0.035
 249          0.026
 250          0.028
 251          0.025
 252          0.042
 253          0.065
 254          0.103
 255          0.115
 256          0.035
 257          0.037
 258          0.036
 259          0.053
 260          0.114
 261          0.140
 262          0.191
 263          0.037
 264          0.111
 265          0.067
 266          0.079
 267          0.029
 268          0.029
 269          0.049
 270          0.111
 271          0.172
 272          0.144
 273          0.071
 274          0.055
 275          0.050
 276          0.045
 277          0.016
 278          0.185
 279          0.149
 280          0.169
 281          0.230
 282          0.062
 283          0.024
 284          0.058
 285          0.052
 286          0.038
 287          0.020
 288          0.022
 289          0.015
 290          0.107
 291          0.145
 292          0.123
 293          0.250
 294          0.385
 295          0.355
 296          0.362
 297          0.308
 298          0.214
 299          0.143
 300          0.103
 301          0.046
 302          0.026
 303          0.045
 304          0.045
 305          0.061
 306          0.062
 307          0.054
 308          0.062
 309          0.066
 310          0.065
 311          0.093
 312          0.125
 313          0.172
 314          0.216
 315          0.161
 316          0.064
 317          0.041
 318          0.045
 319          0.056
 320          0.088
 321          0.096
 322          0.104
 323          0.152
 324          0.173
 325          0.233
 326          0.252
 327          0.178
 328          0.104
 329          0.141
 330          0.140
 331          0.161
 332          0.143
 333          0.124
 334          0.097
 335          0.093
 336          0.117
 337          0.088
 338          0.090
 339          0.079
 340          0.107
 341          0.139
 342          0.182
 343          0.127
 344          0.178
 345          0.217
 346          0.204
 347          0.175
 348          0.166
 349          0.200
 350          0.207
 351          0.153
 352          0.202
 353          0.300
 354          0.236
 355          0.170
 356          0.062
 357          0.086
 358          0.147
 359          0.197
 360          0.209
 361          0.210
 362          0.209
 363          0.188
 364          0.143
 365          0.152
 366          0.171
 367          0.195
 368          0.136
 369          0.136
 370          0.100
 371          0.084
 372          0.034
 373          0.021
 374          0.024
 375          0.064
 376          0.039
 377          0.044
 378          0.036
 379          0.067
 380          0.053
 381          0.064
 382          0.030
 383          0.055
 384          0.113
 385          0.133
 386          0.107
 387          0.090
 388          0.039
 389          0.039
 390          0.049
 391          0.034
 392          0.014
 393          0.029
 394          0.049
 395          0.042
 396          0.039
 397          0.041
 398          0.046
 399          0.068
 400          0.064
 401          0.095
 402          0.161
 403          0.158
 404          0.112
 405          0.062
 406          0.056
 407          0.062
 408          0.060
 409          0.080
 410          0.016
 411          0.033
 412          0.082
 413          0.078
 414          0.070
 415          0.028
 416          0.013
 417          0.022
 418          0.014
 419          0.028
 420          0.063
 421          0.064
 422          0.110
 423          0.111
 424          0.088
 425          0.076
 426          0.078
 427          0.075
 428          0.061
 429          0.095
 430          0.337
 431          0.157
 432          0.250
 433          0.053
 434          0.050
 435          0.055
 436          0.060
 437          0.066
 438          0.121
 439          0.076
 440          0.085
 441          0.129
 442          0.103
 443          0.107
 444          0.072
 445          0.030
 446          0.021
 447          0.090
 448          0.106
 449          0.090
 450          0.062
 451          0.155
 452          0.265
 453          0.119
 454          0.101
 455          0.107
 456          0.097
 457          0.078
 458          0.056
 459          0.127
 460          0.220
 461          0.232
 462          0.148
 463          0.116
 464          0.106
 465          0.094
 466          0.137
 467          0.139
 468          0.200
 469          0.193
 470          0.202
 471          0.159
 472          0.088
 473          0.097
 474          0.074
 475          0.099
 476          0.115
 477          0.088
 478          0.093
 479          0.038
 480          0.122
 481          0.144
 482          0.065
 483          0.040
 484          0.104
 485          0.105
 486          0.111
 487          0.095

# Average distance: 0.117 nm
