# Atom index    Distance (nm)
   1          0.264
   2          0.251
   3          0.225
   4          0.137
   5          0.051
   6          0.040
   7          0.116
   8          0.050
   9          0.066
  10          0.082
  11          0.103
  12          0.118
  13          0.161
  14          0.090
  15          0.139
  16          0.086
  17          0.052
  18          0.078
  19          0.102
  20          0.149
  21          0.176
  22          0.246
  23          0.274
  24          0.287
  25          0.259
  26          0.190
  27          0.151
  28          0.047
  29          0.032
  30          0.135
  31          0.046
  32          0.093
  33          0.153
  34          0.119
  35          0.167
  36          0.154
  37          0.136
  38          0.118
  39          0.149
  40          0.141
  41          0.130
  42          0.090
  43          0.215
  44          0.163
  45          0.351
  46          0.426
  47          0.313
  48          0.263
  49          0.212
  50          0.298
  51          0.132
  52          0.079
  53          0.156
  54          0.158
  55          0.232
  56          0.133
  57          0.138
  58          0.147
  59          0.221
  60          0.269
  61          0.241
  62          0.239
  63          0.199
  64          0.185
  65          0.255
  66          0.240
  67          0.217
  68          0.223
  69          0.150
  70          0.227
  71          0.222
  72          0.183
  73          0.193
  74          0.227
  75          0.237
  76          0.251
  77          0.281
  78          0.354
  79          0.266
  80          0.300
  81          0.280
  82          0.244
  83          0.264
  84          0.263
  85          0.209
  86          0.164
  87          0.119
  88          0.140
  89          0.142
  90          0.105
  91          0.242
  92          0.305
  93          0.189
  94          0.190
  95          0.153
  96          0.113
  97          0.137
  98          0.184
  99          0.223
 100          0.272
 101          0.297
 102          0.225
 103          0.211
 104          0.191
 105          0.165
 106          0.144
 107          0.065
 108          0.097
 109          0.073
 110          0.062
 111          0.113
 112          0.128
 113          0.106
 114          0.113
 115          0.154
 116          0.198
 117          0.178
 118          0.204
 119          0.200
 120          0.157
 121          0.135
 122          0.133
 123          0.150
 124          0.117
 125          0.126
 126          0.114
 127          0.076
 128          0.098
 129          0.077
 130          0.124
 131          0.126
 132          0.159
 133          0.129
 134          0.112
 135          0.088
 136          0.081
 137          0.098
 138          0.101
 139          0.090
 140          0.109
 141          0.095
 142          0.072
 143          0.055
 144          0.089
 145          0.064
 146          0.068
 147          0.068
 148          0.074
 149          0.076
 150          0.111
 151          0.151
 152          0.158
 153          0.138
 154          0.123
 155          0.084
 156          0.060
 157          0.081
 158          0.077
 159          0.088
 160          0.119
 161          0.060
 162          0.120
 163          0.120
 164          0.096
 165          0.110
 166          0.116
 167          0.110
 168          0.092
 169          0.086
 170          0.078
 171          0.090
 172          0.101
 173          0.092
 174          0.096
 175          0.097
 176          0.118
 177          0.148
 178          0.109
 179          0.119
 180          0.049
 181          0.050
 182          0.072
 183          0.074
 184          0.105
 185          0.102
 186          0.088
 187          0.076
 188          0.103
 189          0.118
 190          0.088
 191          0.045
 192          0.068
 193          0.117
 194          0.117
 195          0.108
 196          0.086
 197          0.122
 198          0.135
 199          0.128
 200          0.174
 201          0.190
 202          0.254
 203          0.129
 204          0.076
 205          0.046
 206          0.017
 207          0.053
 208          0.058
 209          0.063
 210          0.043
 211          0.086
 212          0.054
 213          0.043
 214          0.030
 215          0.075
 216          0.107
 217          0.067
 218          0.046
 219          0.052
 220          0.134
 221          0.081
 222          0.063
 223          0.022
 224          0.019
 225          0.046
 226          0.046
 227          0.121
 228          0.100
 229          0.176
 230          0.239
 231          0.208
 232          0.142
 233          0.094
 234          0.067
 235          0.074
 236          0.059
 237          0.211
 238          0.121
 239          0.119
 240          0.119
 241          0.262
 242          0.127
 243          0.197
 244          0.186
 245          0.162
 246          0.088
 247          0.047
 248          0.067
 249          0.092
 250          0.088
 251          0.065
 252          0.075
 253          0.058
 254          0.087
 255          0.098
 256          0.107
 257          0.066
 258          0.066
 259          0.074
 260          0.119
 261          0.229
 262          0.244
 263          0.234
 264          0.166
 265          0.149
 266          0.112
 267          0.097
 268          0.073
 269          0.060
 270          0.112
 271          0.368
 272          0.324
 273          0.277
 274          0.146
 275          0.127
 276          0.141
 277          0.135
 278          0.191
 279          0.184
 280          0.289
 281          0.250
 282          0.207
 283          0.188
 284          0.131
 285          0.039
 286          0.047
 287          0.084
 288          0.073
 289          0.099
 290          0.088
 291          0.204
 292          0.231
 293          0.201
 294          0.375
 295          0.359
 296          0.253
 297          0.292
 298          0.235
 299          0.175
 300          0.179
 301          0.127
 302          0.126
 303          0.036
 304          0.157
 305          0.045
 306          0.087
 307          0.079
 308          0.087
 309          0.065
 310          0.143
 311          0.158
 312          0.167
 313          0.235
 314          0.247
 315          0.197
 316          0.207
 317          0.109
 318          0.089
 319          0.108
 320          0.135
 321          0.124
 322          0.110
 323          0.155
 324          0.268
 325          0.322
 326          0.279
 327          0.225
 328          0.183
 329          0.230
 330          0.151
 331          0.157
 332          0.165
 333          0.129
 334          0.166
 335          0.170
 336          0.130
 337          0.073
 338          0.119
 339          0.116
 340          0.162
 341          0.152
 342          0.191
 343          0.157
 344          0.165
 345          0.196
 346          0.247
 347          0.242
 348          0.198
 349          0.178
 350          0.182
 351          0.201
 352          0.222
 353          0.231
 354          0.134
 355          0.132
 356          0.133
 357          0.132
 358          0.116
 359          0.123
 360          0.266
 361          0.279
 362          0.287
 363          0.301
 364          0.219
 365          0.204
 366          0.195
 367          0.173
 368          0.139
 369          0.116
 370          0.135
 371          0.106
 372          0.058
 373          0.109
 374          0.093
 375          0.079
 376          0.072
 377          0.058
 378          0.116
 379          0.107
 380          0.060
 381          0.089
 382          0.114
 383          0.143
 384          0.180
 385          0.181
 386          0.180
 387          0.156
 388          0.135
 389          0.113
 390          0.121
 391          0.179
 392          0.272
 393          0.295
 394          0.460
 395          0.346
 396          0.225
 397          0.237
 398          0.156
 399          0.206
 400          0.197
 401          0.182
 402          0.164
 403          0.139
 404          0.131
 405          0.091
 406          0.094
 407          0.066
 408          0.049
 409          0.087
 410          0.070
 411          0.061
 412          0.035
 413          0.063
 414          0.037
 415          0.044
 416          0.037
 417          0.038
 418          0.028
 419          0.062
 420          0.077
 421          0.065
 422          0.156
 423          0.132
 424          0.123
 425          0.118
 426          0.097
 427          0.089
 428          0.086
 429          0.067
 430          0.166
 431          0.151
 432          0.168
 433          0.082
 434          0.156
 435          0.107
 436          0.107
 437          0.111
 438          0.071
 439          0.082
 440          0.077
 441          0.121
 442          0.066
 443          0.043
 444          0.051
 445          0.045
 446          0.091
 447          0.096
 448          0.129
 449          0.147
 450          0.172
 451          0.229
 452          0.315
 453          0.159
 454          0.178
 455          0.142
 456          0.103
 457          0.143
 458          0.130
 459          0.096
 460          0.151
 461          0.154
 462          0.111
 463          0.146
 464          0.139
 465          0.149
 466          0.208
 467          0.265
 468          0.344
 469          0.325
 470          0.288
 471          0.209
 472          0.175
 473          0.167
 474          0.100
 475          0.176
 476          0.133
 477          0.151
 478          0.189
 479          0.230
 480          0.259
 481          0.220
 482          0.221
 483          0.181
 484          0.163
 485          0.117
 486          0.130
 487          0.028

# Average distance: 0.145 nm
