# Atom index    Distance (nm)
   1          0.954
   2          0.433
   3          0.221
   4          0.117
   5          0.047
   6          0.056
   7          0.033
   8          0.040
   9          0.062
  10          0.066
  11          0.046
  12          0.113
  13          0.133
  14          0.130
  15          0.068
  16          0.051
  17          0.019
  18          0.067
  19          0.041
  20          0.050
  21          0.118
  22          0.241
  23          0.130
  24          0.086
  25          0.102
  26          0.110
  27          0.101
  28          0.084
  29          0.086
  30          0.095
  31          0.053
  32          0.081
  33          0.070
  34          0.073
  35          0.056
  36          0.030
  37          0.033
  38          0.027
  39          0.031
  40          0.045
  41          0.079
  42          0.052
  43          0.077
  44          0.081
  45          0.160
  46          0.248
  47          0.112
  48          0.117
  49          0.270
  50          0.247
  51          0.177
  52          0.195
  53          0.083
  54          0.087
  55          0.085
  56          0.037
  57          0.054
  58          0.042
  59          0.076
  60          0.105
  61          0.080
  62          0.074
  63          0.076
  64          0.052
  65          0.038
  66          0.111
  67          0.161
  68          0.230
  69          0.186
  70          0.160
  71          0.103
  72          0.094
  73          0.026
  74          0.055
  75          0.076
  76          0.100
  77          0.133
  78          0.240
  79          0.119
  80          0.096
  81          0.100
  82          0.074
  83          0.032
  84          0.034
  85          0.033
  86          0.052
  87          0.047
  88          0.041
  89          0.102
  90          0.107
  91          0.159
  92          0.129
  93          0.126
  94          0.093
  95          0.062
  96          0.056
  97          0.061
  98          0.095
  99          0.068
 100          0.085
 101          0.083
 102          0.079
 103          0.072
 104          0.088
 105          0.057
 106          0.090
 107          0.056
 108          0.010
 109          0.033
 110          0.038
 111          0.072
 112          0.052
 113          0.075
 114          0.094
 115          0.064
 116          0.127
 117          0.062
 118          0.073
 119          0.088
 120          0.142
 121          0.110
 122          0.067
 123          0.082
 124          0.094
 125          0.063
 126          0.078
 127          0.065
 128          0.063
 129          0.025
 130          0.047
 131          0.044
 132          0.073
 133          0.015
 134          0.019
 135          0.005
 136          0.047
 137          0.032
 138          0.027
 139          0.033
 140          0.031
 141          0.029
 142          0.018
 143          0.043
 144          0.040
 145          0.077
 146          0.038
 147          0.052
 148          0.025
 149          0.025
 150          0.043
 151          0.081
 152          0.088
 153          0.135
 154          0.112
 155          0.113
 156          0.060
 157          0.034
 158          0.058
 159          0.033
 160          0.041
 161          0.028
 162          0.040
 163          0.074
 164          0.061
 165          0.075
 166          0.121
 167          0.069
 168          0.040
 169          0.024
 170          0.035
 171          0.028
 172          0.039
 173          0.028
 174          0.040
 175          0.052
 176          0.087
 177          0.106
 178          0.110
 179          0.096
 180          0.045
 181          0.050
 182          0.027
 183          0.024
 184          0.020
 185          0.035
 186          0.042
 187          0.053
 188          0.042
 189          0.051
 190          0.030
 191          0.030
 192          0.055
 193          0.044
 194          0.050
 195          0.055
 196          0.055
 197          0.042
 198          0.046
 199          0.065
 200          0.058
 201          0.045
 202          0.048
 203          0.060
 204          0.071
 205          0.083
 206          0.030
 207          0.033
 208          0.033
 209          0.029
 210          0.010
 211          0.099
 212          0.215
 213          0.137
 214          0.032
 215          0.022
 216          0.037
 217          0.033
 218          0.035
 219          0.104
 220          0.141
 221          0.059
 222          0.047
 223          0.063
 224          0.048
 225          0.014
 226          0.030
 227          0.013
 228          0.108
 229          0.168
 230          0.181
 231          0.130
 232          0.055
 233          0.072
 234          0.061
 235          0.065
 236          0.041
 237          0.063
 238          0.174
 239          0.213
 240          0.183
 241          0.265
 242          0.194
 243          0.187
 244          0.078
 245          0.021
 246          0.040
 247          0.085
 248          0.060
 249          0.056
 250          0.049
 251          0.054
 252          0.031
 253          0.007
 254          0.010
 255          0.025
 256          0.066
 257          0.036
 258          0.034
 259          0.039
 260          0.026
 261          0.016
 262          0.076
 263          0.058
 264          0.031
 265          0.041
 266          0.036
 267          0.013
 268          0.038
 269          0.057
 270          0.065
 271          0.034
 272          0.026
 273          0.061
 274          0.045
 275          0.041
 276          0.036
 277          0.023
 278          0.037
 279          0.031
 280          0.077
 281          0.106
 282          0.088
 283          0.051
 284          0.071
 285          0.042
 286          0.040
 287          0.045
 288          0.051
 289          0.023
 290          0.027
 291          0.032
 292          0.043
 293          0.050
 294          0.098
 295          0.133
 296          0.107
 297          0.078
 298          0.051
 299          0.032
 300          0.010
 301          0.038
 302          0.106
 303          0.082
 304          0.070
 305          0.065
 306          0.083
 307          0.077
 308          0.036
 309          0.054
 310          0.021
 311          0.120
 312          0.125
 313          0.137
 314          0.106
 315          0.062
 316          0.052
 317          0.046
 318          0.038
 319          0.076
 320          0.045
 321          0.027
 322          0.069
 323          0.127
 324          0.073
 325          0.079
 326          0.075
 327          0.062
 328          0.037
 329          0.037
 330          0.015
 331          0.030
 332          0.039
 333          0.031
 334          0.018
 335          0.059
 336          0.050
 337          0.048
 338          0.042
 339          0.094
 340          0.083
 341          0.072
 342          0.142
 343          0.168
 344          0.220
 345          0.147
 346          0.120
 347          0.104
 348          0.074
 349          0.059
 350          0.056
 351          0.068
 352          0.113
 353          0.136
 354          0.118
 355          0.050
 356          0.051
 357          0.046
 358          0.060
 359          0.131
 360          0.097
 361          0.076
 362          0.045
 363          0.059
 364          0.043
 365          0.059
 366          0.034
 367          0.087
 368          0.027
 369          0.058
 370          0.046
 371          0.028
 372          0.039
 373          0.038
 374          0.048
 375          0.088
 376          0.077
 377          0.069
 378          0.051
 379          0.047
 380          0.033
 381          0.043
 382          0.041
 383          0.045
 384          0.042
 385          0.060
 386          0.076
 387          0.079
 388          0.037
 389          0.039
 390          0.052
 391          0.053
 392          0.052
 393          0.065
 394          0.089
 395          0.064
 396          0.045
 397          0.042
 398          0.040
 399          0.037
 400          0.034
 401          0.066
 402          0.064
 403          0.047
 404          0.033
 405          0.046
 406          0.029
 407          0.027
 408          0.032
 409          0.038
 410          0.025
 411          0.023
 412          0.055
 413          0.079
 414          0.106
 415          0.094
 416          0.067
 417          0.043
 418          0.023
 419          0.033
 420          0.046
 421          0.057
 422          0.070
 423          0.030
 424          0.055
 425          0.040
 426          0.073
 427          0.049
 428          0.047
 429          0.063
 430          0.033
 431          0.121
 432          0.128
 433          0.081
 434          0.011
 435          0.039
 436          0.048
 437          0.066
 438          0.059
 439          0.036
 440          0.062
 441          0.035
 442          0.060
 443          0.072
 444          0.056
 445          0.054
 446          0.071
 447          0.065
 448          0.066
 449          0.072
 450          0.059
 451          0.077
 452          0.079
 453          0.080
 454          0.057
 455          0.059
 456          0.076
 457          0.081
 458          0.084
 459          0.072
 460          0.073
 461          0.050
 462          0.055
 463          0.042
 464          0.051
 465          0.067
 466          0.057
 467          0.094
 468          0.153
 469          0.093
 470          0.144
 471          0.092
 472          0.041
 473          0.015
 474          0.052
 475          0.097
 476          0.052
 477          0.037
 478          0.047
 479          0.047
 480          0.073
 481          0.047
 482          0.052
 483          0.090
 484          0.106
 485          0.059
 486          0.055
 487          0.039

# Average distance: 0.071 nm
