# Atom index    Distance (nm)
   1          1.117
   2          1.076
   3          0.837
   4          0.132
   5          0.077
   6          0.058
   7          0.047
   8          0.027
   9          0.059
  10          0.026
  11          0.047
  12          0.050
  13          0.078
  14          0.074
  15          0.075
  16          0.063
  17          0.022
  18          0.016
  19          0.038
  20          0.057
  21          0.114
  22          0.164
  23          0.157
  24          0.171
  25          0.111
  26          0.096
  27          0.058
  28          0.037
  29          0.031
  30          0.085
  31          0.037
  32          0.032
  33          0.075
  34          0.058
  35          0.069
  36          0.079
  37          0.056
  38          0.059
  39          0.065
  40          0.021
  41          0.040
  42          0.053
  43          0.083
  44          0.068
  45          0.124
  46          0.133
  47          0.160
  48          0.123
  49          0.125
  50          0.154
  51          0.134
  52          0.057
  53          0.034
  54          0.068
  55          0.095
  56          0.118
  57          0.098
  58          0.083
  59          0.082
  60          0.176
  61          0.166
  62          0.122
  63          0.109
  64          0.098
  65          0.136
  66          0.179
  67          0.203
  68          0.098
  69          0.128
  70          0.166
  71          0.145
  72          0.143
  73          0.111
  74          0.085
  75          0.100
  76          0.105
  77          0.115
  78          0.117
  79          0.219
  80          0.168
  81          0.217
  82          0.168
  83          0.113
  84          0.092
  85          0.064
  86          0.090
  87          0.108
  88          0.234
  89          0.180
  90          0.130
  91          0.130
  92          0.140
  93          0.114
  94          0.085
  95          0.089
  96          0.091
  97          0.080
  98          0.100
  99          0.091
 100          0.070
 101          0.070
 102          0.072
 103          0.145
 104          0.159
 105          0.134
 106          0.090
 107          0.096
 108          0.070
 109          0.110
 110          0.081
 111          0.085
 112          0.135
 113          0.050
 114          0.112
 115          0.138
 116          0.188
 117          0.158
 118          0.224
 119          0.168
 120          0.134
 121          0.091
 122          0.086
 123          0.051
 124          0.070
 125          0.057
 126          0.051
 127          0.054
 128          0.042
 129          0.066
 130          0.047
 131          0.061
 132          0.104
 133          0.125
 134          0.069
 135          0.056
 136          0.045
 137          0.088
 138          0.084
 139          0.050
 140          0.049
 141          0.094
 142          0.083
 143          0.060
 144          0.073
 145          0.073
 146          0.029
 147          0.034
 148          0.026
 149          0.061
 150          0.075
 151          0.121
 152          0.169
 153          0.196
 154          0.123
 155          0.079
 156          0.048
 157          0.042
 158          0.043
 159          0.042
 160          0.153
 161          0.097
 162          0.105
 163          0.133
 164          0.090
 165          0.027
 166          0.019
 167          0.024
 168          0.024
 169          0.011
 170          0.026
 171          0.060
 172          0.054
 173          0.059
 174          0.082
 175          0.107
 176          0.174
 177          0.206
 178          0.197
 179          0.170
 180          0.105
 181          0.108
 182          0.056
 183          0.017
 184          0.035
 185          0.048
 186          0.019
 187          0.021
 188          0.042
 189          0.039
 190          0.019
 191          0.046
 192          0.066
 193          0.110
 194          0.102
 195          0.043
 196          0.028
 197          0.072
 198          0.094
 199          0.157
 200          0.126
 201          0.146
 202          0.149
 203          0.127
 204          0.117
 205          0.148
 206          0.149
 207          0.147
 208          0.119
 209          0.095
 210          0.158
 211          0.060
 212          0.184
 213          0.205
 214          0.144
 215          0.115
 216          0.114
 217          0.141
 218          0.147
 219          0.149
 220          0.212
 221          0.237
 222          0.190
 223          0.178
 224          0.148
 225          0.107
 226          0.136
 227          0.063
 228          0.044
 229          0.095
 230          0.120
 231          0.090
 232          0.056
 233          0.056
 234          0.071
 235          0.105
 236          0.118
 237          0.127
 238          0.165
 239          0.310
 240          0.204
 241          0.163
 242          0.201
 243          0.196
 244          0.131
 245          0.160
 246          0.159
 247          0.150
 248          0.084
 249          0.049
 250          0.055
 251          0.097
 252          0.098
 253          0.090
 254          0.170
 255          0.171
 256          0.086
 257          0.091
 258          0.091
 259          0.080
 260          0.058
 261          0.050
 262          0.141
 263          0.181
 264          0.178
 265          0.094
 266          0.083
 267          0.070
 268          0.056
 269          0.072
 270          0.102
 271          0.155
 272          0.174
 273          0.099
 274          0.110
 275          0.034
 276          0.018
 277          0.046
 278          0.039
 279          0.013
 280          0.039
 281          0.090
 282          0.066
 283          0.041
 284          0.047
 285          0.043
 286          0.053
 287          0.073
 288          0.091
 289          0.064
 290          0.080
 291          0.106
 292          0.065
 293          0.043
 294          0.154
 295          0.154
 296          0.211
 297          0.234
 298          0.090
 299          0.082
 300          0.044
 301          0.045
 302          0.066
 303          0.059
 304          0.046
 305          0.035
 306          0.046
 307          0.064
 308          0.073
 309          0.032
 310          0.033
 311          0.020
 312          0.070
 313          0.132
 314          0.078
 315          0.076
 316          0.060
 317          0.021
 318          0.025
 319          0.080
 320          0.074
 321          0.052
 322          0.061
 323          0.042
 324          0.032
 325          0.070
 326          0.057
 327          0.036
 328          0.019
 329          0.078
 330          0.052
 331          0.075
 332          0.073
 333          0.051
 334          0.077
 335          0.136
 336          0.040
 337          0.052
 338          0.054
 339          0.044
 340          0.045
 341          0.044
 342          0.036
 343          0.058
 344          0.074
 345          0.163
 346          0.188
 347          0.103
 348          0.061
 349          0.027
 350          0.048
 351          0.066
 352          0.139
 353          0.106
 354          0.082
 355          0.089
 356          0.068
 357          0.055
 358          0.075
 359          0.046
 360          0.063
 361          0.056
 362          0.079
 363          0.146
 364          0.106
 365          0.082
 366          0.130
 367          0.074
 368          0.097
 369          0.089
 370          0.039
 371          0.085
 372          0.093
 373          0.100
 374          0.099
 375          0.068
 376          0.101
 377          0.094
 378          0.070
 379          0.092
 380          0.054
 381          0.043
 382          0.051
 383          0.080
 384          0.078
 385          0.042
 386          0.055
 387          0.080
 388          0.073
 389          0.043
 390          0.037
 391          0.043
 392          0.049
 393          0.023
 394          0.115
 395          0.156
 396          0.055
 397          0.043
 398          0.052
 399          0.057
 400          0.058
 401          0.055
 402          0.040
 403          0.051
 404          0.065
 405          0.080
 406          0.075
 407          0.051
 408          0.042
 409          0.103
 410          0.071
 411          0.071
 412          0.064
 413          0.183
 414          0.079
 415          0.095
 416          0.105
 417          0.096
 418          0.090
 419          0.087
 420          0.083
 421          0.095
 422          0.180
 423          0.072
 424          0.090
 425          0.023
 426          0.045
 427          0.058
 428          0.065
 429          0.077
 430          0.156
 431          0.203
 432          0.154
 433          0.137
 434          0.112
 435          0.058
 436          0.032
 437          0.042
 438          0.095
 439          0.147
 440          0.120
 441          0.191
 442          0.231
 443          0.173
 444          0.124
 445          0.069
 446          0.026
 447          0.014
 448          0.035
 449          0.066
 450          0.050
 451          0.092
 452          0.221
 453          0.116
 454          0.079
 455          0.020
 456          0.018
 457          0.020
 458          0.042
 459          0.081
 460          0.234
 461          0.093
 462          0.087
 463          0.063
 464          0.048
 465          0.064
 466          0.110
 467          0.212
 468          0.274
 469          0.126
 470          0.064
 471          0.043
 472          0.036
 473          0.041
 474          0.096
 475          0.070
 476          0.089
 477          0.064
 478          0.047
 479          0.068
 480          0.057
 481          0.103
 482          0.090
 483          0.059
 484          0.067
 485          0.073
 486          0.072
 487          0.060

# Average distance: 0.097 nm
