# Atom index    Distance (nm)
   1          0.210
   2          0.150
   3          0.161
   4          0.193
   5          0.155
   6          0.085
   7          0.074
   8          0.090
   9          0.083
  10          0.024
  11          0.061
  12          0.058
  13          0.111
  14          0.111
  15          0.079
  16          0.097
  17          0.071
  18          0.030
  19          0.036
  20          0.111
  21          0.155
  22          0.266
  23          0.195
  24          0.197
  25          0.143
  26          0.098
  27          0.073
  28          0.040
  29          0.050
  30          0.080
  31          0.127
  32          0.151
  33          0.179
  34          0.149
  35          0.151
  36          0.156
  37          0.109
  38          0.118
  39          0.094
  40          0.050
  41          0.029
  42          0.064
  43          0.091
  44          0.059
  45          0.090
  46          0.129
  47          0.135
  48          0.179
  49          0.186
  50          0.274
  51          0.195
  52          0.206
  53          0.111
  54          0.127
  55          0.122
  56          0.054
  57          0.087
  58          0.090
  59          0.083
  60          0.161
  61          0.131
  62          0.115
  63          0.107
  64          0.050
  65          0.054
  66          0.093
  67          0.139
  68          0.083
  69          0.125
  70          0.114
  71          0.160
  72          0.062
  73          0.019
  74          0.030
  75          0.081
  76          0.118
  77          0.113
  78          0.131
  79          0.157
  80          0.157
  81          0.157
  82          0.161
  83          0.097
  84          0.096
  85          0.084
  86          0.117
  87          0.097
  88          0.095
  89          0.093
  90          0.092
  91          0.078
  92          0.092
  93          0.070
  94          0.080
  95          0.083
  96          0.094
  97          0.094
  98          0.087
  99          0.094
 100          0.108
 101          0.114
 102          0.116
 103          0.133
 104          0.104
 105          0.089
 106          0.051
 107          0.089
 108          0.025
 109          0.036
 110          0.074
 111          0.117
 112          0.124
 113          0.073
 114          0.091
 115          0.058
 116          0.085
 117          0.131
 118          0.200
 119          0.212
 120          0.210
 121          0.162
 122          0.151
 123          0.126
 124          0.117
 125          0.089
 126          0.058
 127          0.065
 128          0.107
 129          0.147
 130          0.186
 131          0.170
 132          0.094
 133          0.093
 134          0.084
 135          0.057
 136          0.065
 137          0.084
 138          0.058
 139          0.053
 140          0.057
 141          0.093
 142          0.073
 143          0.066
 144          0.070
 145          0.053
 146          0.014
 147          0.026
 148          0.039
 149          0.104
 150          0.175
 151          0.237
 152          0.112
 153          0.153
 154          0.107
 155          0.054
 156          0.080
 157          0.068
 158          0.077
 159          0.036
 160          0.067
 161          0.093
 162          0.085
 163          0.100
 164          0.061
 165          0.059
 166          0.079
 167          0.097
 168          0.076
 169          0.075
 170          0.064
 171          0.057
 172          0.068
 173          0.056
 174          0.082
 175          0.074
 176          0.096
 177          0.152
 178          0.125
 179          0.100
 180          0.066
 181          0.046
 182          0.028
 183          0.027
 184          0.049
 185          0.103
 186          0.047
 187          0.056
 188          0.032
 189          0.038
 190          0.043
 191          0.027
 192          0.024
 193          0.030
 194          0.043
 195          0.035
 196          0.070
 197          0.070
 198          0.096
 199          0.102
 200          0.077
 201          0.204
 202          0.190
 203          0.096
 204          0.044
 205          0.060
 206          0.066
 207          0.091
 208          0.095
 209          0.078
 210          0.059
 211          0.054
 212          0.102
 213          0.107
 214          0.076
 215          0.096
 216          0.061
 217          0.046
 218          0.092
 219          0.098
 220          0.096
 221          0.102
 222          0.061
 223          0.077
 224          0.061
 225          0.057
 226          0.096
 227          0.087
 228          0.082
 229          0.172
 230          0.142
 231          0.037
 232          0.036
 233          0.023
 234          0.049
 235          0.061
 236          0.052
 237          0.360
 238          0.045
 239          0.156
 240          0.076
 241          0.048
 242          0.070
 243          0.073
 244          0.030
 245          0.067
 246          0.034
 247          0.058
 248          0.063
 249          0.070
 250          0.084
 251          0.109
 252          0.098
 253          0.112
 254          0.097
 255          0.113
 256          0.098
 257          0.079
 258          0.051
 259          0.027
 260          0.073
 261          0.071
 262          0.093
 263          0.106
 264          0.058
 265          0.092
 266          0.049
 267          0.028
 268          0.066
 269          0.075
 270          0.059
 271          0.096
 272          0.142
 273          0.083
 274          0.082
 275          0.073
 276          0.094
 277          0.080
 278          0.115
 279          0.126
 280          0.145
 281          0.117
 282          0.102
 283          0.068
 284          0.051
 285          0.034
 286          0.013
 287          0.052
 288          0.056
 289          0.066
 290          0.060
 291          0.133
 292          0.156
 293          0.130
 294          0.141
 295          0.132
 296          0.175
 297          0.156
 298          0.150
 299          0.157
 300          0.132
 301          0.076
 302          0.071
 303          0.083
 304          0.065
 305          0.068
 306          0.088
 307          0.074
 308          0.076
 309          0.076
 310          0.078
 311          0.078
 312          0.078
 313          0.096
 314          0.093
 315          0.113
 316          0.083
 317          0.110
 318          0.094
 319          0.086
 320          0.078
 321          0.108
 322          0.081
 323          0.103
 324          0.165
 325          0.180
 326          0.180
 327          0.161
 328          0.134
 329          0.192
 330          0.142
 331          0.091
 332          0.102
 333          0.087
 334          0.116
 335          0.087
 336          0.096
 337          0.086
 338          0.034
 339          0.056
 340          0.055
 341          0.090
 342          0.078
 343          0.099
 344          0.120
 345          0.123
 346          0.092
 347          0.093
 348          0.095
 349          0.106
 350          0.093
 351          0.097
 352          0.140
 353          0.156
 354          0.143
 355          0.120
 356          0.115
 357          0.092
 358          0.127
 359          0.123
 360          0.087
 361          0.094
 362          0.099
 363          0.132
 364          0.110
 365          0.075
 366          0.062
 367          0.079
 368          0.077
 369          0.081
 370          0.077
 371          0.065
 372          0.061
 373          0.080
 374          0.096
 375          0.067
 376          0.099
 377          0.098
 378          0.106
 379          0.097
 380          0.051
 381          0.080
 382          0.082
 383          0.130
 384          0.119
 385          0.142
 386          0.146
 387          0.162
 388          0.095
 389          0.081
 390          0.087
 391          0.161
 392          0.146
 393          0.127
 394          0.232
 395          0.233
 396          0.195
 397          0.135
 398          0.082
 399          0.027
 400          0.060
 401          0.108
 402          0.117
 403          0.141
 404          0.091
 405          0.088
 406          0.096
 407          0.106
 408          0.092
 409          0.110
 410          0.115
 411          0.104
 412          0.078
 413          0.072
 414          0.041
 415          0.028
 416          0.039
 417          0.073
 418          0.076
 419          0.076
 420          0.117
 421          0.112
 422          0.130
 423          0.103
 424          0.083
 425          0.071
 426          0.095
 427          0.154
 428          0.180
 429          0.208
 430          0.128
 431          0.133
 432          0.088
 433          0.177
 434          0.190
 435          0.140
 436          0.224
 437          0.230
 438          0.242
 439          0.224
 440          0.133
 441          0.190
 442          0.101
 443          0.128
 444          0.093
 445          0.063
 446          0.055
 447          0.043
 448          0.049
 449          0.076
 450          0.150
 451          0.145
 452          0.097
 453          0.085
 454          0.090
 455          0.085
 456          0.054
 457          0.015
 458          0.119
 459          0.164
 460          0.205
 461          0.196
 462          0.111
 463          0.046
 464          0.033
 465          0.030
 466          0.019
 467          0.139
 468          0.233
 469          0.252
 470          0.199
 471          0.129
 472          0.119
 473          0.129
 474          0.097
 475          0.144
 476          0.105
 477          0.152
 478          0.153
 479          0.110
 480          0.113
 481          0.170
 482          0.135
 483          0.062
 484          0.099
 485          0.090
 486          0.087
 487          0.099

# Average distance: 0.100 nm
