# Atom index    Distance (nm)
   1          0.204
   2          0.107
   3          0.113
   4          0.113
   5          0.063
   6          0.094
   7          0.070
   8          0.056
   9          0.109
  10          0.108
  11          0.119
  12          0.082
  13          0.083
  14          0.095
  15          0.103
  16          0.144
  17          0.098
  18          0.068
  19          0.062
  20          0.053
  21          0.089
  22          0.088
  23          0.098
  24          0.102
  25          0.091
  26          0.089
  27          0.070
  28          0.074
  29          0.088
  30          0.087
  31          0.086
  32          0.169
  33          0.176
  34          0.158
  35          0.118
  36          0.090
  37          0.046
  38          0.048
  39          0.042
  40          0.046
  41          0.030
  42          0.029
  43          0.053
  44          0.088
  45          0.110
  46          0.135
  47          0.139
  48          0.118
  49          0.153
  50          0.142
  51          0.148
  52          0.108
  53          0.074
  54          0.051
  55          0.067
  56          0.033
  57          0.050
  58          0.110
  59          0.256
  60          0.255
  61          0.063
  62          0.107
  63          0.095
  64          0.089
  65          0.087
  66          0.115
  67          0.132
  68          0.162
  69          0.117
  70          0.085
  71          0.081
  72          0.062
  73          0.077
  74          0.106
  75          0.160
  76          0.144
  77          0.116
  78          0.102
  79          0.074
  80          0.075
  81          0.087
  82          0.085
  83          0.074
  84          0.078
  85          0.066
  86          0.067
  87          0.042
  88          0.202
  89          0.209
  90          0.150
  91          0.161
  92          0.125
  93          0.106
  94          0.125
  95          0.130
  96          0.077
  97          0.072
  98          0.026
  99          0.033
 100          0.117
 101          0.132
 102          0.107
 103          0.052
 104          0.070
 105          0.085
 106          0.076
 107          0.103
 108          0.050
 109          0.084
 110          0.185
 111          0.153
 112          0.085
 113          0.063
 114          0.095
 115          0.085
 116          0.052
 117          0.071
 118          0.069
 119          0.124
 120          0.120
 121          0.168
 122          0.081
 123          0.177
 124          0.100
 125          0.089
 126          0.097
 127          0.105
 128          0.066
 129          0.103
 130          0.074
 131          0.048
 132          0.044
 133          0.036
 134          0.047
 135          0.045
 136          0.070
 137          0.095
 138          0.061
 139          0.045
 140          0.052
 141          0.057
 142          0.120
 143          0.148
 144          0.155
 145          0.151
 146          0.131
 147          0.120
 148          0.128
 149          0.133
 150          0.153
 151          0.182
 152          0.186
 153          0.133
 154          0.084
 155          0.117
 156          0.108
 157          0.105
 158          0.115
 159          0.111
 160          0.111
 161          0.139
 162          0.158
 163          0.163
 164          0.040
 165          0.040
 166          0.029
 167          0.059
 168          0.047
 169          0.049
 170          0.109
 171          0.064
 172          0.057
 173          0.052
 174          0.052
 175          0.023
 176          0.032
 177          0.150
 178          0.074
 179          0.074
 180          0.077
 181          0.082
 182          0.081
 183          0.045
 184          0.081
 185          0.106
 186          0.114
 187          0.091
 188          0.072
 189          0.076
 190          0.062
 191          0.050
 192          0.059
 193          0.071
 194          0.123
 195          0.120
 196          0.080
 197          0.075
 198          0.080
 199          0.151
 200          0.083
 201          0.058
 202          0.084
 203          0.064
 204          0.042
 205          0.047
 206          0.031
 207          0.094
 208          0.133
 209          0.093
 210          0.024
 211          0.042
 212          0.056
 213          0.102
 214          0.033
 215          0.021
 216          0.022
 217          0.051
 218          0.059
 219          0.085
 220          0.242
 221          0.259
 222          0.061
 223          0.070
 224          0.094
 225          0.053
 226          0.062
 227          0.055
 228          0.093
 229          0.288
 230          0.310
 231          0.219
 232          0.073
 233          0.074
 234          0.044
 235          0.038
 236          0.047
 237          0.137
 238          0.268
 239          0.296
 240          0.111
 241          0.178
 242          0.125
 243          0.084
 244          0.134
 245          0.072
 246          0.079
 247          0.028
 248          0.017
 249          0.046
 250          0.084
 251          0.137
 252          0.066
 253          0.048
 254          0.028
 255          0.037
 256          0.028
 257          0.028
 258          0.042
 259          0.108
 260          0.122
 261          0.101
 262          0.099
 263          0.113
 264          0.096
 265          0.109
 266          0.081
 267          0.028
 268          0.015
 269          0.034
 270          0.016
 271          0.054
 272          0.101
 273          0.108
 274          0.075
 275          0.052
 276          0.073
 277          0.070
 278          0.083
 279          0.082
 280          0.075
 281          0.087
 282          0.084
 283          0.088
 284          0.062
 285          0.062
 286          0.045
 287          0.034
 288          0.033
 289          0.010
 290          0.050
 291          0.084
 292          0.099
 293          0.110
 294          0.123
 295          0.165
 296          0.163
 297          0.119
 298          0.112
 299          0.058
 300          0.112
 301          0.074
 302          0.052
 303          0.071
 304          0.053
 305          0.110
 306          0.088
 307          0.059
 308          0.118
 309          0.132
 310          0.109
 311          0.129
 312          0.068
 313          0.224
 314          0.319
 315          0.242
 316          0.211
 317          0.083
 318          0.098
 319          0.180
 320          0.175
 321          0.165
 322          0.170
 323          0.176
 324          0.165
 325          0.164
 326          0.183
 327          0.140
 328          0.098
 329          0.069
 330          0.056
 331          0.057
 332          0.112
 333          0.115
 334          0.084
 335          0.079
 336          0.104
 337          0.132
 338          0.120
 339          0.094
 340          0.105
 341          0.098
 342          0.071
 343          0.122
 344          0.146
 345          0.078
 346          0.093
 347          0.099
 348          0.107
 349          0.084
 350          0.064
 351          0.153
 352          0.156
 353          0.119
 354          0.081
 355          0.113
 356          0.115
 357          0.061
 358          0.063
 359          0.063
 360          0.174
 361          0.057
 362          0.074
 363          0.100
 364          0.151
 365          0.169
 366          0.229
 367          0.199
 368          0.125
 369          0.148
 370          0.126
 371          0.108
 372          0.053
 373          0.065
 374          0.064
 375          0.075
 376          0.023
 377          0.056
 378          0.083
 379          0.054
 380          0.018
 381          0.037
 382          0.031
 383          0.083
 384          0.093
 385          0.121
 386          0.077
 387          0.024
 388          0.030
 389          0.048
 390          0.102
 391          0.066
 392          0.117
 393          0.190
 394          0.036
 395          0.057
 396          0.053
 397          0.040
 398          0.091
 399          0.135
 400          0.097
 401          0.055
 402          0.034
 403          0.058
 404          0.026
 405          0.031
 406          0.066
 407          0.056
 408          0.078
 409          0.060
 410          0.014
 411          0.054
 412          0.050
 413          0.111
 414          0.069
 415          0.026
 416          0.041
 417          0.051
 418          0.040
 419          0.038
 420          0.090
 421          0.091
 422          0.297
 423          0.363
 424          0.294
 425          0.088
 426          0.040
 427          0.073
 428          0.066
 429          0.047
 430          0.163
 431          0.074
 432          0.023
 433          0.097
 434          0.097
 435          0.056
 436          0.065
 437          0.078
 438          0.074
 439          0.084
 440          0.101
 441          0.076
 442          0.115
 443          0.100
 444          0.066
 445          0.065
 446          0.065
 447          0.049
 448          0.040
 449          0.028
 450          0.051
 451          0.045
 452          0.070
 453          0.031
 454          0.018
 455          0.092
 456          0.084
 457          0.073
 458          0.095
 459          0.092
 460          0.165
 461          0.036
 462          0.065
 463          0.100
 464          0.094
 465          0.072
 466          0.099
 467          0.074
 468          0.184
 469          0.334
 470          0.320
 471          0.191
 472          0.113
 473          0.123
 474          0.102
 475          0.124
 476          0.133
 477          0.151
 478          0.167
 479          0.151
 480          0.151
 481          0.129
 482          0.144
 483          0.120
 484          0.089
 485          0.042
 486          0.028
 487          0.045

# Average distance: 0.096 nm
