# Atom index    Distance (nm)
   1          0.354
   2          0.314
   3          0.086
   4          0.093
   5          0.034
   6          0.070
   7          0.058
   8          0.050
   9          0.058
  10          0.059
  11          0.100
  12          0.065
  13          0.027
  14          0.061
  15          0.052
  16          0.058
  17          0.055
  18          0.051
  19          0.065
  20          0.049
  21          0.094
  22          0.150
  23          0.129
  24          0.083
  25          0.041
  26          0.076
  27          0.049
  28          0.050
  29          0.028
  30          0.053
  31          0.049
  32          0.062
  33          0.100
  34          0.068
  35          0.069
  36          0.089
  37          0.061
  38          0.049
  39          0.044
  40          0.048
  41          0.057
  42          0.057
  43          0.048
  44          0.032
  45          0.102
  46          0.051
  47          0.253
  48          0.223
  49          0.344
  50          0.325
  51          0.155
  52          0.100
  53          0.034
  54          0.075
  55          0.039
  56          0.041
  57          0.026
  58          0.052
  59          0.115
  60          0.100
  61          0.075
  62          0.054
  63          0.020
  64          0.025
  65          0.031
  66          0.072
  67          0.193
  68          0.181
  69          0.195
  70          0.153
  71          0.173
  72          0.079
  73          0.074
  74          0.034
  75          0.030
  76          0.065
  77          0.095
  78          0.079
  79          0.049
  80          0.095
  81          0.118
  82          0.101
  83          0.065
  84          0.069
  85          0.050
  86          0.015
  87          0.056
  88          0.064
  89          0.053
  90          0.039
  91          0.040
  92          0.037
  93          0.062
  94          0.039
  95          0.076
  96          0.063
  97          0.059
  98          0.029
  99          0.028
 100          0.029
 101          0.069
 102          0.066
 103          0.058
 104          0.071
 105          0.089
 106          0.060
 107          0.046
 108          0.046
 109          0.042
 110          0.071
 111          0.066
 112          0.039
 113          0.044
 114          0.045
 115          0.031
 116          0.076
 117          0.064
 118          0.110
 119          0.063
 120          0.085
 121          0.095
 122          0.073
 123          0.065
 124          0.065
 125          0.047
 126          0.070
 127          0.057
 128          0.032
 129          0.038
 130          0.079
 131          0.070
 132          0.080
 133          0.052
 134          0.063
 135          0.065
 136          0.078
 137          0.081
 138          0.073
 139          0.111
 140          0.117
 141          0.127
 142          0.121
 143          0.141
 144          0.157
 145          0.110
 146          0.109
 147          0.101
 148          0.079
 149          0.060
 150          0.084
 151          0.136
 152          0.164
 153          0.198
 154          0.128
 155          0.103
 156          0.051
 157          0.062
 158          0.109
 159          0.096
 160          0.080
 161          0.085
 162          0.057
 163          0.062
 164          0.044
 165          0.073
 166          0.065
 167          0.074
 168          0.068
 169          0.078
 170          0.105
 171          0.071
 172          0.046
 173          0.036
 174          0.066
 175          0.074
 176          0.047
 177          0.050
 178          0.071
 179          0.074
 180          0.074
 181          0.059
 182          0.048
 183          0.054
 184          0.057
 185          0.017
 186          0.016
 187          0.031
 188          0.048
 189          0.061
 190          0.056
 191          0.058
 192          0.056
 193          0.014
 194          0.025
 195          0.093
 196          0.115
 197          0.047
 198          0.039
 199          0.089
 200          0.065
 201          0.074
 202          0.074
 203          0.062
 204          0.046
 205          0.110
 206          0.114
 207          0.113
 208          0.133
 209          0.097
 210          0.089
 211          0.046
 212          0.007
 213          0.088
 214          0.140
 215          0.090
 216          0.055
 217          0.050
 218          0.073
 219          0.094
 220          0.155
 221          0.165
 222          0.134
 223          0.125
 224          0.074
 225          0.070
 226          0.073
 227          0.073
 228          0.092
 229          0.072
 230          0.078
 231          0.104
 232          0.068
 233          0.081
 234          0.073
 235          0.057
 236          0.059
 237          0.169
 238          0.169
 239          0.138
 240          0.117
 241          0.188
 242          0.159
 243          0.159
 244          0.133
 245          0.072
 246          0.037
 247          0.067
 248          0.098
 249          0.097
 250          0.093
 251          0.052
 252          0.041
 253          0.057
 254          0.082
 255          0.083
 256          0.053
 257          0.063
 258          0.083
 259          0.056
 260          0.074
 261          0.063
 262          0.046
 263          0.084
 264          0.083
 265          0.093
 266          0.058
 267          0.032
 268          0.012
 269          0.066
 270          0.093
 271          0.084
 272          0.059
 273          0.091
 274          0.056
 275          0.063
 276          0.076
 277          0.074
 278          0.076
 279          0.071
 280          0.104
 281          0.140
 282          0.106
 283          0.044
 284          0.057
 285          0.068
 286          0.037
 287          0.039
 288          0.047
 289          0.069
 290          0.053
 291          0.047
 292          0.037
 293          0.113
 294          0.184
 295          0.250
 296          0.253
 297          0.171
 298          0.132
 299          0.053
 300          0.045
 301          0.018
 302          0.039
 303          0.037
 304          0.056
 305          0.084
 306          0.101
 307          0.079
 308          0.044
 309          0.048
 310          0.033
 311          0.016
 312          0.034
 313          0.047
 314          0.189
 315          0.208
 316          0.106
 317          0.018
 318          0.045
 319          0.060
 320          0.072
 321          0.087
 322          0.102
 323          0.099
 324          0.081
 325          0.081
 326          0.075
 327          0.068
 328          0.058
 329          0.072
 330          0.037
 331          0.097
 332          0.069
 333          0.073
 334          0.065
 335          0.055
 336          0.028
 337          0.040
 338          0.023
 339          0.079
 340          0.084
 341          0.072
 342          0.097
 343          0.054
 344          0.068
 345          0.075
 346          0.075
 347          0.134
 348          0.107
 349          0.024
 350          0.069
 351          0.079
 352          0.142
 353          0.217
 354          0.169
 355          0.155
 356          0.084
 357          0.049
 358          0.082
 359          0.110
 360          0.160
 361          0.171
 362          0.243
 363          0.217
 364          0.177
 365          0.184
 366          0.183
 367          0.088
 368          0.059
 369          0.076
 370          0.040
 371          0.065
 372          0.027
 373          0.051
 374          0.034
 375          0.047
 376          0.064
 377          0.073
 378          0.085
 379          0.055
 380          0.078
 381          0.032
 382          0.036
 383          0.037
 384          0.039
 385          0.062
 386          0.093
 387          0.096
 388          0.044
 389          0.058
 390          0.084
 391          0.083
 392          0.035
 393          0.063
 394          0.090
 395          0.106
 396          0.109
 397          0.089
 398          0.099
 399          0.097
 400          0.108
 401          0.064
 402          0.086
 403          0.107
 404          0.140
 405          0.119
 406          0.090
 407          0.065
 408          0.028
 409          0.042
 410          0.049
 411          0.046
 412          0.046
 413          0.014
 414          0.047
 415          0.058
 416          0.044
 417          0.041
 418          0.044
 419          0.024
 420          0.027
 421          0.018
 422          0.045
 423          0.030
 424          0.080
 425          0.045
 426          0.026
 427          0.051
 428          0.069
 429          0.099
 430          0.134
 431          0.195
 432          0.124
 433          0.057
 434          0.021
 435          0.005
 436          0.074
 437          0.072
 438          0.081
 439          0.043
 440          0.062
 441          0.086
 442          0.056
 443          0.041
 444          0.066
 445          0.042
 446          0.076
 447          0.100
 448          0.097
 449          0.076
 450          0.064
 451          0.069
 452          0.166
 453          0.144
 454          0.142
 455          0.170
 456          0.101
 457          0.111
 458          0.112
 459          0.124
 460          0.108
 461          0.076
 462          0.052
 463          0.092
 464          0.078
 465          0.092
 466          0.118
 467          0.107
 468          0.092
 469          0.110
 470          0.094
 471          0.122
 472          0.082
 473          0.051
 474          0.100
 475          0.180
 476          0.129
 477          0.108
 478          0.130
 479          0.077
 480          0.071
 481          0.102
 482          0.074
 483          0.050
 484          0.083
 485          0.078
 486          0.037
 487          0.098

# Average distance: 0.081 nm
