# Atom index    Distance (nm)
   1          0.123
   2          0.125
   3          0.107
   4          0.016
   5          0.035
   6          0.068
   7          0.045
   8          0.014
   9          0.028
  10          0.039
  11          0.077
  12          0.073
  13          0.111
  14          0.114
  15          0.151
  16          0.075
  17          0.046
  18          0.043
  19          0.061
  20          0.059
  21          0.064
  22          0.081
  23          0.201
  24          0.155
  25          0.078
  26          0.096
  27          0.074
  28          0.069
  29          0.068
  30          0.092
  31          0.026
  32          0.012
  33          0.083
  34          0.096
  35          0.081
  36          0.105
  37          0.068
  38          0.053
  39          0.042
  40          0.042
  41          0.045
  42          0.063
  43          0.087
  44          0.085
  45          0.158
  46          0.293
  47          0.224
  48          0.109
  49          0.145
  50          0.191
  51          0.126
  52          0.102
  53          0.074
  54          0.063
  55          0.063
  56          0.061
  57          0.045
  58          0.055
  59          0.061
  60          0.146
  61          0.089
  62          0.065
  63          0.038
  64          0.036
  65          0.086
  66          0.058
  67          0.115
  68          0.177
  69          0.108
  70          0.122
  71          0.040
  72          0.084
  73          0.073
  74          0.024
  75          0.111
  76          0.087
  77          0.069
  78          0.053
  79          0.078
  80          0.049
  81          0.061
  82          0.035
  83          0.037
  84          0.028
  85          0.037
  86          0.048
  87          0.021
  88          0.023
  89          0.083
  90          0.077
  91          0.077
  92          0.065
  93          0.089
  94          0.052
  95          0.091
  96          0.053
  97          0.054
  98          0.058
  99          0.042
 100          0.064
 101          0.083
 102          0.078
 103          0.106
 104          0.078
 105          0.073
 106          0.078
 107          0.076
 108          0.078
 109          0.080
 110          0.091
 111          0.158
 112          0.183
 113          0.117
 114          0.110
 115          0.078
 116          0.100
 117          0.163
 118          0.178
 119          0.140
 120          0.088
 121          0.091
 122          0.076
 123          0.065
 124          0.065
 125          0.057
 126          0.086
 127          0.089
 128          0.031
 129          0.042
 130          0.028
 131          0.033
 132          0.058
 133          0.081
 134          0.129
 135          0.082
 136          0.086
 137          0.102
 138          0.080
 139          0.077
 140          0.061
 141          0.163
 142          0.237
 143          0.265
 144          0.232
 145          0.068
 146          0.063
 147          0.063
 148          0.069
 149          0.087
 150          0.065
 151          0.131
 152          0.123
 153          0.149
 154          0.081
 155          0.032
 156          0.063
 157          0.039
 158          0.040
 159          0.066
 160          0.058
 161          0.056
 162          0.093
 163          0.128
 164          0.133
 165          0.103
 166          0.083
 167          0.087
 168          0.078
 169          0.110
 170          0.133
 171          0.097
 172          0.082
 173          0.046
 174          0.072
 175          0.090
 176          0.066
 177          0.096
 178          0.116
 179          0.081
 180          0.037
 181          0.069
 182          0.053
 183          0.064
 184          0.085
 185          0.090
 186          0.100
 187          0.098
 188          0.051
 189          0.052
 190          0.057
 191          0.051
 192          0.051
 193          0.023
 194          0.020
 195          0.033
 196          0.072
 197          0.088
 198          0.171
 199          0.188
 200          0.167
 201          0.131
 202          0.112
 203          0.055
 204          0.088
 205          0.064
 206          0.064
 207          0.057
 208          0.032
 209          0.022
 210          0.064
 211          0.052
 212          0.051
 213          0.048
 214          0.044
 215          0.077
 216          0.049
 217          0.035
 218          0.024
 219          0.034
 220          0.093
 221          0.100
 222          0.036
 223          0.039
 224          0.046
 225          0.031
 226          0.028
 227          0.047
 228          0.107
 229          0.089
 230          0.160
 231          0.064
 232          0.068
 233          0.081
 234          0.072
 235          0.043
 236          0.047
 237          0.048
 238          0.161
 239          0.269
 240          0.436
 241          0.346
 242          0.175
 243          0.202
 244          0.184
 245          0.093
 246          0.036
 247          0.033
 248          0.046
 249          0.082
 250          0.098
 251          0.072
 252          0.083
 253          0.051
 254          0.098
 255          0.061
 256          0.052
 257          0.023
 258          0.052
 259          0.079
 260          0.080
 261          0.071
 262          0.039
 263          0.067
 264          0.079
 265          0.087
 266          0.074
 267          0.082
 268          0.077
 269          0.086
 270          0.192
 271          0.365
 272          0.210
 273          0.155
 274          0.095
 275          0.076
 276          0.063
 277          0.028
 278          0.162
 279          0.062
 280          0.056
 281          0.069
 282          0.064
 283          0.045
 284          0.057
 285          0.044
 286          0.044
 287          0.028
 288          0.071
 289          0.065
 290          0.089
 291          0.071
 292          0.090
 293          0.092
 294          0.144
 295          0.158
 296          0.103
 297          0.075
 298          0.068
 299          0.069
 300          0.051
 301          0.045
 302          0.069
 303          0.079
 304          0.071
 305          0.084
 306          0.066
 307          0.093
 308          0.094
 309          0.115
 310          0.105
 311          0.079
 312          0.124
 313          0.153
 314          0.142
 315          0.114
 316          0.131
 317          0.096
 318          0.110
 319          0.125
 320          0.114
 321          0.099
 322          0.123
 323          0.117
 324          0.141
 325          0.120
 326          0.088
 327          0.115
 328          0.089
 329          0.081
 330          0.043
 331          0.064
 332          0.052
 333          0.065
 334          0.057
 335          0.063
 336          0.083
 337          0.070
 338          0.065
 339          0.048
 340          0.047
 341          0.045
 342          0.051
 343          0.052
 344          0.027
 345          0.057
 346          0.064
 347          0.026
 348          0.045
 349          0.042
 350          0.067
 351          0.083
 352          0.183
 353          0.226
 354          0.214
 355          0.102
 356          0.092
 357          0.047
 358          0.051
 359          0.049
 360          0.057
 361          0.060
 362          0.019
 363          0.031
 364          0.065
 365          0.075
 366          0.055
 367          0.064
 368          0.047
 369          0.076
 370          0.069
 371          0.059
 372          0.120
 373          0.106
 374          0.046
 375          0.021
 376          0.034
 377          0.047
 378          0.064
 379          0.081
 380          0.083
 381          0.080
 382          0.077
 383          0.088
 384          0.054
 385          0.012
 386          0.056
 387          0.069
 388          0.045
 389          0.031
 390          0.038
 391          0.083
 392          0.135
 393          0.199
 394          0.136
 395          0.087
 396          0.057
 397          0.095
 398          0.044
 399          0.054
 400          0.044
 401          0.044
 402          0.032
 403          0.039
 404          0.054
 405          0.097
 406          0.087
 407          0.078
 408          0.071
 409          0.102
 410          0.095
 411          0.123
 412          0.109
 413          0.113
 414          0.118
 415          0.058
 416          0.116
 417          0.137
 418          0.131
 419          0.129
 420          0.136
 421          0.141
 422          0.202
 423          0.172
 424          0.061
 425          0.038
 426          0.038
 427          0.032
 428          0.024
 429          0.076
 430          0.232
 431          0.248
 432          0.157
 433          0.113
 434          0.118
 435          0.046
 436          0.043
 437          0.058
 438          0.070
 439          0.097
 440          0.115
 441          0.064
 442          0.069
 443          0.090
 444          0.104
 445          0.057
 446          0.067
 447          0.040
 448          0.061
 449          0.069
 450          0.067
 451          0.067
 452          0.115
 453          0.047
 454          0.062
 455          0.081
 456          0.112
 457          0.067
 458          0.104
 459          0.042
 460          0.047
 461          0.055
 462          0.060
 463          0.092
 464          0.068
 465          0.057
 466          0.087
 467          0.099
 468          0.081
 469          0.057
 470          0.317
 471          0.158
 472          0.128
 473          0.080
 474          0.078
 475          0.184
 476          0.096
 477          0.042
 478          0.052
 479          0.049
 480          0.046
 481          0.045
 482          0.062
 483          0.075
 484          0.085
 485          0.093
 486          0.087
 487          0.099

# Average distance: 0.085 nm
