# Atom index    Distance (nm)
   1          0.455
   2          0.216
   3          0.145
   4          0.067
   5          0.023
   6          0.063
   7          0.062
   8          0.059
   9          0.069
  10          0.098
  11          0.130
  12          0.149
  13          0.170
  14          0.154
  15          0.158
  16          0.116
  17          0.043
  18          0.063
  19          0.062
  20          0.090
  21          0.230
  22          0.248
  23          0.224
  24          0.121
  25          0.132
  26          0.098
  27          0.046
  28          0.047
  29          0.049
  30          0.090
  31          0.135
  32          0.106
  33          0.102
  34          0.075
  35          0.038
  36          0.018
  37          0.040
  38          0.077
  39          0.081
  40          0.073
  41          0.102
  42          0.122
  43          0.145
  44          0.125
  45          0.236
  46          0.328
  47          0.316
  48          0.346
  49          0.363
  50          0.444
  51          0.361
  52          0.364
  53          0.243
  54          0.188
  55          0.164
  56          0.089
  57          0.106
  58          0.124
  59          0.105
  60          0.175
  61          0.173
  62          0.141
  63          0.115
  64          0.088
  65          0.107
  66          0.121
  67          0.119
  68          0.077
  69          0.060
  70          0.064
  71          0.127
  72          0.107
  73          0.100
  74          0.125
  75          0.138
  76          0.174
  77          0.181
  78          0.190
  79          0.172
  80          0.164
  81          0.127
  82          0.076
  83          0.110
  84          0.148
  85          0.135
  86          0.140
  87          0.115
  88          0.206
  89          0.174
  90          0.193
  91          0.201
  92          0.202
  93          0.201
  94          0.132
  95          0.119
  96          0.121
  97          0.127
  98          0.119
  99          0.129
 100          0.113
 101          0.071
 102          0.083
 103          0.152
 104          0.156
 105          0.134
 106          0.053
 107          0.076
 108          0.095
 109          0.108
 110          0.112
 111          0.151
 112          0.101
 113          0.026
 114          0.103
 115          0.086
 116          0.072
 117          0.136
 118          0.219
 119          0.170
 120          0.122
 121          0.153
 122          0.139
 123          0.122
 124          0.070
 125          0.100
 126          0.105
 127          0.181
 128          0.199
 129          0.054
 130          0.022
 131          0.029
 132          0.065
 133          0.027
 134          0.033
 135          0.020
 136          0.023
 137          0.064
 138          0.044
 139          0.063
 140          0.048
 141          0.094
 142          0.084
 143          0.123
 144          0.102
 145          0.054
 146          0.034
 147          0.042
 148          0.048
 149          0.059
 150          0.111
 151          0.175
 152          0.211
 153          0.221
 154          0.182
 155          0.173
 156          0.117
 157          0.067
 158          0.042
 159          0.016
 160          0.041
 161          0.073
 162          0.113
 163          0.176
 164          0.049
 165          0.054
 166          0.075
 167          0.058
 168          0.056
 169          0.054
 170          0.037
 171          0.038
 172          0.043
 173          0.049
 174          0.024
 175          0.049
 176          0.103
 177          0.150
 178          0.086
 179          0.065
 180          0.060
 181          0.061
 182          0.062
 183          0.086
 184          0.066
 185          0.031
 186          0.067
 187          0.103
 188          0.100
 189          0.047
 190          0.059
 191          0.077
 192          0.098
 193          0.123
 194          0.095
 195          0.108
 196          0.099
 197          0.125
 198          0.115
 199          0.135
 200          0.212
 201          0.199
 202          0.197
 203          0.097
 204          0.067
 205          0.100
 206          0.110
 207          0.125
 208          0.198
 209          0.072
 210          0.098
 211          0.092
 212          0.133
 213          0.116
 214          0.055
 215          0.026
 216          0.077
 217          0.140
 218          0.152
 219          0.103
 220          0.154
 221          0.095
 222          0.115
 223          0.099
 224          0.090
 225          0.109
 226          0.113
 227          0.130
 228          0.169
 229          0.169
 230          0.146
 231          0.067
 232          0.080
 233          0.087
 234          0.056
 235          0.149
 236          0.128
 237          0.193
 238          0.133
 239          0.352
 240          0.095
 241          0.286
 242          0.216
 243          0.126
 244          0.038
 245          0.042
 246          0.042
 247          0.056
 248          0.052
 249          0.043
 250          0.036
 251          0.026
 252          0.042
 253          0.048
 254          0.068
 255          0.030
 256          0.039
 257          0.058
 258          0.053
 259          0.035
 260          0.037
 261          0.093
 262          0.172
 263          0.137
 264          0.094
 265          0.023
 266          0.025
 267          0.024
 268          0.054
 269          0.044
 270          0.081
 271          0.262
 272          0.140
 273          0.079
 274          0.022
 275          0.044
 276          0.089
 277          0.082
 278          0.083
 279          0.073
 280          0.063
 281          0.055
 282          0.076
 283          0.016
 284          0.061
 285          0.058
 286          0.052
 287          0.047
 288          0.071
 289          0.037
 290          0.060
 291          0.024
 292          0.086
 293          0.158
 294          0.193
 295          0.240
 296          0.204
 297          0.165
 298          0.144
 299          0.092
 300          0.048
 301          0.096
 302          0.108
 303          0.089
 304          0.076
 305          0.041
 306          0.100
 307          0.060
 308          0.115
 309          0.106
 310          0.098
 311          0.114
 312          0.182
 313          0.204
 314          0.197
 315          0.077
 316          0.069
 317          0.049
 318          0.088
 319          0.097
 320          0.155
 321          0.143
 322          0.167
 323          0.143
 324          0.101
 325          0.114
 326          0.114
 327          0.053
 328          0.101
 329          0.153
 330          0.150
 331          0.151
 332          0.103
 333          0.064
 334          0.054
 335          0.084
 336          0.107
 337          0.090
 338          0.066
 339          0.061
 340          0.078
 341          0.095
 342          0.101
 343          0.116
 344          0.128
 345          0.141
 346          0.148
 347          0.109
 348          0.106
 349          0.097
 350          0.092
 351          0.113
 352          0.132
 353          0.134
 354          0.091
 355          0.083
 356          0.077
 357          0.043
 358          0.078
 359          0.124
 360          0.132
 361          0.135
 362          0.082
 363          0.126
 364          0.066
 365          0.055
 366          0.067
 367          0.078
 368          0.099
 369          0.117
 370          0.047
 371          0.033
 372          0.056
 373          0.044
 374          0.066
 375          0.060
 376          0.091
 377          0.071
 378          0.041
 379          0.059
 380          0.055
 381          0.039
 382          0.046
 383          0.033
 384          0.057
 385          0.121
 386          0.115
 387          0.084
 388          0.035
 389          0.052
 390          0.083
 391          0.137
 392          0.165
 393          0.162
 394          0.087
 395          0.089
 396          0.107
 397          0.094
 398          0.099
 399          0.192
 400          0.111
 401          0.159
 402          0.201
 403          0.209
 404          0.263
 405          0.105
 406          0.092
 407          0.082
 408          0.044
 409          0.059
 410          0.052
 411          0.078
 412          0.016
 413          0.026
 414          0.085
 415          0.035
 416          0.065
 417          0.022
 418          0.048
 419          0.144
 420          0.122
 421          0.092
 422          0.044
 423          0.071
 424          0.043
 425          0.121
 426          0.102
 427          0.034
 428          0.052
 429          0.039
 430          0.051
 431          0.042
 432          0.035
 433          0.065
 434          0.053
 435          0.037
 436          0.030
 437          0.026
 438          0.032
 439          0.057
 440          0.091
 441          0.107
 442          0.076
 443          0.065
 444          0.069
 445          0.040
 446          0.046
 447          0.054
 448          0.057
 449          0.062
 450          0.109
 451          0.133
 452          0.155
 453          0.102
 454          0.067
 455          0.041
 456          0.012
 457          0.031
 458          0.040
 459          0.039
 460          0.128
 461          0.129
 462          0.048
 463          0.033
 464          0.049
 465          0.055
 466          0.070
 467          0.102
 468          0.149
 469          0.160
 470          0.082
 471          0.116
 472          0.085
 473          0.045
 474          0.052
 475          0.087
 476          0.073
 477          0.071
 478          0.135
 479          0.122
 480          0.128
 481          0.127
 482          0.082
 483          0.026
 484          0.041
 485          0.028
 486          0.034
 487          0.021

# Average distance: 0.102 nm
