# Atom index    Distance (nm)
   1          0.298
   2          0.103
   3          0.099
   4          0.123
   5          0.118
   6          0.041
   7          0.063
   8          0.039
   9          0.037
  10          0.033
  11          0.028
  12          0.028
  13          0.063
  14          0.048
  15          0.068
  16          0.035
  17          0.026
  18          0.046
  19          0.059
  20          0.111
  21          0.115
  22          0.151
  23          0.096
  24          0.056
  25          0.132
  26          0.061
  27          0.052
  28          0.063
  29          0.019
  30          0.031
  31          0.052
  32          0.047
  33          0.064
  34          0.062
  35          0.064
  36          0.164
  37          0.111
  38          0.068
  39          0.076
  40          0.031
  41          0.051
  42          0.056
  43          0.047
  44          0.059
  45          0.218
  46          0.267
  47          0.194
  48          0.139
  49          0.059
  50          0.067
  51          0.084
  52          0.107
  53          0.082
  54          0.057
  55          0.053
  56          0.046
  57          0.054
  58          0.108
  59          0.173
  60          0.234
  61          0.115
  62          0.105
  63          0.091
  64          0.115
  65          0.126
  66          0.161
  67          0.182
  68          0.194
  69          0.238
  70          0.073
  71          0.098
  72          0.121
  73          0.128
  74          0.115
  75          0.035
  76          0.056
  77          0.092
  78          0.106
  79          0.119
  80          0.134
  81          0.130
  82          0.112
  83          0.123
  84          0.081
  85          0.049
  86          0.057
  87          0.040
  88          0.009
  89          0.021
  90          0.058
  91          0.098
  92          0.109
  93          0.074
  94          0.036
  95          0.038
  96          0.062
  97          0.064
  98          0.057
  99          0.057
 100          0.077
 101          0.087
 102          0.081
 103          0.086
 104          0.083
 105          0.073
 106          0.095
 107          0.060
 108          0.088
 109          0.077
 110          0.062
 111          0.071
 112          0.057
 113          0.040
 114          0.059
 115          0.058
 116          0.053
 117          0.074
 118          0.106
 119          0.133
 120          0.113
 121          0.096
 122          0.064
 123          0.041
 124          0.030
 125          0.063
 126          0.042
 127          0.033
 128          0.078
 129          0.052
 130          0.056
 131          0.045
 132          0.068
 133          0.022
 134          0.044
 135          0.041
 136          0.067
 137          0.070
 138          0.036
 139          0.112
 140          0.102
 141          0.154
 142          0.118
 143          0.068
 144          0.058
 145          0.019
 146          0.048
 147          0.047
 148          0.056
 149          0.014
 150          0.043
 151          0.086
 152          0.031
 153          0.068
 154          0.135
 155          0.064
 156          0.095
 157          0.076
 158          0.088
 159          0.052
 160          0.098
 161          0.074
 162          0.087
 163          0.090
 164          0.090
 165          0.074
 166          0.081
 167          0.081
 168          0.057
 169          0.064
 170          0.055
 171          0.038
 172          0.029
 173          0.032
 174          0.029
 175          0.092
 176          0.115
 177          0.080
 178          0.052
 179          0.076
 180          0.103
 181          0.098
 182          0.024
 183          0.037
 184          0.064
 185          0.112
 186          0.029
 187          0.042
 188          0.059
 189          0.037
 190          0.028
 191          0.099
 192          0.080
 193          0.102
 194          0.070
 195          0.121
 196          0.077
 197          0.119
 198          0.053
 199          0.055
 200          0.035
 201          0.041
 202          0.135
 203          0.139
 204          0.085
 205          0.094
 206          0.064
 207          0.092
 208          0.097
 209          0.112
 210          0.111
 211          0.106
 212          0.123
 213          0.099
 214          0.070
 215          0.109
 216          0.086
 217          0.095
 218          0.102
 219          0.097
 220          0.156
 221          0.122
 222          0.119
 223          0.098
 224          0.079
 225          0.078
 226          0.060
 227          0.062
 228          0.044
 229          0.144
 230          0.129
 231          0.134
 232          0.029
 233          0.032
 234          0.043
 235          0.125
 236          0.115
 237          0.228
 238          0.127
 239          0.184
 240          0.242
 241          0.232
 242          0.170
 243          0.226
 244          0.094
 245          0.092
 246          0.091
 247          0.094
 248          0.093
 249          0.101
 250          0.098
 251          0.095
 252          0.030
 253          0.010
 254          0.049
 255          0.049
 256          0.040
 257          0.061
 258          0.097
 259          0.090
 260          0.043
 261          0.019
 262          0.036
 263          0.036
 264          0.055
 265          0.049
 266          0.030
 267          0.073
 268          0.088
 269          0.087
 270          0.089
 271          0.082
 272          0.109
 273          0.111
 274          0.104
 275          0.093
 276          0.092
 277          0.073
 278          0.072
 279          0.044
 280          0.076
 281          0.109
 282          0.099
 283          0.070
 284          0.068
 285          0.102
 286          0.090
 287          0.075
 288          0.050
 289          0.057
 290          0.060
 291          0.099
 292          0.061
 293          0.129
 294          0.170
 295          0.170
 296          0.125
 297          0.111
 298          0.106
 299          0.073
 300          0.083
 301          0.043
 302          0.033
 303          0.024
 304          0.072
 305          0.096
 306          0.131
 307          0.128
 308          0.118
 309          0.086
 310          0.106
 311          0.106
 312          0.138
 313          0.191
 314          0.119
 315          0.131
 316          0.106
 317          0.090
 318          0.096
 319          0.094
 320          0.111
 321          0.137
 322          0.116
 323          0.143
 324          0.101
 325          0.114
 326          0.144
 327          0.119
 328          0.117
 329          0.092
 330          0.047
 331          0.063
 332          0.070
 333          0.051
 334          0.019
 335          0.026
 336          0.061
 337          0.053
 338          0.006
 339          0.010
 340          0.043
 341          0.059
 342          0.069
 343          0.009
 344          0.019
 345          0.036
 346          0.049
 347          0.049
 348          0.050
 349          0.018
 350          0.053
 351          0.027
 352          0.047
 353          0.040
 354          0.111
 355          0.061
 356          0.037
 357          0.053
 358          0.066
 359          0.044
 360          0.056
 361          0.052
 362          0.102
 363          0.104
 364          0.103
 365          0.134
 366          0.089
 367          0.055
 368          0.069
 369          0.037
 370          0.040
 371          0.048
 372          0.060
 373          0.056
 374          0.038
 375          0.034
 376          0.042
 377          0.040
 378          0.034
 379          0.072
 380          0.041
 381          0.050
 382          0.069
 383          0.051
 384          0.038
 385          0.069
 386          0.101
 387          0.045
 388          0.052
 389          0.053
 390          0.042
 391          0.036
 392          0.057
 393          0.075
 394          0.043
 395          0.071
 396          0.075
 397          0.084
 398          0.088
 399          0.066
 400          0.076
 401          0.068
 402          0.049
 403          0.022
 404          0.046
 405          0.016
 406          0.043
 407          0.048
 408          0.037
 409          0.026
 410          0.027
 411          0.067
 412          0.049
 413          0.062
 414          0.054
 415          0.023
 416          0.056
 417          0.034
 418          0.081
 419          0.057
 420          0.072
 421          0.056
 422          0.079
 423          0.108
 424          0.098
 425          0.087
 426          0.059
 427          0.062
 428          0.033
 429          0.046
 430          0.084
 431          0.083
 432          0.112
 433          0.082
 434          0.089
 435          0.074
 436          0.078
 437          0.065
 438          0.085
 439          0.044
 440          0.059
 441          0.050
 442          0.018
 443          0.033
 444          0.042
 445          0.065
 446          0.093
 447          0.066
 448          0.056
 449          0.050
 450          0.053
 451          0.035
 452          0.064
 453          0.039
 454          0.047
 455          0.042
 456          0.025
 457          0.056
 458          0.083
 459          0.040
 460          0.033
 461          0.128
 462          0.090
 463          0.075
 464          0.093
 465          0.074
 466          0.129
 467          0.105
 468          0.080
 469          0.112
 470          0.089
 471          0.090
 472          0.115
 473          0.079
 474          0.072
 475          0.061
 476          0.061
 477          0.047
 478          0.056
 479          0.046
 480          0.023
 481          0.009
 482          0.023
 483          0.020
 484          0.047
 485          0.049
 486          0.052
 487          0.056

# Average distance: 0.077 nm
