# Atom index    Distance (nm)
   1          1.087
   2          0.754
   3          0.673
   4          0.602
   5          0.345
   6          0.104
   7          0.093
   8          0.084
   9          0.085
  10          0.086
  11          0.056
  12          0.061
  13          0.084
  14          0.121
  15          0.097
  16          0.109
  17          0.086
  18          0.070
  19          0.085
  20          0.082
  21          0.179
  22          0.293
  23          0.122
  24          0.083
  25          0.064
  26          0.081
  27          0.092
  28          0.104
  29          0.094
  30          0.124
  31          0.090
  32          0.141
  33          0.155
  34          0.129
  35          0.137
  36          0.087
  37          0.075
  38          0.115
  39          0.137
  40          0.023
  41          0.034
  42          0.052
  43          0.054
  44          0.061
  45          0.098
  46          0.263
  47          0.260
  48          0.425
  49          0.266
  50          0.069
  51          0.093
  52          0.107
  53          0.078
  54          0.070
  55          0.022
  56          0.050
  57          0.029
  58          0.025
  59          0.082
  60          0.095
  61          0.064
  62          0.058
  63          0.033
  64          0.037
  65          0.061
  66          0.093
  67          0.170
  68          0.222
  69          0.232
  70          0.121
  71          0.145
  72          0.084
  73          0.081
  74          0.019
  75          0.035
  76          0.032
  77          0.009
  78          0.011
  79          0.109
  80          0.101
  81          0.101
  82          0.071
  83          0.057
  84          0.064
  85          0.063
  86          0.100
  87          0.081
  88          0.107
  89          0.157
  90          0.219
  91          0.290
  92          0.285
  93          0.193
  94          0.099
  95          0.084
  96          0.085
  97          0.094
  98          0.117
  99          0.095
 100          0.125
 101          0.158
 102          0.158
 103          0.171
 104          0.157
 105          0.130
 106          0.086
 107          0.117
 108          0.108
 109          0.123
 110          0.156
 111          0.177
 112          0.131
 113          0.167
 114          0.173
 115          0.164
 116          0.188
 117          0.178
 118          0.169
 119          0.129
 120          0.150
 121          0.160
 122          0.183
 123          0.149
 124          0.128
 125          0.137
 126          0.095
 127          0.082
 128          0.083
 129          0.104
 130          0.105
 131          0.131
 132          0.187
 133          0.151
 134          0.077
 135          0.092
 136          0.099
 137          0.092
 138          0.095
 139          0.100
 140          0.089
 141          0.183
 142          0.193
 143          0.176
 144          0.194
 145          0.113
 146          0.097
 147          0.126
 148          0.116
 149          0.045
 150          0.089
 151          0.046
 152          0.112
 153          0.191
 154          0.097
 155          0.298
 156          0.128
 157          0.078
 158          0.110
 159          0.110
 160          0.084
 161          0.029
 162          0.113
 163          0.121
 164          0.129
 165          0.076
 166          0.026
 167          0.082
 168          0.120
 169          0.101
 170          0.109
 171          0.112
 172          0.094
 173          0.075
 174          0.055
 175          0.083
 176          0.122
 177          0.145
 178          0.057
 179          0.034
 180          0.046
 181          0.051
 182          0.052
 183          0.070
 184          0.074
 185          0.071
 186          0.124
 187          0.140
 188          0.102
 189          0.084
 190          0.082
 191          0.045
 192          0.092
 193          0.116
 194          0.136
 195          0.127
 196          0.106
 197          0.129
 198          0.203
 199          0.173
 200          0.154
 201          0.249
 202          0.238
 203          0.110
 204          0.024
 205          0.053
 206          0.049
 207          0.057
 208          0.062
 209          0.054
 210          0.122
 211          0.129
 212          0.190
 213          0.178
 214          0.162
 215          0.060
 216          0.105
 217          0.117
 218          0.096
 219          0.125
 220          0.140
 221          0.088
 222          0.110
 223          0.093
 224          0.074
 225          0.044
 226          0.044
 227          0.106
 228          0.151
 229          0.152
 230          0.181
 231          0.189
 232          0.128
 233          0.124
 234          0.096
 235          0.074
 236          0.051
 237          0.126
 238          0.169
 239          0.289
 240          0.201
 241          0.128
 242          0.179
 243          0.219
 244          0.313
 245          0.078
 246          0.079
 247          0.039
 248          0.069
 249          0.117
 250          0.102
 251          0.113
 252          0.115
 253          0.094
 254          0.103
 255          0.099
 256          0.084
 257          0.063
 258          0.081
 259          0.114
 260          0.113
 261          0.126
 262          0.153
 263          0.127
 264          0.102
 265          0.122
 266          0.081
 267          0.058
 268          0.023
 269          0.044
 270          0.107
 271          0.176
 272          0.167
 273          0.174
 274          0.038
 275          0.073
 276          0.079
 277          0.073
 278          0.090
 279          0.096
 280          0.139
 281          0.120
 282          0.082
 283          0.057
 284          0.055
 285          0.054
 286          0.038
 287          0.028
 288          0.033
 289          0.048
 290          0.052
 291          0.057
 292          0.075
 293          0.117
 294          0.174
 295          0.178
 296          0.103
 297          0.115
 298          0.024
 299          0.030
 300          0.035
 301          0.030
 302          0.039
 303          0.058
 304          0.074
 305          0.115
 306          0.128
 307          0.138
 308          0.031
 309          0.024
 310          0.042
 311          0.045
 312          0.132
 313          0.271
 314          0.258
 315          0.133
 316          0.087
 317          0.083
 318          0.074
 319          0.077
 320          0.081
 321          0.079
 322          0.086
 323          0.042
 324          0.055
 325          0.040
 326          0.066
 327          0.013
 328          0.028
 329          0.019
 330          0.024
 331          0.024
 332          0.085
 333          0.053
 334          0.033
 335          0.038
 336          0.054
 337          0.067
 338          0.075
 339          0.084
 340          0.075
 341          0.065
 342          0.031
 343          0.036
 344          0.031
 345          0.062
 346          0.070
 347          0.076
 348          0.106
 349          0.119
 350          0.114
 351          0.124
 352          0.139
 353          0.143
 354          0.104
 355          0.078
 356          0.090
 357          0.082
 358          0.084
 359          0.093
 360          0.116
 361          0.139
 362          0.152
 363          0.175
 364          0.140
 365          0.145
 366          0.164
 367          0.134
 368          0.095
 369          0.018
 370          0.095
 371          0.178
 372          0.136
 373          0.083
 374          0.120
 375          0.113
 376          0.092
 377          0.064
 378          0.052
 379          0.069
 380          0.077
 381          0.101
 382          0.091
 383          0.070
 384          0.120
 385          0.068
 386          0.060
 387          0.036
 388          0.074
 389          0.057
 390          0.057
 391          0.103
 392          0.061
 393          0.138
 394          0.080
 395          0.098
 396          0.113
 397          0.126
 398          0.085
 399          0.103
 400          0.023
 401          0.110
 402          0.056
 403          0.067
 404          0.056
 405          0.049
 406          0.089
 407          0.111
 408          0.119
 409          0.110
 410          0.039
 411          0.046
 412          0.096
 413          0.132
 414          0.077
 415          0.054
 416          0.096
 417          0.043
 418          0.047
 419          0.062
 420          0.103
 421          0.138
 422          0.227
 423          0.060
 424          0.082
 425          0.101
 426          0.092
 427          0.071
 428          0.079
 429          0.091
 430          0.146
 431          0.211
 432          0.217
 433          0.177
 434          0.153
 435          0.111
 436          0.088
 437          0.068
 438          0.048
 439          0.078
 440          0.083
 441          0.040
 442          0.042
 443          0.030
 444          0.055
 445          0.032
 446          0.077
 447          0.062
 448          0.039
 449          0.017
 450          0.082
 451          0.106
 452          0.113
 453          0.095
 454          0.057
 455          0.037
 456          0.051
 457          0.043
 458          0.086
 459          0.011
 460          0.151
 461          0.195
 462          0.133
 463          0.123
 464          0.096
 465          0.077
 466          0.050
 467          0.044
 468          0.069
 469          0.015
 470          0.075
 471          0.094
 472          0.062
 473          0.063
 474          0.058
 475          0.207
 476          0.172
 477          0.234
 478          0.229
 479          0.163
 480          0.135
 481          0.081
 482          0.104
 483          0.099
 484          0.058
 485          0.076
 486          0.093
 487          0.090

# Average distance: 0.108 nm
