# Atom index    Distance (nm)
   1          0.482
   2          0.227
   3          0.261
   4          0.163
   5          0.046
   6          0.037
   7          0.046
   8          0.041
   9          0.030
  10          0.033
  11          0.029
  12          0.053
  13          0.097
  14          0.089
  15          0.083
  16          0.093
  17          0.053
  18          0.031
  19          0.021
  20          0.056
  21          0.056
  22          0.077
  23          0.055
  24          0.088
  25          0.091
  26          0.077
  27          0.052
  28          0.057
  29          0.067
  30          0.086
  31          0.072
  32          0.178
  33          0.146
  34          0.145
  35          0.157
  36          0.138
  37          0.016
  38          0.028
  39          0.031
  40          0.033
  41          0.046
  42          0.094
  43          0.104
  44          0.202
  45          0.266
  46          0.517
  47          0.327
  48          0.328
  49          0.385
  50          0.169
  51          0.118
  52          0.087
  53          0.063
  54          0.029
  55          0.040
  56          0.104
  57          0.083
  58          0.094
  59          0.138
  60          0.118
  61          0.061
  62          0.075
  63          0.077
  64          0.057
  65          0.075
  66          0.074
  67          0.080
  68          0.045
  69          0.053
  70          0.043
  71          0.033
  72          0.053
  73          0.042
  74          0.069
  75          0.094
  76          0.058
  77          0.093
  78          0.093
  79          0.081
  80          0.060
  81          0.095
  82          0.071
  83          0.087
  84          0.066
  85          0.042
  86          0.067
  87          0.043
  88          0.143
  89          0.137
  90          0.111
  91          0.141
  92          0.068
  93          0.057
  94          0.035
  95          0.039
  96          0.090
  97          0.081
  98          0.090
  99          0.067
 100          0.070
 101          0.057
 102          0.054
 103          0.087
 104          0.054
 105          0.041
 106          0.053
 107          0.063
 108          0.076
 109          0.090
 110          0.089
 111          0.087
 112          0.158
 113          0.070
 114          0.036
 115          0.032
 116          0.036
 117          0.050
 118          0.152
 119          0.224
 120          0.097
 121          0.125
 122          0.113
 123          0.035
 124          0.048
 125          0.031
 126          0.034
 127          0.057
 128          0.056
 129          0.028
 130          0.007
 131          0.006
 132          0.038
 133          0.026
 134          0.048
 135          0.036
 136          0.065
 137          0.053
 138          0.034
 139          0.053
 140          0.053
 141          0.060
 142          0.087
 143          0.079
 144          0.063
 145          0.078
 146          0.083
 147          0.080
 148          0.070
 149          0.080
 150          0.088
 151          0.169
 152          0.185
 153          0.374
 154          0.251
 155          0.309
 156          0.145
 157          0.100
 158          0.123
 159          0.102
 160          0.057
 161          0.072
 162          0.123
 163          0.070
 164          0.056
 165          0.032
 166          0.049
 167          0.024
 168          0.018
 169          0.032
 170          0.038
 171          0.058
 172          0.058
 173          0.058
 174          0.078
 175          0.087
 176          0.092
 177          0.033
 178          0.046
 179          0.053
 180          0.038
 181          0.067
 182          0.067
 183          0.041
 184          0.071
 185          0.068
 186          0.003
 187          0.028
 188          0.035
 189          0.045
 190          0.059
 191          0.067
 192          0.083
 193          0.068
 194          0.062
 195          0.038
 196          0.026
 197          0.070
 198          0.143
 199          0.274
 200          0.109
 201          0.083
 202          0.042
 203          0.080
 204          0.050
 205          0.033
 206          0.052
 207          0.048
 208          0.061
 209          0.051
 210          0.149
 211          0.079
 212          0.096
 213          0.073
 214          0.080
 215          0.040
 216          0.089
 217          0.133
 218          0.091
 219          0.030
 220          0.135
 221          0.067
 222          0.055
 223          0.077
 224          0.121
 225          0.093
 226          0.070
 227          0.087
 228          0.155
 229          0.214
 230          0.280
 231          0.200
 232          0.141
 233          0.135
 234          0.042
 235          0.052
 236          0.054
 237          0.120
 238          0.158
 239          0.066
 240          0.070
 241          0.132
 242          0.169
 243          0.218
 244          0.120
 245          0.063
 246          0.115
 247          0.116
 248          0.083
 249          0.039
 250          0.018
 251          0.135
 252          0.138
 253          0.064
 254          0.040
 255          0.045
 256          0.027
 257          0.064
 258          0.077
 259          0.095
 260          0.086
 261          0.088
 262          0.136
 263          0.180
 264          0.184
 265          0.154
 266          0.109
 267          0.106
 268          0.115
 269          0.108
 270          0.129
 271          0.134
 272          0.114
 273          0.185
 274          0.175
 275          0.084
 276          0.106
 277          0.143
 278          0.276
 279          0.171
 280          0.136
 281          0.149
 282          0.158
 283          0.148
 284          0.125
 285          0.055
 286          0.045
 287          0.063
 288          0.072
 289          0.067
 290          0.038
 291          0.059
 292          0.035
 293          0.040
 294          0.048
 295          0.115
 296          0.074
 297          0.042
 298          0.029
 299          0.044
 300          0.124
 301          0.095
 302          0.113
 303          0.151
 304          0.168
 305          0.241
 306          0.139
 307          0.093
 308          0.172
 309          0.171
 310          0.092
 311          0.082
 312          0.102
 313          0.179
 314          0.166
 315          0.101
 316          0.097
 317          0.079
 318          0.129
 319          0.122
 320          0.105
 321          0.101
 322          0.106
 323          0.164
 324          0.207
 325          0.164
 326          0.119
 327          0.035
 328          0.090
 329          0.045
 330          0.039
 331          0.102
 332          0.150
 333          0.102
 334          0.168
 335          0.190
 336          0.187
 337          0.074
 338          0.112
 339          0.110
 340          0.094
 341          0.140
 342          0.133
 343          0.045
 344          0.041
 345          0.053
 346          0.051
 347          0.053
 348          0.068
 349          0.064
 350          0.110
 351          0.127
 352          0.124
 353          0.143
 354          0.142
 355          0.112
 356          0.077
 357          0.078
 358          0.053
 359          0.059
 360          0.079
 361          0.104
 362          0.109
 363          0.126
 364          0.135
 365          0.152
 366          0.188
 367          0.176
 368          0.173
 369          0.099
 370          0.100
 371          0.117
 372          0.066
 373          0.046
 374          0.091
 375          0.078
 376          0.023
 377          0.058
 378          0.033
 379          0.043
 380          0.020
 381          0.030
 382          0.048
 383          0.042
 384          0.084
 385          0.121
 386          0.115
 387          0.067
 388          0.015
 389          0.028
 390          0.025
 391          0.073
 392          0.078
 393          0.195
 394          0.118
 395          0.119
 396          0.077
 397          0.070
 398          0.036
 399          0.052
 400          0.065
 401          0.050
 402          0.091
 403          0.089
 404          0.070
 405          0.028
 406          0.051
 407          0.055
 408          0.059
 409          0.057
 410          0.058
 411          0.034
 412          0.047
 413          0.057
 414          0.125
 415          0.077
 416          0.054
 417          0.014
 418          0.024
 419          0.044
 420          0.051
 421          0.095
 422          0.119
 423          0.138
 424          0.094
 425          0.113
 426          0.114
 427          0.084
 428          0.068
 429          0.102
 430          0.185
 431          0.146
 432          0.115
 433          0.079
 434          0.120
 435          0.056
 436          0.078
 437          0.118
 438          0.179
 439          0.156
 440          0.121
 441          0.185
 442          0.123
 443          0.099
 444          0.058
 445          0.061
 446          0.051
 447          0.072
 448          0.084
 449          0.043
 450          0.010
 451          0.053
 452          0.063
 453          0.072
 454          0.054
 455          0.055
 456          0.099
 457          0.044
 458          0.084
 459          0.050
 460          0.046
 461          0.107
 462          0.084
 463          0.073
 464          0.087
 465          0.132
 466          0.126
 467          0.174
 468          0.144
 469          0.360
 470          0.216
 471          0.148
 472          0.058
 473          0.062
 474          0.072
 475          0.051
 476          0.062
 477          0.045
 478          0.148
 479          0.108
 480          0.096
 481          0.119
 482          0.139
 483          0.139
 484          0.118
 485          0.101
 486          0.070
 487          0.097

# Average distance: 0.094 nm
