# Atom index    Distance (nm)
   1          0.257
   2          0.171
   3          0.158
   4          0.135
   5          0.128
   6          0.123
   7          0.079
   8          0.098
   9          0.061
  10          0.073
  11          0.094
  12          0.086
  13          0.096
  14          0.105
  15          0.100
  16          0.095
  17          0.052
  18          0.030
  19          0.043
  20          0.081
  21          0.158
  22          0.181
  23          0.195
  24          0.150
  25          0.120
  26          0.086
  27          0.058
  28          0.087
  29          0.067
  30          0.097
  31          0.128
  32          0.092
  33          0.084
  34          0.082
  35          0.200
  36          0.109
  37          0.192
  38          0.087
  39          0.097
  40          0.108
  41          0.182
  42          0.165
  43          0.085
  44          0.094
  45          0.179
  46          0.233
  47          0.251
  48          0.594
  49          0.186
  50          0.542
  51          0.362
  52          0.224
  53          0.104
  54          0.148
  55          0.163
  56          0.138
  57          0.140
  58          0.156
  59          0.254
  60          0.206
  61          0.122
  62          0.139
  63          0.127
  64          0.071
  65          0.109
  66          0.132
  67          0.121
  68          0.078
  69          0.081
  70          0.154
  71          0.178
  72          0.104
  73          0.115
  74          0.156
  75          0.202
  76          0.192
  77          0.198
  78          0.179
  79          0.108
  80          0.104
  81          0.051
  82          0.086
  83          0.146
  84          0.120
  85          0.036
  86          0.089
  87          0.157
  88          0.189
  89          0.270
  90          0.282
  91          0.478
  92          0.357
  93          0.316
  94          0.206
  95          0.145
  96          0.089
  97          0.058
  98          0.052
  99          0.019
 100          0.081
 101          0.047
 102          0.035
 103          0.087
 104          0.076
 105          0.074
 106          0.065
 107          0.073
 108          0.084
 109          0.094
 110          0.104
 111          0.183
 112          0.216
 113          0.103
 114          0.115
 115          0.126
 116          0.172
 117          0.176
 118          0.190
 119          0.262
 120          0.243
 121          0.242
 122          0.263
 123          0.242
 124          0.118
 125          0.129
 126          0.045
 127          0.057
 128          0.067
 129          0.071
 130          0.091
 131          0.090
 132          0.085
 133          0.020
 134          0.023
 135          0.017
 136          0.070
 137          0.077
 138          0.110
 139          0.126
 140          0.116
 141          0.132
 142          0.127
 143          0.163
 144          0.174
 145          0.141
 146          0.137
 147          0.107
 148          0.088
 149          0.064
 150          0.096
 151          0.155
 152          0.250
 153          0.227
 154          0.193
 155          0.133
 156          0.085
 157          0.080
 158          0.122
 159          0.126
 160          0.115
 161          0.154
 162          0.174
 163          0.094
 164          0.032
 165          0.031
 166          0.023
 167          0.067
 168          0.067
 169          0.039
 170          0.006
 171          0.009
 172          0.033
 173          0.044
 174          0.101
 175          0.102
 176          0.066
 177          0.136
 178          0.158
 179          0.157
 180          0.156
 181          0.120
 182          0.046
 183          0.009
 184          0.029
 185          0.043
 186          0.036
 187          0.045
 188          0.041
 189          0.051
 190          0.053
 191          0.072
 192          0.069
 193          0.096
 194          0.097
 195          0.082
 196          0.061
 197          0.106
 198          0.198
 199          0.218
 200          0.199
 201          0.264
 202          0.224
 203          0.145
 204          0.115
 205          0.127
 206          0.136
 207          0.122
 208          0.124
 209          0.106
 210          0.111
 211          0.169
 212          0.240
 213          0.202
 214          0.173
 215          0.096
 216          0.081
 217          0.121
 218          0.110
 219          0.085
 220          0.147
 221          0.162
 222          0.185
 223          0.107
 224          0.093
 225          0.060
 226          0.044
 227          0.101
 228          0.086
 229          0.182
 230          0.161
 231          0.079
 232          0.128
 233          0.132
 234          0.054
 235          0.095
 236          0.128
 237          0.152
 238          0.209
 239          0.223
 240          0.204
 241          0.191
 242          0.160
 243          0.185
 244          0.195
 245          0.108
 246          0.039
 247          0.055
 248          0.068
 249          0.102
 250          0.085
 251          0.044
 252          0.009
 253          0.034
 254          0.038
 255          0.035
 256          0.026
 257          0.056
 258          0.047
 259          0.049
 260          0.012
 261          0.036
 262          0.095
 263          0.126
 264          0.088
 265          0.036
 266          0.039
 267          0.043
 268          0.077
 269          0.043
 270          0.133
 271          0.129
 272          0.185
 273          0.137
 274          0.055
 275          0.048
 276          0.060
 277          0.067
 278          0.047
 279          0.055
 280          0.163
 281          0.226
 282          0.158
 283          0.121
 284          0.110
 285          0.063
 286          0.008
 287          0.024
 288          0.056
 289          0.055
 290          0.095
 291          0.148
 292          0.224
 293          0.380
 294          0.421
 295          0.464
 296          0.423
 297          0.297
 298          0.280
 299          0.160
 300          0.152
 301          0.048
 302          0.105
 303          0.107
 304          0.117
 305          0.137
 306          0.134
 307          0.139
 308          0.109
 309          0.082
 310          0.116
 311          0.114
 312          0.122
 313          0.143
 314          0.166
 315          0.141
 316          0.037
 317          0.036
 318          0.051
 319          0.094
 320          0.103
 321          0.097
 322          0.085
 323          0.155
 324          0.179
 325          0.172
 326          0.205
 327          0.174
 328          0.160
 329          0.169
 330          0.141
 331          0.099
 332          0.035
 333          0.064
 334          0.082
 335          0.035
 336          0.044
 337          0.081
 338          0.095
 339          0.061
 340          0.053
 341          0.029
 342          0.014
 343          0.025
 344          0.063
 345          0.073
 346          0.064
 347          0.088
 348          0.040
 349          0.023
 350          0.024
 351          0.166
 352          0.192
 353          0.217
 354          0.188
 355          0.147
 356          0.107
 357          0.032
 358          0.022
 359          0.044
 360          0.059
 361          0.074
 362          0.155
 363          0.148
 364          0.130
 365          0.154
 366          0.149
 367          0.154
 368          0.135
 369          0.031
 370          0.016
 371          0.071
 372          0.073
 373          0.116
 374          0.059
 375          0.066
 376          0.034
 377          0.038
 378          0.049
 379          0.078
 380          0.044
 381          0.069
 382          0.070
 383          0.063
 384          0.077
 385          0.104
 386          0.132
 387          0.107
 388          0.082
 389          0.065
 390          0.087
 391          0.051
 392          0.131
 393          0.227
 394          0.365
 395          0.230
 396          0.104
 397          0.096
 398          0.023
 399          0.051
 400          0.079
 401          0.116
 402          0.072
 403          0.068
 404          0.048
 405          0.052
 406          0.063
 407          0.068
 408          0.050
 409          0.036
 410          0.036
 411          0.010
 412          0.015
 413          0.092
 414          0.310
 415          0.256
 416          0.129
 417          0.038
 418          0.045
 419          0.042
 420          0.020
 421          0.075
 422          0.042
 423          0.146
 424          0.111
 425          0.061
 426          0.073
 427          0.067
 428          0.050
 429          0.171
 430          0.334
 431          0.564
 432          0.644
 433          0.428
 434          0.218
 435          0.126
 436          0.128
 437          0.147
 438          0.112
 439          0.097
 440          0.095
 441          0.108
 442          0.129
 443          0.096
 444          0.094
 445          0.062
 446          0.090
 447          0.048
 448          0.036
 449          0.076
 450          0.083
 451          0.103
 452          0.102
 453          0.095
 454          0.081
 455          0.076
 456          0.032
 457          0.069
 458          0.099
 459          0.175
 460          0.394
 461          0.292
 462          0.130
 463          0.052
 464          0.079
 465          0.094
 466          0.113
 467          0.383
 468          0.602
 469          0.361
 470          0.224
 471          0.191
 472          0.127
 473          0.114
 474          0.158
 475          0.148
 476          0.274
 477          0.170
 478          0.081
 479          0.102
 480          0.143
 481          0.166
 482          0.169
 483          0.115
 484          0.103
 485          0.076
 486          0.061
 487          0.065

# Average distance: 0.123 nm
