# Atom index    Distance (nm)
   1          0.129
   2          0.072
   3          0.057
   4          0.065
   5          0.066
   6          0.107
   7          0.083
   8          0.095
   9          0.076
  10          0.037
  11          0.024
  12          0.033
  13          0.048
  14          0.031
  15          0.038
  16          0.023
  17          0.029
  18          0.032
  19          0.042
  20          0.047
  21          0.166
  22          0.299
  23          0.068
  24          0.019
  25          0.081
  26          0.051
  27          0.049
  28          0.065
  29          0.078
  30          0.042
  31          0.081
  32          0.052
  33          0.066
  34          0.034
  35          0.063
  36          0.125
  37          0.061
  38          0.042
  39          0.046
  40          0.038
  41          0.027
  42          0.088
  43          0.089
  44          0.060
  45          0.241
  46          0.209
  47          0.267
  48          0.726
  49          0.828
  50          0.257
  51          0.162
  52          0.083
  53          0.104
  54          0.069
  55          0.058
  56          0.074
  57          0.105
  58          0.095
  59          0.193
  60          0.193
  61          0.174
  62          0.146
  63          0.124
  64          0.147
  65          0.148
  66          0.185
  67          0.258
  68          0.194
  69          0.221
  70          0.193
  71          0.267
  72          0.233
  73          0.171
  74          0.172
  75          0.167
  76          0.090
  77          0.107
  78          0.135
  79          0.156
  80          0.148
  81          0.156
  82          0.197
  83          0.083
  84          0.132
  85          0.114
  86          0.116
  87          0.117
  88          0.094
  89          0.094
  90          0.099
  91          0.105
  92          0.101
  93          0.108
  94          0.102
  95          0.095
  96          0.127
  97          0.109
  98          0.092
  99          0.114
 100          0.089
 101          0.138
 102          0.158
 103          0.108
 104          0.148
 105          0.152
 106          0.125
 107          0.115
 108          0.117
 109          0.049
 110          0.069
 111          0.107
 112          0.197
 113          0.105
 114          0.136
 115          0.146
 116          0.218
 117          0.177
 118          0.168
 119          0.176
 120          0.134
 121          0.108
 122          0.127
 123          0.143
 124          0.124
 125          0.115
 126          0.070
 127          0.047
 128          0.047
 129          0.032
 130          0.077
 131          0.102
 132          0.102
 133          0.072
 134          0.042
 135          0.045
 136          0.049
 137          0.048
 138          0.027
 139          0.011
 140          0.049
 141          0.101
 142          0.096
 143          0.119
 144          0.112
 145          0.065
 146          0.024
 147          0.032
 148          0.039
 149          0.014
 150          0.012
 151          0.052
 152          0.059
 153          0.082
 154          0.036
 155          0.068
 156          0.043
 157          0.061
 158          0.040
 159          0.054
 160          0.040
 161          0.030
 162          0.027
 163          0.057
 164          0.020
 165          0.013
 166          0.018
 167          0.009
 168          0.033
 169          0.034
 170          0.027
 171          0.039
 172          0.032
 173          0.048
 174          0.132
 175          0.111
 176          0.122
 177          0.052
 178          0.092
 179          0.113
 180          0.114
 181          0.147
 182          0.096
 183          0.101
 184          0.068
 185          0.037
 186          0.069
 187          0.095
 188          0.075
 189          0.101
 190          0.112
 191          0.077
 192          0.122
 193          0.192
 194          0.174
 195          0.145
 196          0.046
 197          0.068
 198          0.121
 199          0.114
 200          0.114
 201          0.094
 202          0.110
 203          0.119
 204          0.084
 205          0.099
 206          0.103
 207          0.099
 208          0.078
 209          0.077
 210          0.059
 211          0.071
 212          0.099
 213          0.111
 214          0.070
 215          0.061
 216          0.067
 217          0.092
 218          0.134
 219          0.149
 220          0.142
 221          0.104
 222          0.189
 223          0.165
 224          0.120
 225          0.090
 226          0.090
 227          0.086
 228          0.170
 229          0.186
 230          0.232
 231          0.132
 232          0.081
 233          0.095
 234          0.149
 235          0.203
 236          0.141
 237          0.130
 238          0.582
 239          0.594
 240          0.362
 241          0.229
 242          0.234
 243          0.210
 244          0.160
 245          0.113
 246          0.130
 247          0.107
 248          0.082
 249          0.073
 250          0.047
 251          0.075
 252          0.039
 253          0.035
 254          0.065
 255          0.036
 256          0.029
 257          0.053
 258          0.058
 259          0.077
 260          0.091
 261          0.131
 262          0.171
 263          0.132
 264          0.133
 265          0.073
 266          0.064
 267          0.101
 268          0.099
 269          0.038
 270          0.109
 271          0.176
 272          0.078
 273          0.129
 274          0.026
 275          0.017
 276          0.097
 277          0.110
 278          0.110
 279          0.113
 280          0.096
 281          0.090
 282          0.108
 283          0.117
 284          0.047
 285          0.038
 286          0.007
 287          0.010
 288          0.029
 289          0.053
 290          0.052
 291          0.040
 292          0.077
 293          0.093
 294          0.078
 295          0.081
 296          0.071
 297          0.053
 298          0.050
 299          0.054
 300          0.020
 301          0.038
 302          0.035
 303          0.084
 304          0.140
 305          0.098
 306          0.135
 307          0.050
 308          0.028
 309          0.028
 310          0.079
 311          0.075
 312          0.073
 313          0.069
 314          0.061
 315          0.074
 316          0.048
 317          0.056
 318          0.027
 319          0.040
 320          0.055
 321          0.044
 322          0.080
 323          0.082
 324          0.093
 325          0.067
 326          0.120
 327          0.064
 328          0.059
 329          0.068
 330          0.055
 331          0.049
 332          0.071
 333          0.077
 334          0.081
 335          0.070
 336          0.087
 337          0.099
 338          0.098
 339          0.074
 340          0.049
 341          0.058
 342          0.064
 343          0.089
 344          0.111
 345          0.131
 346          0.100
 347          0.093
 348          0.129
 349          0.095
 350          0.124
 351          0.117
 352          0.107
 353          0.107
 354          0.116
 355          0.124
 356          0.086
 357          0.086
 358          0.079
 359          0.070
 360          0.206
 361          0.185
 362          0.221
 363          0.313
 364          0.221
 365          0.224
 366          0.254
 367          0.160
 368          0.088
 369          0.095
 370          0.089
 371          0.089
 372          0.081
 373          0.108
 374          0.095
 375          0.057
 376          0.034
 377          0.027
 378          0.020
 379          0.035
 380          0.022
 381          0.051
 382          0.074
 383          0.105
 384          0.138
 385          0.158
 386          0.137
 387          0.124
 388          0.120
 389          0.154
 390          0.159
 391          0.167
 392          0.243
 393          0.340
 394          0.315
 395          0.289
 396          0.172
 397          0.137
 398          0.134
 399          0.142
 400          0.156
 401          0.124
 402          0.163
 403          0.109
 404          0.060
 405          0.058
 406          0.090
 407          0.043
 408          0.026
 409          0.060
 410          0.047
 411          0.053
 412          0.050
 413          0.142
 414          0.224
 415          0.135
 416          0.026
 417          0.024
 418          0.015
 419          0.024
 420          0.055
 421          0.189
 422          0.359
 423          0.379
 424          0.284
 425          0.190
 426          0.105
 427          0.102
 428          0.131
 429          0.137
 430          0.153
 431          0.207
 432          0.210
 433          0.196
 434          0.137
 435          0.152
 436          0.163
 437          0.148
 438          0.246
 439          0.180
 440          0.169
 441          0.125
 442          0.151
 443          0.151
 444          0.076
 445          0.054
 446          0.031
 447          0.016
 448          0.066
 449          0.092
 450          0.077
 451          0.072
 452          0.093
 453          0.081
 454          0.088
 455          0.062
 456          0.083
 457          0.065
 458          0.031
 459          0.034
 460          0.163
 461          0.165
 462          0.049
 463          0.063
 464          0.108
 465          0.111
 466          0.180
 467          0.145
 468          0.162
 469          0.167
 470          0.143
 471          0.134
 472          0.124
 473          0.108
 474          0.108
 475          0.088
 476          0.086
 477          0.119
 478          0.088
 479          0.098
 480          0.138
 481          0.147
 482          0.139
 483          0.112
 484          0.097
 485          0.064
 486          0.080
 487          0.067

# Average distance: 0.108 nm
