# Atom index    Distance (nm)
   1          0.317
   2          0.204
   3          0.106
   4          0.115
   5          0.110
   6          0.052
   7          0.064
   8          0.067
   9          0.067
  10          0.016
  11          0.062
  12          0.064
  13          0.082
  14          0.107
  15          0.099
  16          0.074
  17          0.055
  18          0.060
  19          0.050
  20          0.056
  21          0.032
  22          0.134
  23          0.227
  24          0.177
  25          0.118
  26          0.057
  27          0.012
  28          0.050
  29          0.007
  30          0.016
  31          0.050
  32          0.098
  33          0.155
  34          0.159
  35          0.071
  36          0.101
  37          0.126
  38          0.100
  39          0.064
  40          0.065
  41          0.069
  42          0.045
  43          0.077
  44          0.064
  45          0.099
  46          0.086
  47          0.088
  48          0.131
  49          0.117
  50          0.115
  51          0.106
  52          0.106
  53          0.099
  54          0.089
  55          0.105
  56          0.071
  57          0.106
  58          0.085
  59          0.112
  60          0.070
  61          0.116
  62          0.132
  63          0.123
  64          0.125
  65          0.138
  66          0.145
  67          0.173
  68          0.223
  69          0.183
  70          0.153
  71          0.170
  72          0.152
  73          0.131
  74          0.165
  75          0.122
  76          0.134
  77          0.129
  78          0.284
  79          0.309
  80          0.285
  81          0.192
  82          0.230
  83          0.152
  84          0.107
  85          0.134
  86          0.086
  87          0.077
  88          0.144
  89          0.222
  90          0.124
  91          0.064
  92          0.060
  93          0.091
  94          0.089
  95          0.084
  96          0.019
  97          0.058
  98          0.084
  99          0.121
 100          0.146
 101          0.149
 102          0.110
 103          0.126
 104          0.084
 105          0.062
 106          0.015
 107          0.056
 108          0.063
 109          0.108
 110          0.083
 111          0.052
 112          0.065
 113          0.050
 114          0.021
 115          0.085
 116          0.107
 117          0.084
 118          0.074
 119          0.065
 120          0.081
 121          0.132
 122          0.068
 123          0.137
 124          0.051
 125          0.050
 126          0.050
 127          0.026
 128          0.057
 129          0.062
 130          0.119
 131          0.112
 132          0.017
 133          0.024
 134          0.047
 135          0.034
 136          0.014
 137          0.048
 138          0.045
 139          0.052
 140          0.009
 141          0.086
 142          0.074
 143          0.026
 144          0.057
 145          0.056
 146          0.059
 147          0.045
 148          0.048
 149          0.050
 150          0.087
 151          0.083
 152          0.111
 153          0.074
 154          0.090
 155          0.065
 156          0.085
 157          0.065
 158          0.064
 159          0.094
 160          0.133
 161          0.075
 162          0.051
 163          0.083
 164          0.106
 165          0.116
 166          0.134
 167          0.092
 168          0.055
 169          0.074
 170          0.056
 171          0.076
 172          0.062
 173          0.122
 174          0.172
 175          0.146
 176          0.089
 177          0.199
 178          0.323
 179          0.181
 180          0.118
 181          0.070
 182          0.057
 183          0.083
 184          0.057
 185          0.079
 186          0.065
 187          0.038
 188          0.010
 189          0.062
 190          0.065
 191          0.049
 192          0.055
 193          0.044
 194          0.064
 195          0.060
 196          0.042
 197          0.063
 198          0.104
 199          0.116
 200          0.175
 201          0.215
 202          0.185
 203          0.041
 204          0.080
 205          0.112
 206          0.142
 207          0.156
 208          0.166
 209          0.101
 210          0.110
 211          0.081
 212          0.073
 213          0.077
 214          0.092
 215          0.096
 216          0.126
 217          0.107
 218          0.088
 219          0.129
 220          0.175
 221          0.155
 222          0.118
 223          0.048
 224          0.037
 225          0.056
 226          0.058
 227          0.061
 228          0.094
 229          0.103
 230          0.153
 231          0.127
 232          0.084
 233          0.081
 234          0.093
 235          0.067
 236          0.063
 237          0.084
 238          0.064
 239          0.073
 240          0.101
 241          0.159
 242          0.104
 243          0.160
 244          0.123
 245          0.090
 246          0.082
 247          0.104
 248          0.060
 249          0.094
 250          0.084
 251          0.094
 252          0.098
 253          0.063
 254          0.108
 255          0.088
 256          0.070
 257          0.072
 258          0.066
 259          0.069
 260          0.095
 261          0.140
 262          0.180
 263          0.219
 264          0.148
 265          0.093
 266          0.036
 267          0.040
 268          0.068
 269          0.064
 270          0.097
 271          0.111
 272          0.115
 273          0.220
 274          0.062
 275          0.068
 276          0.079
 277          0.085
 278          0.045
 279          0.040
 280          0.080
 281          0.091
 282          0.041
 283          0.095
 284          0.063
 285          0.056
 286          0.062
 287          0.078
 288          0.072
 289          0.061
 290          0.054
 291          0.123
 292          0.128
 293          0.108
 294          0.087
 295          0.115
 296          0.176
 297          0.153
 298          0.109
 299          0.073
 300          0.047
 301          0.068
 302          0.091
 303          0.088
 304          0.066
 305          0.113
 306          0.112
 307          0.085
 308          0.070
 309          0.061
 310          0.026
 311          0.064
 312          0.060
 313          0.080
 314          0.156
 315          0.097
 316          0.014
 317          0.033
 318          0.016
 319          0.035
 320          0.093
 321          0.104
 322          0.141
 323          0.116
 324          0.040
 325          0.084
 326          0.155
 327          0.078
 328          0.035
 329          0.061
 330          0.042
 331          0.051
 332          0.084
 333          0.086
 334          0.073
 335          0.054
 336          0.050
 337          0.033
 338          0.046
 339          0.055
 340          0.040
 341          0.030
 342          0.035
 343          0.038
 344          0.053
 345          0.031
 346          0.014
 347          0.034
 348          0.033
 349          0.037
 350          0.051
 351          0.052
 352          0.059
 353          0.056
 354          0.071
 355          0.066
 356          0.050
 357          0.066
 358          0.042
 359          0.039
 360          0.027
 361          0.032
 362          0.031
 363          0.047
 364          0.081
 365          0.191
 366          0.170
 367          0.195
 368          0.127
 369          0.021
 370          0.077
 371          0.075
 372          0.081
 373          0.052
 374          0.028
 375          0.051
 376          0.055
 377          0.059
 378          0.096
 379          0.079
 380          0.050
 381          0.048
 382          0.068
 383          0.051
 384          0.047
 385          0.056
 386          0.025
 387          0.033
 388          0.063
 389          0.048
 390          0.042
 391          0.038
 392          0.096
 393          0.068
 394          0.229
 395          0.324
 396          0.170
 397          0.102
 398          0.050
 399          0.073
 400          0.069
 401          0.046
 402          0.040
 403          0.078
 404          0.093
 405          0.102
 406          0.067
 407          0.041
 408          0.037
 409          0.054
 410          0.068
 411          0.086
 412          0.095
 413          0.147
 414          0.095
 415          0.096
 416          0.083
 417          0.137
 418          0.101
 419          0.082
 420          0.073
 421          0.046
 422          0.108
 423          0.116
 424          0.050
 425          0.051
 426          0.054
 427          0.040
 428          0.049
 429          0.078
 430          0.056
 431          0.118
 432          0.120
 433          0.087
 434          0.060
 435          0.014
 436          0.038
 437          0.077
 438          0.065
 439          0.071
 440          0.058
 441          0.093
 442          0.096
 443          0.031
 444          0.083
 445          0.096
 446          0.099
 447          0.085
 448          0.077
 449          0.021
 450          0.078
 451          0.060
 452          0.138
 453          0.063
 454          0.032
 455          0.065
 456          0.064
 457          0.095
 458          0.120
 459          0.068
 460          0.105
 461          0.168
 462          0.116
 463          0.117
 464          0.063
 465          0.103
 466          0.048
 467          0.112
 468          0.140
 469          0.120
 470          0.225
 471          0.152
 472          0.065
 473          0.076
 474          0.067
 475          0.087
 476          0.088
 477          0.094
 478          0.105
 479          0.114
 480          0.176
 481          0.197
 482          0.104
 483          0.074
 484          0.085
 485          0.104
 486          0.091
 487          0.048

# Average distance: 0.089 nm
