# Atom index    Distance (nm)
   1          0.631
   2          0.342
   3          0.189
   4          0.139
   5          0.064
   6          0.063
   7          0.068
   8          0.058
   9          0.046
  10          0.049
  11          0.060
  12          0.096
  13          0.168
  14          0.178
  15          0.127
  16          0.116
  17          0.087
  18          0.078
  19          0.099
  20          0.105
  21          0.246
  22          0.294
  23          0.166
  24          0.173
  25          0.198
  26          0.175
  27          0.150
  28          0.165
  29          0.168
  30          0.229
  31          0.130
  32          0.043
  33          0.083
  34          0.057
  35          0.136
  36          0.180
  37          0.176
  38          0.107
  39          0.076
  40          0.053
  41          0.091
  42          0.100
  43          0.120
  44          0.044
  45          0.102
  46          0.076
  47          0.050
  48          0.064
  49          0.065
  50          0.071
  51          0.093
  52          0.151
  53          0.125
  54          0.118
  55          0.089
  56          0.067
  57          0.102
  58          0.076
  59          0.076
  60          0.116
  61          0.137
  62          0.131
  63          0.096
  64          0.077
  65          0.102
  66          0.074
  67          0.048
  68          0.069
  69          0.091
  70          0.140
  71          0.137
  72          0.148
  73          0.160
  74          0.148
  75          0.164
  76          0.158
  77          0.169
  78          0.101
  79          0.034
  80          0.040
  81          0.022
  82          0.038
  83          0.049
  84          0.040
  85          0.027
  86          0.093
  87          0.115
  88          0.152
  89          0.153
  90          0.173
  91          0.215
  92          0.188
  93          0.085
  94          0.110
  95          0.111
  96          0.116
  97          0.083
  98          0.085
  99          0.055
 100          0.063
 101          0.073
 102          0.099
 103          0.128
 104          0.121
 105          0.122
 106          0.087
 107          0.127
 108          0.166
 109          0.175
 110          0.200
 111          0.229
 112          0.059
 113          0.110
 114          0.098
 115          0.082
 116          0.126
 117          0.160
 118          0.176
 119          0.148
 120          0.137
 121          0.157
 122          0.178
 123          0.157
 124          0.158
 125          0.147
 126          0.130
 127          0.040
 128          0.108
 129          0.100
 130          0.033
 131          0.071
 132          0.047
 133          0.048
 134          0.101
 135          0.050
 136          0.044
 137          0.057
 138          0.034
 139          0.027
 140          0.060
 141          0.070
 142          0.106
 143          0.123
 144          0.082
 145          0.025
 146          0.035
 147          0.035
 148          0.034
 149          0.036
 150          0.040
 151          0.039
 152          0.050
 153          0.044
 154          0.052
 155          0.039
 156          0.073
 157          0.045
 158          0.049
 159          0.045
 160          0.033
 161          0.056
 162          0.076
 163          0.038
 164          0.062
 165          0.056
 166          0.096
 167          0.033
 168          0.048
 169          0.055
 170          0.073
 171          0.061
 172          0.047
 173          0.059
 174          0.102
 175          0.156
 176          0.132
 177          0.128
 178          0.114
 179          0.109
 180          0.103
 181          0.130
 182          0.059
 183          0.037
 184          0.058
 185          0.118
 186          0.056
 187          0.021
 188          0.029
 189          0.023
 190          0.038
 191          0.050
 192          0.025
 193          0.069
 194          0.058
 195          0.028
 196          0.075
 197          0.044
 198          0.022
 199          0.104
 200          0.097
 201          0.098
 202          0.113
 203          0.033
 204          0.055
 205          0.099
 206          0.096
 207          0.081
 208          0.064
 209          0.080
 210          0.055
 211          0.080
 212          0.112
 213          0.073
 214          0.046
 215          0.072
 216          0.070
 217          0.055
 218          0.094
 219          0.075
 220          0.096
 221          0.067
 222          0.068
 223          0.051
 224          0.034
 225          0.030
 226          0.055
 227          0.063
 228          0.060
 229          0.053
 230          0.108
 231          0.079
 232          0.071
 233          0.025
 234          0.052
 235          0.052
 236          0.068
 237          0.075
 238          0.132
 239          0.030
 240          0.041
 241          0.083
 242          0.047
 243          0.053
 244          0.062
 245          0.078
 246          0.051
 247          0.043
 248          0.052
 249          0.042
 250          0.107
 251          0.084
 252          0.056
 253          0.069
 254          0.067
 255          0.051
 256          0.069
 257          0.107
 258          0.106
 259          0.071
 260          0.043
 261          0.045
 262          0.094
 263          0.101
 264          0.094
 265          0.091
 266          0.055
 267          0.052
 268          0.038
 269          0.067
 270          0.113
 271          0.128
 272          0.129
 273          0.132
 274          0.086
 275          0.062
 276          0.034
 277          0.038
 278          0.070
 279          0.067
 280          0.045
 281          0.078
 282          0.083
 283          0.071
 284          0.077
 285          0.075
 286          0.052
 287          0.092
 288          0.098
 289          0.080
 290          0.055
 291          0.085
 292          0.093
 293          0.085
 294          0.070
 295          0.031
 296          0.097
 297          0.081
 298          0.096
 299          0.073
 300          0.047
 301          0.054
 302          0.095
 303          0.100
 304          0.114
 305          0.147
 306          0.139
 307          0.138
 308          0.122
 309          0.086
 310          0.077
 311          0.060
 312          0.124
 313          0.244
 314          0.103
 315          0.143
 316          0.047
 317          0.079
 318          0.089
 319          0.124
 320          0.119
 321          0.115
 322          0.168
 323          0.147
 324          0.147
 325          0.096
 326          0.104
 327          0.105
 328          0.090
 329          0.062
 330          0.080
 331          0.079
 332          0.094
 333          0.084
 334          0.105
 335          0.111
 336          0.088
 337          0.067
 338          0.056
 339          0.057
 340          0.062
 341          0.055
 342          0.054
 343          0.060
 344          0.058
 345          0.040
 346          0.039
 347          0.043
 348          0.026
 349          0.027
 350          0.027
 351          0.052
 352          0.078
 353          0.054
 354          0.025
 355          0.018
 356          0.051
 357          0.027
 358          0.043
 359          0.055
 360          0.055
 361          0.062
 362          0.031
 363          0.091
 364          0.079
 365          0.052
 366          0.029
 367          0.050
 368          0.028
 369          0.029
 370          0.055
 371          0.035
 372          0.062
 373          0.094
 374          0.049
 375          0.054
 376          0.046
 377          0.044
 378          0.107
 379          0.044
 380          0.048
 381          0.039
 382          0.015
 383          0.064
 384          0.094
 385          0.107
 386          0.085
 387          0.053
 388          0.044
 389          0.069
 390          0.070
 391          0.078
 392          0.093
 393          0.087
 394          0.085
 395          0.100
 396          0.067
 397          0.076
 398          0.088
 399          0.110
 400          0.084
 401          0.087
 402          0.084
 403          0.125
 404          0.157
 405          0.092
 406          0.069
 407          0.087
 408          0.063
 409          0.087
 410          0.096
 411          0.087
 412          0.042
 413          0.085
 414          0.087
 415          0.087
 416          0.080
 417          0.078
 418          0.099
 419          0.071
 420          0.083
 421          0.080
 422          0.083
 423          0.090
 424          0.094
 425          0.091
 426          0.094
 427          0.075
 428          0.096
 429          0.049
 430          0.050
 431          0.086
 432          0.140
 433          0.070
 434          0.066
 435          0.080
 436          0.086
 437          0.101
 438          0.115
 439          0.093
 440          0.085
 441          0.048
 442          0.068
 443          0.059
 444          0.055
 445          0.091
 446          0.085
 447          0.071
 448          0.048
 449          0.056
 450          0.086
 451          0.065
 452          0.073
 453          0.056
 454          0.037
 455          0.036
 456          0.062
 457          0.063
 458          0.078
 459          0.048
 460          0.117
 461          0.109
 462          0.052
 463          0.056
 464          0.085
 465          0.091
 466          0.076
 467          0.067
 468          0.075
 469          0.048
 470          0.093
 471          0.098
 472          0.066
 473          0.044
 474          0.056
 475          0.088
 476          0.041
 477          0.052
 478          0.096
 479          0.106
 480          0.155
 481          0.122
 482          0.145
 483          0.106
 484          0.071
 485          0.050
 486          0.053
 487          0.044

# Average distance: 0.085 nm
