# Atom index    Distance (nm)
   1          0.713
   2          0.357
   3          0.162
   4          0.077
   5          0.056
   6          0.134
   7          0.105
   8          0.068
   9          0.078
  10          0.064
  11          0.058
  12          0.120
  13          0.117
  14          0.126
  15          0.127
  16          0.127
  17          0.130
  18          0.110
  19          0.134
  20          0.147
  21          0.141
  22          0.120
  23          0.114
  24          0.088
  25          0.092
  26          0.099
  27          0.096
  28          0.094
  29          0.113
  30          0.215
  31          0.113
  32          0.083
  33          0.100
  34          0.086
  35          0.130
  36          0.137
  37          0.113
  38          0.082
  39          0.057
  40          0.072
  41          0.088
  42          0.053
  43          0.050
  44          0.055
  45          0.104
  46          0.115
  47          0.174
  48          0.116
  49          0.197
  50          0.307
  51          0.206
  52          0.112
  53          0.065
  54          0.086
  55          0.027
  56          0.059
  57          0.114
  58          0.116
  59          0.101
  60          0.109
  61          0.126
  62          0.100
  63          0.106
  64          0.109
  65          0.042
  66          0.089
  67          0.047
  68          0.047
  69          0.124
  70          0.033
  71          0.054
  72          0.042
  73          0.049
  74          0.051
  75          0.047
  76          0.113
  77          0.239
  78          0.190
  79          0.233
  80          0.208
  81          0.184
  82          0.085
  83          0.059
  84          0.042
  85          0.050
  86          0.101
  87          0.066
  88          0.113
  89          0.049
  90          0.041
  91          0.055
  92          0.067
  93          0.067
  94          0.051
  95          0.048
  96          0.083
  97          0.070
  98          0.124
  99          0.101
 100          0.097
 101          0.017
 102          0.112
 103          0.131
 104          0.103
 105          0.084
 106          0.075
 107          0.094
 108          0.096
 109          0.062
 110          0.123
 111          0.117
 112          0.096
 113          0.065
 114          0.067
 115          0.081
 116          0.076
 117          0.052
 118          0.043
 119          0.090
 120          0.065
 121          0.078
 122          0.026
 123          0.093
 124          0.086
 125          0.075
 126          0.073
 127          0.067
 128          0.029
 129          0.051
 130          0.043
 131          0.018
 132          0.066
 133          0.052
 134          0.048
 135          0.069
 136          0.059
 137          0.054
 138          0.056
 139          0.062
 140          0.036
 141          0.070
 142          0.124
 143          0.112
 144          0.106
 145          0.068
 146          0.056
 147          0.081
 148          0.082
 149          0.054
 150          0.065
 151          0.074
 152          0.101
 153          0.102
 154          0.103
 155          0.088
 156          0.096
 157          0.075
 158          0.093
 159          0.085
 160          0.040
 161          0.063
 162          0.072
 163          0.070
 164          0.032
 165          0.055
 166          0.061
 167          0.062
 168          0.062
 169          0.058
 170          0.074
 171          0.076
 172          0.012
 173          0.047
 174          0.060
 175          0.072
 176          0.083
 177          0.135
 178          0.135
 179          0.065
 180          0.074
 181          0.046
 182          0.044
 183          0.042
 184          0.033
 185          0.049
 186          0.046
 187          0.040
 188          0.024
 189          0.056
 190          0.051
 191          0.052
 192          0.054
 193          0.073
 194          0.046
 195          0.058
 196          0.055
 197          0.063
 198          0.078
 199          0.121
 200          0.096
 201          0.104
 202          0.038
 203          0.036
 204          0.037
 205          0.035
 206          0.076
 207          0.099
 208          0.045
 209          0.032
 210          0.036
 211          0.074
 212          0.069
 213          0.069
 214          0.042
 215          0.027
 216          0.027
 217          0.073
 218          0.072
 219          0.098
 220          0.155
 221          0.151
 222          0.156
 223          0.093
 224          0.079
 225          0.055
 226          0.151
 227          0.117
 228          0.104
 229          0.138
 230          0.109
 231          0.142
 232          0.136
 233          0.117
 234          0.113
 235          0.087
 236          0.086
 237          0.094
 238          0.055
 239          0.157
 240          0.150
 241          0.094
 242          0.064
 243          0.064
 244          0.078
 245          0.077
 246          0.053
 247          0.062
 248          0.038
 249          0.030
 250          0.033
 251          0.065
 252          0.046
 253          0.050
 254          0.037
 255          0.073
 256          0.010
 257          0.013
 258          0.026
 259          0.059
 260          0.075
 261          0.096
 262          0.111
 263          0.095
 264          0.110
 265          0.095
 266          0.075
 267          0.027
 268          0.046
 269          0.057
 270          0.081
 271          0.144
 272          0.123
 273          0.048
 274          0.082
 275          0.071
 276          0.037
 277          0.059
 278          0.050
 279          0.064
 280          0.054
 281          0.062
 282          0.072
 283          0.105
 284          0.057
 285          0.080
 286          0.073
 287          0.039
 288          0.021
 289          0.010
 290          0.032
 291          0.022
 292          0.051
 293          0.066
 294          0.038
 295          0.087
 296          0.120
 297          0.113
 298          0.110
 299          0.077
 300          0.022
 301          0.084
 302          0.034
 303          0.023
 304          0.046
 305          0.067
 306          0.056
 307          0.051
 308          0.095
 309          0.085
 310          0.057
 311          0.049
 312          0.120
 313          0.169
 314          0.236
 315          0.168
 316          0.071
 317          0.045
 318          0.067
 319          0.058
 320          0.099
 321          0.060
 322          0.073
 323          0.111
 324          0.130
 325          0.128
 326          0.142
 327          0.132
 328          0.098
 329          0.090
 330          0.100
 331          0.097
 332          0.092
 333          0.072
 334          0.105
 335          0.129
 336          0.035
 337          0.039
 338          0.082
 339          0.088
 340          0.078
 341          0.090
 342          0.068
 343          0.093
 344          0.156
 345          0.170
 346          0.177
 347          0.131
 348          0.087
 349          0.068
 350          0.052
 351          0.039
 352          0.096
 353          0.156
 354          0.145
 355          0.060
 356          0.086
 357          0.067
 358          0.037
 359          0.104
 360          0.092
 361          0.109
 362          0.145
 363          0.162
 364          0.093
 365          0.111
 366          0.100
 367          0.097
 368          0.080
 369          0.073
 370          0.074
 371          0.120
 372          0.125
 373          0.068
 374          0.052
 375          0.048
 376          0.072
 377          0.032
 378          0.032
 379          0.022
 380          0.033
 381          0.019
 382          0.031
 383          0.056
 384          0.057
 385          0.091
 386          0.099
 387          0.046
 388          0.061
 389          0.066
 390          0.090
 391          0.070
 392          0.089
 393          0.176
 394          0.171
 395          0.104
 396          0.107
 397          0.109
 398          0.100
 399          0.069
 400          0.093
 401          0.113
 402          0.068
 403          0.054
 404          0.103
 405          0.085
 406          0.014
 407          0.029
 408          0.063
 409          0.088
 410          0.073
 411          0.076
 412          0.070
 413          0.084
 414          0.078
 415          0.091
 416          0.075
 417          0.067
 418          0.082
 419          0.069
 420          0.099
 421          0.086
 422          0.130
 423          0.246
 424          0.149
 425          0.148
 426          0.093
 427          0.087
 428          0.104
 429          0.131
 430          0.175
 431          0.287
 432          0.308
 433          0.245
 434          0.191
 435          0.128
 436          0.140
 437          0.116
 438          0.170
 439          0.102
 440          0.028
 441          0.083
 442          0.115
 443          0.105
 444          0.106
 445          0.085
 446          0.058
 447          0.068
 448          0.133
 449          0.124
 450          0.093
 451          0.096
 452          0.110
 453          0.171
 454          0.110
 455          0.112
 456          0.155
 457          0.147
 458          0.166
 459          0.191
 460          0.252
 461          0.312
 462          0.222
 463          0.163
 464          0.104
 465          0.127
 466          0.155
 467          0.223
 468          0.299
 469          0.228
 470          0.055
 471          0.135
 472          0.124
 473          0.150
 474          0.140
 475          0.188
 476          0.150
 477          0.299
 478          0.312
 479          0.311
 480          0.280
 481          0.260
 482          0.136
 483          0.143
 484          0.152
 485          0.079
 486          0.081
 487          0.076

# Average distance: 0.095 nm
