# Atom index    Distance (nm)
   1          0.121
   2          0.067
   3          0.074
   4          0.050
   5          0.062
   6          0.040
   7          0.029
   8          0.042
   9          0.050
  10          0.026
  11          0.035
  12          0.041
  13          0.050
  14          0.068
  15          0.027
  16          0.045
  17          0.039
  18          0.032
  19          0.043
  20          0.052
  21          0.056
  22          0.120
  23          0.105
  24          0.056
  25          0.024
  26          0.055
  27          0.032
  28          0.046
  29          0.030
  30          0.124
  31          0.033
  32          0.038
  33          0.032
  34          0.025
  35          0.020
  36          0.051
  37          0.047
  38          0.063
  39          0.068
  40          0.051
  41          0.089
  42          0.091
  43          0.070
  44          0.088
  45          0.169
  46          0.250
  47          0.430
  48          0.616
  49          0.631
  50          0.429
  51          0.424
  52          0.320
  53          0.183
  54          0.060
  55          0.056
  56          0.065
  57          0.029
  58          0.050
  59          0.080
  60          0.090
  61          0.087
  62          0.048
  63          0.063
  64          0.087
  65          0.078
  66          0.125
  67          0.120
  68          0.110
  69          0.070
  70          0.115
  71          0.108
  72          0.103
  73          0.097
  74          0.059
  75          0.072
  76          0.120
  77          0.189
  78          0.172
  79          0.164
  80          0.090
  81          0.104
  82          0.086
  83          0.103
  84          0.110
  85          0.117
  86          0.109
  87          0.092
  88          0.026
  89          0.093
  90          0.117
  91          0.125
  92          0.072
  93          0.049
  94          0.069
  95          0.070
  96          0.049
  97          0.038
  98          0.058
  99          0.089
 100          0.093
 101          0.117
 102          0.091
 103          0.086
 104          0.063
 105          0.060
 106          0.030
 107          0.081
 108          0.044
 109          0.050
 110          0.060
 111          0.018
 112          0.056
 113          0.061
 114          0.047
 115          0.060
 116          0.069
 117          0.051
 118          0.077
 119          0.132
 120          0.133
 121          0.093
 122          0.088
 123          0.021
 124          0.018
 125          0.028
 126          0.032
 127          0.017
 128          0.073
 129          0.089
 130          0.077
 131          0.034
 132          0.049
 133          0.051
 134          0.026
 135          0.045
 136          0.043
 137          0.049
 138          0.053
 139          0.087
 140          0.082
 141          0.173
 142          0.187
 143          0.148
 144          0.094
 145          0.023
 146          0.064
 147          0.110
 148          0.119
 149          0.100
 150          0.085
 151          0.113
 152          0.259
 153          0.279
 154          0.256
 155          0.184
 156          0.168
 157          0.148
 158          0.076
 159          0.104
 160          0.111
 161          0.079
 162          0.072
 163          0.063
 164          0.086
 165          0.067
 166          0.030
 167          0.043
 168          0.099
 169          0.077
 170          0.074
 171          0.081
 172          0.069
 173          0.030
 174          0.038
 175          0.038
 176          0.043
 177          0.085
 178          0.060
 179          0.065
 180          0.045
 181          0.052
 182          0.051
 183          0.047
 184          0.059
 185          0.079
 186          0.089
 187          0.074
 188          0.093
 189          0.095
 190          0.096
 191          0.130
 192          0.141
 193          0.185
 194          0.195
 195          0.179
 196          0.116
 197          0.162
 198          0.191
 199          0.139
 200          0.099
 201          0.127
 202          0.114
 203          0.150
 204          0.095
 205          0.098
 206          0.088
 207          0.087
 208          0.084
 209          0.073
 210          0.077
 211          0.129
 212          0.051
 213          0.042
 214          0.048
 215          0.083
 216          0.081
 217          0.057
 218          0.090
 219          0.097
 220          0.105
 221          0.157
 222          0.137
 223          0.148
 224          0.141
 225          0.125
 226          0.113
 227          0.181
 228          0.173
 229          0.137
 230          0.184
 231          0.183
 232          0.143
 233          0.148
 234          0.120
 235          0.140
 236          0.173
 237          0.164
 238          0.181
 239          0.205
 240          0.238
 241          0.192
 242          0.119
 243          0.146
 244          0.207
 245          0.217
 246          0.140
 247          0.128
 248          0.098
 249          0.051
 250          0.030
 251          0.044
 252          0.041
 253          0.014
 254          0.035
 255          0.046
 256          0.061
 257          0.063
 258          0.028
 259          0.049
 260          0.049
 261          0.059
 262          0.013
 263          0.025
 264          0.032
 265          0.038
 266          0.025
 267          0.031
 268          0.012
 269          0.054
 270          0.055
 271          0.040
 272          0.057
 273          0.105
 274          0.026
 275          0.036
 276          0.033
 277          0.015
 278          0.006
 279          0.014
 280          0.102
 281          0.082
 282          0.089
 283          0.071
 284          0.033
 285          0.013
 286          0.008
 287          0.032
 288          0.050
 289          0.060
 290          0.060
 291          0.117
 292          0.119
 293          0.156
 294          0.143
 295          0.086
 296          0.105
 297          0.146
 298          0.164
 299          0.126
 300          0.091
 301          0.057
 302          0.036
 303          0.026
 304          0.016
 305          0.016
 306          0.034
 307          0.058
 308          0.072
 309          0.068
 310          0.064
 311          0.079
 312          0.077
 313          0.123
 314          0.135
 315          0.115
 316          0.077
 317          0.048
 318          0.063
 319          0.049
 320          0.067
 321          0.059
 322          0.060
 323          0.073
 324          0.074
 325          0.072
 326          0.046
 327          0.071
 328          0.102
 329          0.101
 330          0.108
 331          0.083
 332          0.036
 333          0.015
 334          0.057
 335          0.060
 336          0.009
 337          0.040
 338          0.069
 339          0.092
 340          0.072
 341          0.049
 342          0.051
 343          0.078
 344          0.083
 345          0.071
 346          0.057
 347          0.063
 348          0.037
 349          0.065
 350          0.098
 351          0.091
 352          0.102
 353          0.140
 354          0.116
 355          0.062
 356          0.024
 357          0.033
 358          0.027
 359          0.024
 360          0.115
 361          0.114
 362          0.121
 363          0.074
 364          0.025
 365          0.072
 366          0.049
 367          0.043
 368          0.040
 369          0.030
 370          0.034
 371          0.057
 372          0.086
 373          0.080
 374          0.082
 375          0.031
 376          0.054
 377          0.069
 378          0.062
 379          0.098
 380          0.048
 381          0.061
 382          0.014
 383          0.055
 384          0.082
 385          0.039
 386          0.030
 387          0.039
 388          0.070
 389          0.080
 390          0.078
 391          0.073
 392          0.069
 393          0.073
 394          0.122
 395          0.074
 396          0.084
 397          0.076
 398          0.083
 399          0.078
 400          0.057
 401          0.054
 402          0.036
 403          0.034
 404          0.051
 405          0.074
 406          0.087
 407          0.119
 408          0.094
 409          0.119
 410          0.069
 411          0.064
 412          0.057
 413          0.119
 414          0.086
 415          0.070
 416          0.090
 417          0.072
 418          0.055
 419          0.043
 420          0.106
 421          0.131
 422          0.139
 423          0.152
 424          0.114
 425          0.125
 426          0.107
 427          0.105
 428          0.111
 429          0.113
 430          0.166
 431          0.189
 432          0.155
 433          0.134
 434          0.114
 435          0.108
 436          0.101
 437          0.134
 438          0.177
 439          0.140
 440          0.150
 441          0.127
 442          0.129
 443          0.068
 444          0.037
 445          0.063
 446          0.052
 447          0.064
 448          0.061
 449          0.048
 450          0.053
 451          0.052
 452          0.039
 453          0.020
 454          0.034
 455          0.040
 456          0.042
 457          0.038
 458          0.027
 459          0.066
 460          0.088
 461          0.091
 462          0.077
 463          0.067
 464          0.049
 465          0.043
 466          0.050
 467          0.052
 468          0.052
 469          0.152
 470          0.132
 471          0.107
 472          0.076
 473          0.078
 474          0.078
 475          0.097
 476          0.066
 477          0.054
 478          0.114
 479          0.082
 480          0.085
 481          0.091
 482          0.061
 483          0.058
 484          0.035
 485          0.015
 486          0.045
 487          0.047

# Average distance: 0.086 nm
