# Atom index    Distance (nm)
   1          0.182
   2          0.094
   3          0.095
   4          0.070
   5          0.110
   6          0.107
   7          0.118
   8          0.140
   9          0.240
  10          0.058
  11          0.087
  12          0.085
  13          0.091
  14          0.128
  15          0.109
  16          0.102
  17          0.125
  18          0.081
  19          0.112
  20          0.070
  21          0.123
  22          0.137
  23          0.040
  24          0.038
  25          0.059
  26          0.132
  27          0.091
  28          0.091
  29          0.119
  30          0.128
  31          0.126
  32          0.105
  33          0.076
  34          0.053
  35          0.104
  36          0.095
  37          0.081
  38          0.137
  39          0.148
  40          0.157
  41          0.129
  42          0.077
  43          0.081
  44          0.133
  45          0.146
  46          0.206
  47          0.148
  48          0.129
  49          0.216
  50          0.295
  51          0.149
  52          0.113
  53          0.081
  54          0.085
  55          0.074
  56          0.056
  57          0.041
  58          0.077
  59          0.093
  60          0.064
  61          0.096
  62          0.098
  63          0.066
  64          0.075
  65          0.063
  66          0.107
  67          0.161
  68          0.217
  69          0.198
  70          0.131
  71          0.124
  72          0.137
  73          0.104
  74          0.088
  75          0.308
  76          0.075
  77          0.094
  78          0.095
  79          0.132
  80          0.121
  81          0.104
  82          0.107
  83          0.086
  84          0.074
  85          0.121
  86          0.118
  87          0.106
  88          0.058
  89          0.134
  90          0.114
  91          0.173
  92          0.096
  93          0.098
  94          0.045
  95          0.073
  96          0.073
  97          0.099
  98          0.118
  99          0.107
 100          0.110
 101          0.110
 102          0.134
 103          0.168
 104          0.147
 105          0.125
 106          0.089
 107          0.065
 108          0.055
 109          0.077
 110          0.122
 111          0.185
 112          0.080
 113          0.060
 114          0.100
 115          0.123
 116          0.173
 117          0.161
 118          0.192
 119          0.164
 120          0.118
 121          0.132
 122          0.096
 123          0.102
 124          0.080
 125          0.085
 126          0.056
 127          0.032
 128          0.220
 129          0.168
 130          0.102
 131          0.115
 132          0.076
 133          0.038
 134          0.052
 135          0.062
 136          0.064
 137          0.068
 138          0.079
 139          0.124
 140          0.111
 141          0.102
 142          0.119
 143          0.116
 144          0.108
 145          0.068
 146          0.092
 147          0.046
 148          0.014
 149          0.062
 150          0.078
 151          0.127
 152          0.143
 153          0.192
 154          0.126
 155          0.043
 156          0.045
 157          0.037
 158          0.047
 159          0.068
 160          0.069
 161          0.091
 162          0.113
 163          0.085
 164          0.135
 165          0.094
 166          0.069
 167          0.099
 168          0.075
 169          0.030
 170          0.069
 171          0.058
 172          0.062
 173          0.041
 174          0.053
 175          0.064
 176          0.073
 177          0.128
 178          0.113
 179          0.074
 180          0.065
 181          0.038
 182          0.035
 183          0.016
 184          0.029
 185          0.061
 186          0.047
 187          0.082
 188          0.025
 189          0.043
 190          0.016
 191          0.045
 192          0.048
 193          0.061
 194          0.056
 195          0.068
 196          0.080
 197          0.060
 198          0.069
 199          0.184
 200          0.122
 201          0.149
 202          0.078
 203          0.039
 204          0.025
 205          0.043
 206          0.052
 207          0.082
 208          0.082
 209          0.098
 210          0.107
 211          0.120
 212          0.075
 213          0.107
 214          0.089
 215          0.086
 216          0.080
 217          0.062
 218          0.068
 219          0.053
 220          0.058
 221          0.070
 222          0.024
 223          0.067
 224          0.100
 225          0.113
 226          0.142
 227          0.170
 228          0.201
 229          0.215
 230          0.165
 231          0.114
 232          0.123
 233          0.092
 234          0.091
 235          0.097
 236          0.145
 237          0.051
 238          0.132
 239          0.195
 240          0.124
 241          0.184
 242          0.180
 243          0.206
 244          0.178
 245          0.102
 246          0.125
 247          0.125
 248          0.095
 249          0.110
 250          0.097
 251          0.100
 252          0.092
 253          0.105
 254          0.118
 255          0.116
 256          0.059
 257          0.067
 258          0.056
 259          0.062
 260          0.106
 261          0.087
 262          0.160
 263          0.222
 264          0.182
 265          0.168
 266          0.098
 267          0.117
 268          0.119
 269          0.171
 270          0.271
 271          0.290
 272          0.202
 273          0.169
 274          0.024
 275          0.073
 276          0.093
 277          0.112
 278          0.160
 279          0.187
 280          0.155
 281          0.103
 282          0.100
 283          0.137
 284          0.169
 285          0.185
 286          0.117
 287          0.101
 288          0.092
 289          0.119
 290          0.098
 291          0.073
 292          0.062
 293          0.036
 294          0.031
 295          0.037
 296          0.078
 297          0.075
 298          0.083
 299          0.093
 300          0.083
 301          0.050
 302          0.092
 303          0.132
 304          0.195
 305          0.140
 306          0.140
 307          0.123
 308          0.099
 309          0.056
 310          0.067
 311          0.067
 312          0.082
 313          0.066
 314          0.098
 315          0.110
 316          0.143
 317          0.101
 318          0.098
 319          0.135
 320          0.146
 321          0.107
 322          0.108
 323          0.094
 324          0.073
 325          0.089
 326          0.144
 327          0.115
 328          0.048
 329          0.145
 330          0.234
 331          0.228
 332          0.144
 333          0.080
 334          0.110
 335          0.143
 336          0.136
 337          0.127
 338          0.105
 339          0.076
 340          0.069
 341          0.059
 342          0.081
 343          0.064
 344          0.062
 345          0.115
 346          0.094
 347          0.066
 348          0.083
 349          0.090
 350          0.087
 351          0.092
 352          0.180
 353          0.263
 354          0.300
 355          0.176
 356          0.112
 357          0.086
 358          0.099
 359          0.092
 360          0.201
 361          0.131
 362          0.169
 363          0.124
 364          0.164
 365          0.145
 366          0.109
 367          0.093
 368          0.073
 369          0.172
 370          0.120
 371          0.156
 372          0.064
 373          0.056
 374          0.053
 375          0.043
 376          0.075
 377          0.070
 378          0.088
 379          0.057
 380          0.077
 381          0.074
 382          0.076
 383          0.074
 384          0.073
 385          0.071
 386          0.077
 387          0.078
 388          0.078
 389          0.078
 390          0.084
 391          0.058
 392          0.048
 393          0.043
 394          0.052
 395          0.054
 396          0.063
 397          0.075
 398          0.072
 399          0.068
 400          0.101
 401          0.076
 402          0.097
 403          0.207
 404          0.172
 405          0.104
 406          0.107
 407          0.096
 408          0.100
 409          0.115
 410          0.088
 411          0.061
 412          0.081
 413          0.109
 414          0.133
 415          0.028
 416          0.105
 417          0.074
 418          0.059
 419          0.121
 420          0.092
 421          0.095
 422          0.102
 423          0.171
 424          0.086
 425          0.080
 426          0.043
 427          0.061
 428          0.058
 429          0.099
 430          0.143
 431          0.195
 432          0.089
 433          0.085
 434          0.051
 435          0.054
 436          0.068
 437          0.079
 438          0.105
 439          0.074
 440          0.099
 441          0.094
 442          0.027
 443          0.039
 444          0.080
 445          0.090
 446          0.093
 447          0.099
 448          0.069
 449          0.073
 450          0.059
 451          0.069
 452          0.061
 453          0.036
 454          0.061
 455          0.070
 456          0.043
 457          0.030
 458          0.025
 459          0.079
 460          0.215
 461          0.064
 462          0.063
 463          0.048
 464          0.013
 465          0.032
 466          0.044
 467          0.024
 468          0.038
 469          0.060
 470          0.132
 471          0.062
 472          0.041
 473          0.059
 474          0.067
 475          0.104
 476          0.101
 477          0.124
 478          0.141
 479          0.105
 480          0.051
 481          0.035
 482          0.035
 483          0.031
 484          0.021
 485          0.026
 486          0.027
 487          0.068

# Average distance: 0.099 nm
