# Atom index    Distance (nm)
   1          0.643
   2          0.610
   3          0.257
   4          0.242
   5          0.199
   6          0.195
   7          0.146
   8          0.134
   9          0.113
  10          0.092
  11          0.079
  12          0.131
  13          0.125
  14          0.079
  15          0.059
  16          0.071
  17          0.077
  18          0.034
  19          0.056
  20          0.107
  21          0.168
  22          0.207
  23          0.128
  24          0.089
  25          0.092
  26          0.100
  27          0.069
  28          0.051
  29          0.052
  30          0.090
  31          0.089
  32          0.052
  33          0.058
  34          0.054
  35          0.072
  36          0.110
  37          0.135
  38          0.110
  39          0.092
  40          0.082
  41          0.101
  42          0.136
  43          0.155
  44          0.183
  45          0.302
  46          0.531
  47          0.737
  48          1.112
  49          0.957
  50          0.581
  51          0.373
  52          0.062
  53          0.098
  54          0.084
  55          0.069
  56          0.051
  57          0.091
  58          0.121
  59          0.117
  60          0.120
  61          0.168
  62          0.170
  63          0.135
  64          0.092
  65          0.099
  66          0.111
  67          0.158
  68          0.160
  69          0.180
  70          0.160
  71          0.150
  72          0.091
  73          0.094
  74          0.077
  75          0.115
  76          0.190
  77          0.274
  78          0.403
  79          0.268
  80          0.233
  81          0.135
  82          0.181
  83          0.097
  84          0.117
  85          0.070
  86          0.076
  87          0.070
  88          0.073
  89          0.076
  90          0.132
  91          0.237
  92          0.225
  93          0.165
  94          0.049
  95          0.052
  96          0.054
  97          0.040
  98          0.087
  99          0.113
 100          0.168
 101          0.154
 102          0.164
 103          0.142
 104          0.143
 105          0.078
 106          0.062
 107          0.038
 108          0.129
 109          0.119
 110          0.136
 111          0.142
 112          0.146
 113          0.040
 114          0.067
 115          0.066
 116          0.150
 117          0.175
 118          0.196
 119          0.143
 120          0.131
 121          0.121
 122          0.119
 123          0.065
 124          0.035
 125          0.029
 126          0.053
 127          0.047
 128          0.059
 129          0.039
 130          0.050
 131          0.098
 132          0.079
 133          0.086
 134          0.047
 135          0.086
 136          0.081
 137          0.063
 138          0.062
 139          0.067
 140          0.048
 141          0.077
 142          0.138
 143          0.154
 144          0.154
 145          0.105
 146          0.042
 147          0.031
 148          0.043
 149          0.082
 150          0.031
 151          0.057
 152          0.037
 153          0.165
 154          0.107
 155          0.104
 156          0.102
 157          0.080
 158          0.070
 159          0.034
 160          0.132
 161          0.124
 162          0.148
 163          0.147
 164          0.081
 165          0.074
 166          0.077
 167          0.060
 168          0.083
 169          0.054
 170          0.051
 171          0.069
 172          0.060
 173          0.088
 174          0.102
 175          0.072
 176          0.141
 177          0.116
 178          0.115
 179          0.156
 180          0.073
 181          0.072
 182          0.090
 183          0.055
 184          0.065
 185          0.070
 186          0.090
 187          0.082
 188          0.059
 189          0.103
 190          0.124
 191          0.094
 192          0.097
 193          0.106
 194          0.113
 195          0.154
 196          0.113
 197          0.117
 198          0.120
 199          0.136
 200          0.130
 201          0.204
 202          0.182
 203          0.102
 204          0.098
 205          0.100
 206          0.099
 207          0.077
 208          0.051
 209          0.043
 210          0.079
 211          0.123
 212          0.282
 213          0.295
 214          0.128
 215          0.104
 216          0.081
 217          0.084
 218          0.063
 219          0.118
 220          0.113
 221          0.143
 222          0.068
 223          0.056
 224          0.058
 225          0.069
 226          0.095
 227          0.090
 228          0.074
 229          0.055
 230          0.062
 231          0.031
 232          0.065
 233          0.098
 234          0.117
 235          0.108
 236          0.083
 237          0.107
 238          0.191
 239          0.362
 240          0.286
 241          0.119
 242          0.094
 243          0.098
 244          0.058
 245          0.072
 246          0.054
 247          0.038
 248          0.138
 249          0.141
 250          0.126
 251          0.109
 252          0.078
 253          0.079
 254          0.053
 255          0.062
 256          0.055
 257          0.075
 258          0.051
 259          0.083
 260          0.104
 261          0.110
 262          0.105
 263          0.139
 264          0.119
 265          0.143
 266          0.136
 267          0.131
 268          0.108
 269          0.119
 270          0.140
 271          0.104
 272          0.117
 273          0.134
 274          0.094
 275          0.169
 276          0.167
 277          0.130
 278          0.160
 279          0.107
 280          0.107
 281          0.061
 282          0.051
 283          0.019
 284          0.066
 285          0.083
 286          0.071
 287          0.039
 288          0.045
 289          0.057
 290          0.087
 291          0.165
 292          0.120
 293          0.223
 294          0.123
 295          0.213
 296          0.225
 297          0.207
 298          0.172
 299          0.159
 300          0.102
 301          0.060
 302          0.057
 303          0.057
 304          0.047
 305          0.055
 306          0.046
 307          0.041
 308          0.044
 309          0.039
 310          0.043
 311          0.086
 312          0.134
 313          0.075
 314          0.081
 315          0.095
 316          0.116
 317          0.086
 318          0.045
 319          0.048
 320          0.065
 321          0.025
 322          0.119
 323          0.144
 324          0.153
 325          0.180
 326          0.214
 327          0.158
 328          0.121
 329          0.153
 330          0.168
 331          0.149
 332          0.103
 333          0.069
 334          0.039
 335          0.042
 336          0.076
 337          0.082
 338          0.056
 339          0.033
 340          0.040
 341          0.093
 342          0.158
 343          0.144
 344          0.211
 345          0.262
 346          0.299
 347          0.244
 348          0.178
 349          0.142
 350          0.164
 351          0.152
 352          0.173
 353          0.196
 354          0.142
 355          0.156
 356          0.145
 357          0.147
 358          0.175
 359          0.191
 360          0.282
 361          0.296
 362          0.317
 363          0.229
 364          0.102
 365          0.184
 366          0.166
 367          0.151
 368          0.104
 369          0.040
 370          0.033
 371          0.097
 372          0.097
 373          0.072
 374          0.047
 375          0.044
 376          0.038
 377          0.061
 378          0.013
 379          0.038
 380          0.085
 381          0.076
 382          0.048
 383          0.079
 384          0.042
 385          0.051
 386          0.089
 387          0.036
 388          0.037
 389          0.021
 390          0.032
 391          0.050
 392          0.047
 393          0.066
 394          0.245
 395          0.213
 396          0.155
 397          0.091
 398          0.046
 399          0.044
 400          0.043
 401          0.046
 402          0.059
 403          0.080
 404          0.066
 405          0.050
 406          0.034
 407          0.033
 408          0.064
 409          0.035
 410          0.043
 411          0.089
 412          0.119
 413          0.108
 414          0.094
 415          0.027
 416          0.033
 417          0.058
 418          0.079
 419          0.066
 420          0.012
 421          0.060
 422          0.251
 423          0.165
 424          0.127
 425          0.062
 426          0.026
 427          0.063
 428          0.044
 429          0.087
 430          0.156
 431          0.124
 432          0.139
 433          0.136
 434          0.151
 435          0.076
 436          0.051
 437          0.056
 438          0.048
 439          0.058
 440          0.071
 441          0.104
 442          0.126
 443          0.094
 444          0.075
 445          0.079
 446          0.050
 447          0.023
 448          0.021
 449          0.019
 450          0.022
 451          0.072
 452          0.169
 453          0.090
 454          0.054
 455          0.018
 456          0.033
 457          0.049
 458          0.058
 459          0.109
 460          0.143
 461          0.146
 462          0.098
 463          0.067
 464          0.070
 465          0.076
 466          0.099
 467          0.141
 468          0.173
 469          0.184
 470          0.131
 471          0.123
 472          0.115
 473          0.077
 474          0.059
 475          0.082
 476          0.097
 477          0.155
 478          0.115
 479          0.132
 480          0.102
 481          0.064
 482          0.137
 483          0.087
 484          0.092
 485          0.044
 486          0.039
 487          0.010

# Average distance: 0.114 nm
