# Atom index    Distance (nm)
   1          0.324
   2          0.194
   3          0.054
   4          0.093
   5          0.047
   6          0.047
   7          0.083
   8          0.080
   9          0.084
  10          0.070
  11          0.061
  12          0.061
  13          0.091
  14          0.116
  15          0.077
  16          0.128
  17          0.122
  18          0.099
  19          0.073
  20          0.077
  21          0.093
  22          0.120
  23          0.102
  24          0.128
  25          0.138
  26          0.119
  27          0.085
  28          0.090
  29          0.099
  30          0.070
  31          0.042
  32          0.107
  33          0.049
  34          0.075
  35          0.051
  36          0.070
  37          0.045
  38          0.028
  39          0.051
  40          0.065
  41          0.061
  42          0.080
  43          0.080
  44          0.118
  45          0.187
  46          0.148
  47          0.182
  48          0.370
  49          0.304
  50          0.402
  51          0.279
  52          0.070
  53          0.095
  54          0.100
  55          0.064
  56          0.050
  57          0.072
  58          0.072
  59          0.038
  60          0.042
  61          0.024
  62          0.058
  63          0.061
  64          0.035
  65          0.021
  66          0.019
  67          0.056
  68          0.022
  69          0.023
  70          0.068
  71          0.042
  72          0.033
  73          0.053
  74          0.047
  75          0.082
  76          0.053
  77          0.045
  78          0.047
  79          0.052
  80          0.053
  81          0.079
  82          0.037
  83          0.047
  84          0.060
  85          0.065
  86          0.076
  87          0.069
  88          0.076
  89          0.074
  90          0.126
  91          0.153
  92          0.099
  93          0.122
  94          0.082
  95          0.144
  96          0.091
  97          0.016
  98          0.012
  99          0.031
 100          0.038
 101          0.040
 102          0.043
 103          0.038
 104          0.056
 105          0.014
 106          0.019
 107          0.024
 108          0.022
 109          0.074
 110          0.097
 111          0.100
 112          0.083
 113          0.020
 114          0.037
 115          0.025
 116          0.013
 117          0.030
 118          0.059
 119          0.078
 120          0.065
 121          0.034
 122          0.029
 123          0.043
 124          0.030
 125          0.061
 126          0.055
 127          0.071
 128          0.028
 129          0.042
 130          0.040
 131          0.053
 132          0.030
 133          0.036
 134          0.045
 135          0.028
 136          0.062
 137          0.030
 138          0.057
 139          0.068
 140          0.042
 141          0.065
 142          0.050
 143          0.046
 144          0.061
 145          0.022
 146          0.008
 147          0.068
 148          0.077
 149          0.055
 150          0.068
 151          0.041
 152          0.115
 153          0.110
 154          0.085
 155          0.031
 156          0.033
 157          0.044
 158          0.072
 159          0.046
 160          0.024
 161          0.039
 162          0.057
 163          0.054
 164          0.018
 165          0.026
 166          0.019
 167          0.076
 168          0.080
 169          0.080
 170          0.139
 171          0.095
 172          0.082
 173          0.091
 174          0.048
 175          0.054
 176          0.103
 177          0.126
 178          0.069
 179          0.059
 180          0.061
 181          0.054
 182          0.082
 183          0.083
 184          0.085
 185          0.136
 186          0.122
 187          0.112
 188          0.075
 189          0.034
 190          0.016
 191          0.033
 192          0.085
 193          0.150
 194          0.118
 195          0.081
 196          0.039
 197          0.092
 198          0.135
 199          0.067
 200          0.039
 201          0.087
 202          0.129
 203          0.098
 204          0.069
 205          0.122
 206          0.047
 207          0.023
 208          0.028
 209          0.026
 210          0.043
 211          0.110
 212          0.130
 213          0.124
 214          0.081
 215          0.068
 216          0.063
 217          0.056
 218          0.040
 219          0.054
 220          0.048
 221          0.083
 222          0.072
 223          0.122
 224          0.098
 225          0.108
 226          0.125
 227          0.085
 228          0.101
 229          0.032
 230          0.052
 231          0.109
 232          0.110
 233          0.010
 234          0.075
 235          0.097
 236          0.098
 237          0.118
 238          0.282
 239          0.324
 240          0.350
 241          0.391
 242          0.270
 243          0.110
 244          0.123
 245          0.061
 246          0.134
 247          0.106
 248          0.081
 249          0.081
 250          0.081
 251          0.048
 252          0.053
 253          0.063
 254          0.042
 255          0.024
 256          0.051
 257          0.075
 258          0.031
 259          0.047
 260          0.052
 261          0.042
 262          0.114
 263          0.109
 264          0.104
 265          0.060
 266          0.077
 267          0.085
 268          0.105
 269          0.107
 270          0.196
 271          0.226
 272          0.228
 273          0.209
 274          0.171
 275          0.072
 276          0.040
 277          0.047
 278          0.031
 279          0.046
 280          0.078
 281          0.074
 282          0.053
 283          0.033
 284          0.042
 285          0.064
 286          0.064
 287          0.053
 288          0.037
 289          0.065
 290          0.061
 291          0.125
 292          0.104
 293          0.069
 294          0.111
 295          0.262
 296          0.268
 297          0.172
 298          0.031
 299          0.056
 300          0.084
 301          0.050
 302          0.035
 303          0.105
 304          0.096
 305          0.073
 306          0.080
 307          0.090
 308          0.065
 309          0.076
 310          0.075
 311          0.058
 312          0.085
 313          0.071
 314          0.058
 315          0.042
 316          0.059
 317          0.038
 318          0.080
 319          0.078
 320          0.081
 321          0.046
 322          0.033
 323          0.009
 324          0.068
 325          0.174
 326          0.092
 327          0.132
 328          0.066
 329          0.041
 330          0.072
 331          0.063
 332          0.115
 333          0.197
 334          0.089
 335          0.104
 336          0.099
 337          0.076
 338          0.074
 339          0.094
 340          0.085
 341          0.065
 342          0.123
 343          0.100
 344          0.137
 345          0.135
 346          0.125
 347          0.100
 348          0.097
 349          0.074
 350          0.048
 351          0.081
 352          0.125
 353          0.138
 354          0.124
 355          0.080
 356          0.072
 357          0.056
 358          0.047
 359          0.040
 360          0.091
 361          0.140
 362          0.242
 363          0.386
 364          0.237
 365          0.225
 366          0.145
 367          0.142
 368          0.084
 369          0.081
 370          0.089
 371          0.049
 372          0.101
 373          0.160
 374          0.101
 375          0.107
 376          0.073
 377          0.096
 378          0.106
 379          0.120
 380          0.063
 381          0.039
 382          0.064
 383          0.025
 384          0.079
 385          0.082
 386          0.080
 387          0.067
 388          0.042
 389          0.046
 390          0.043
 391          0.065
 392          0.055
 393          0.104
 394          0.068
 395          0.048
 396          0.034
 397          0.044
 398          0.048
 399          0.043
 400          0.028
 401          0.053
 402          0.056
 403          0.056
 404          0.054
 405          0.066
 406          0.054
 407          0.081
 408          0.095
 409          0.070
 410          0.079
 411          0.062
 412          0.094
 413          0.129
 414          0.072
 415          0.110
 416          0.082
 417          0.052
 418          0.087
 419          0.088
 420          0.111
 421          0.173
 422          0.495
 423          0.495
 424          0.080
 425          0.045
 426          0.077
 427          0.072
 428          0.067
 429          0.056
 430          0.132
 431          0.122
 432          0.130
 433          0.110
 434          0.088
 435          0.051
 436          0.025
 437          0.039
 438          0.051
 439          0.041
 440          0.016
 441          0.096
 442          0.122
 443          0.086
 444          0.073
 445          0.117
 446          0.056
 447          0.076
 448          0.069
 449          0.061
 450          0.080
 451          0.131
 452          0.112
 453          0.102
 454          0.089
 455          0.082
 456          0.061
 457          0.066
 458          0.076
 459          0.060
 460          0.114
 461          0.175
 462          0.094
 463          0.093
 464          0.126
 465          0.109
 466          0.056
 467          0.069
 468          0.079
 469          0.086
 470          0.074
 471          0.024
 472          0.056
 473          0.089
 474          0.128
 475          0.098
 476          0.109
 477          0.090
 478          0.091
 479          0.124
 480          0.172
 481          0.278
 482          0.302
 483          0.190
 484          0.134
 485          0.096
 486          0.095
 487          0.099

# Average distance: 0.087 nm
