# Atom index    Distance (nm)
   1          0.464
   2          0.176
   3          0.034
   4          0.047
   5          0.056
   6          0.039
   7          0.068
   8          0.060
   9          0.079
  10          0.070
  11          0.062
  12          0.035
  13          0.064
  14          0.028
  15          0.051
  16          0.050
  17          0.059
  18          0.049
  19          0.023
  20          0.036
  21          0.057
  22          0.191
  23          0.138
  24          0.085
  25          0.059
  26          0.039
  27          0.018
  28          0.048
  29          0.055
  30          0.084
  31          0.076
  32          0.096
  33          0.076
  34          0.057
  35          0.098
  36          0.033
  37          0.057
  38          0.066
  39          0.062
  40          0.045
  41          0.030
  42          0.044
  43          0.081
  44          0.087
  45          0.111
  46          0.101
  47          0.123
  48          0.203
  49          0.169
  50          0.100
  51          0.128
  52          0.130
  53          0.146
  54          0.182
  55          0.086
  56          0.055
  57          0.040
  58          0.039
  59          0.041
  60          0.075
  61          0.083
  62          0.054
  63          0.030
  64          0.042
  65          0.087
  66          0.060
  67          0.125
  68          0.137
  69          0.130
  70          0.104
  71          0.119
  72          0.110
  73          0.086
  74          0.062
  75          0.123
  76          0.099
  77          0.098
  78          0.128
  79          0.048
  80          0.030
  81          0.067
  82          0.068
  83          0.022
  84          0.046
  85          0.056
  86          0.077
  87          0.087
  88          0.045
  89          0.101
  90          0.115
  91          0.119
  92          0.116
  93          0.111
  94          0.081
  95          0.123
  96          0.106
  97          0.063
  98          0.059
  99          0.035
 100          0.050
 101          0.021
 102          0.029
 103          0.037
 104          0.076
 105          0.058
 106          0.044
 107          0.082
 108          0.144
 109          0.201
 110          0.161
 111          0.104
 112          0.097
 113          0.068
 114          0.079
 115          0.064
 116          0.065
 117          0.074
 118          0.127
 119          0.200
 120          0.107
 121          0.111
 122          0.127
 123          0.095
 124          0.078
 125          0.086
 126          0.084
 127          0.081
 128          0.069
 129          0.062
 130          0.029
 131          0.030
 132          0.067
 133          0.067
 134          0.024
 135          0.022
 136          0.036
 137          0.076
 138          0.070
 139          0.069
 140          0.071
 141          0.112
 142          0.123
 143          0.084
 144          0.047
 145          0.034
 146          0.038
 147          0.110
 148          0.097
 149          0.073
 150          0.036
 151          0.064
 152          0.102
 153          0.100
 154          0.094
 155          0.082
 156          0.077
 157          0.062
 158          0.065
 159          0.065
 160          0.062
 161          0.042
 162          0.069
 163          0.081
 164          0.082
 165          0.072
 166          0.087
 167          0.078
 168          0.071
 169          0.042
 170          0.068
 171          0.022
 172          0.026
 173          0.025
 174          0.052
 175          0.072
 176          0.101
 177          0.075
 178          0.088
 179          0.071
 180          0.066
 181          0.068
 182          0.045
 183          0.103
 184          0.065
 185          0.088
 186          0.074
 187          0.043
 188          0.042
 189          0.043
 190          0.040
 191          0.030
 192          0.017
 193          0.036
 194          0.030
 195          0.036
 196          0.031
 197          0.025
 198          0.060
 199          0.081
 200          0.075
 201          0.066
 202          0.084
 203          0.042
 204          0.085
 205          0.058
 206          0.055
 207          0.116
 208          0.162
 209          0.112
 210          0.078
 211          0.071
 212          0.038
 213          0.090
 214          0.147
 215          0.103
 216          0.097
 217          0.081
 218          0.013
 219          0.048
 220          0.069
 221          0.091
 222          0.090
 223          0.052
 224          0.046
 225          0.092
 226          0.104
 227          0.099
 228          0.110
 229          0.101
 230          0.087
 231          0.106
 232          0.071
 233          0.090
 234          0.118
 235          0.126
 236          0.096
 237          0.071
 238          0.106
 239          0.126
 240          0.127
 241          0.167
 242          0.070
 243          0.134
 244          0.172
 245          0.110
 246          0.040
 247          0.089
 248          0.067
 249          0.081
 250          0.067
 251          0.046
 252          0.077
 253          0.089
 254          0.110
 255          0.085
 256          0.043
 257          0.073
 258          0.079
 259          0.059
 260          0.064
 261          0.046
 262          0.056
 263          0.086
 264          0.103
 265          0.126
 266          0.101
 267          0.097
 268          0.075
 269          0.064
 270          0.048
 271          0.060
 272          0.076
 273          0.024
 274          0.026
 275          0.030
 276          0.097
 277          0.102
 278          0.103
 279          0.112
 280          0.145
 281          0.161
 282          0.152
 283          0.114
 284          0.099
 285          0.039
 286          0.054
 287          0.060
 288          0.049
 289          0.051
 290          0.042
 291          0.038
 292          0.050
 293          0.126
 294          0.164
 295          0.204
 296          0.172
 297          0.141
 298          0.104
 299          0.070
 300          0.020
 301          0.019
 302          0.017
 303          0.027
 304          0.055
 305          0.091
 306          0.124
 307          0.095
 308          0.058
 309          0.062
 310          0.045
 311          0.074
 312          0.126
 313          0.079
 314          0.025
 315          0.053
 316          0.081
 317          0.048
 318          0.039
 319          0.039
 320          0.065
 321          0.058
 322          0.067
 323          0.074
 324          0.064
 325          0.067
 326          0.108
 327          0.108
 328          0.100
 329          0.069
 330          0.101
 331          0.118
 332          0.093
 333          0.075
 334          0.072
 335          0.066
 336          0.038
 337          0.025
 338          0.070
 339          0.071
 340          0.044
 341          0.039
 342          0.061
 343          0.067
 344          0.067
 345          0.019
 346          0.064
 347          0.056
 348          0.039
 349          0.048
 350          0.044
 351          0.032
 352          0.092
 353          0.149
 354          0.185
 355          0.129
 356          0.080
 357          0.026
 358          0.060
 359          0.054
 360          0.032
 361          0.018
 362          0.018
 363          0.035
 364          0.023
 365          0.033
 366          0.143
 367          0.044
 368          0.030
 369          0.034
 370          0.056
 371          0.050
 372          0.068
 373          0.026
 374          0.026
 375          0.062
 376          0.039
 377          0.045
 378          0.037
 379          0.039
 380          0.034
 381          0.026
 382          0.029
 383          0.037
 384          0.092
 385          0.033
 386          0.051
 387          0.038
 388          0.029
 389          0.026
 390          0.029
 391          0.014
 392          0.053
 393          0.106
 394          0.112
 395          0.068
 396          0.060
 397          0.083
 398          0.071
 399          0.076
 400          0.027
 401          0.033
 402          0.079
 403          0.033
 404          0.044
 405          0.069
 406          0.044
 407          0.045
 408          0.048
 409          0.022
 410          0.071
 411          0.071
 412          0.025
 413          0.054
 414          0.062
 415          0.033
 416          0.046
 417          0.024
 418          0.027
 419          0.040
 420          0.072
 421          0.082
 422          0.139
 423          0.159
 424          0.146
 425          0.143
 426          0.087
 427          0.040
 428          0.042
 429          0.048
 430          0.106
 431          0.149
 432          0.101
 433          0.032
 434          0.014
 435          0.035
 436          0.049
 437          0.077
 438          0.157
 439          0.143
 440          0.136
 441          0.139
 442          0.158
 443          0.100
 444          0.096
 445          0.045
 446          0.024
 447          0.007
 448          0.006
 449          0.015
 450          0.073
 451          0.095
 452          0.098
 453          0.053
 454          0.045
 455          0.017
 456          0.031
 457          0.042
 458          0.043
 459          0.042
 460          0.068
 461          0.091
 462          0.092
 463          0.093
 464          0.095
 465          0.032
 466          0.052
 467          0.061
 468          0.119
 469          0.057
 470          0.048
 471          0.029
 472          0.045
 473          0.034
 474          0.032
 475          0.044
 476          0.075
 477          0.049
 478          0.083
 479          0.076
 480          0.026
 481          0.070
 482          0.066
 483          0.031
 484          0.029
 485          0.033
 486          0.040
 487          0.038

# Average distance: 0.073 nm
