# Atom index    Distance (nm)
   1          0.511
   2          0.403
   3          0.228
   4          0.242
   5          0.135
   6          0.125
   7          0.125
   8          0.098
   9          0.108
  10          0.113
  11          0.072
  12          0.094
  13          0.116
  14          0.102
  15          0.084
  16          0.051
  17          0.041
  18          0.062
  19          0.058
  20          0.011
  21          0.082
  22          0.177
  23          0.152
  24          0.151
  25          0.101
  26          0.140
  27          0.124
  28          0.107
  29          0.071
  30          0.088
  31          0.131
  32          0.112
  33          0.129
  34          0.116
  35          0.179
  36          0.161
  37          0.124
  38          0.107
  39          0.071
  40          0.106
  41          0.110
  42          0.085
  43          0.143
  44          0.228
  45          0.266
  46          0.425
  47          0.442
  48          0.429
  49          0.511
  50          0.515
  51          0.440
  52          0.268
  53          0.194
  54          0.140
  55          0.100
  56          0.029
  57          0.059
  58          0.043
  59          0.051
  60          0.035
  61          0.061
  62          0.061
  63          0.079
  64          0.072
  65          0.033
  66          0.031
  67          0.044
  68          0.126
  69          0.136
  70          0.081
  71          0.086
  72          0.051
  73          0.069
  74          0.078
  75          0.055
  76          0.056
  77          0.095
  78          0.122
  79          0.123
  80          0.167
  81          0.175
  82          0.134
  83          0.095
  84          0.105
  85          0.105
  86          0.134
  87          0.113
  88          0.120
  89          0.107
  90          0.120
  91          0.133
  92          0.143
  93          0.129
  94          0.119
  95          0.086
  96          0.107
  97          0.071
  98          0.101
  99          0.085
 100          0.076
 101          0.102
 102          0.116
 103          0.133
 104          0.122
 105          0.131
 106          0.096
 107          0.095
 108          0.220
 109          0.112
 110          0.165
 111          0.146
 112          0.113
 113          0.113
 114          0.093
 115          0.110
 116          0.114
 117          0.145
 118          0.254
 119          0.365
 120          0.239
 121          0.248
 122          0.252
 123          0.154
 124          0.064
 125          0.088
 126          0.082
 127          0.044
 128          0.081
 129          0.115
 130          0.082
 131          0.094
 132          0.111
 133          0.073
 134          0.047
 135          0.023
 136          0.058
 137          0.051
 138          0.142
 139          0.114
 140          0.115
 141          0.117
 142          0.144
 143          0.141
 144          0.059
 145          0.070
 146          0.068
 147          0.091
 148          0.091
 149          0.093
 150          0.073
 151          0.040
 152          0.130
 153          0.054
 154          0.079
 155          0.129
 156          0.104
 157          0.124
 158          0.123
 159          0.078
 160          0.146
 161          0.060
 162          0.051
 163          0.050
 164          0.057
 165          0.066
 166          0.044
 167          0.037
 168          0.053
 169          0.076
 170          0.084
 171          0.086
 172          0.067
 173          0.061
 174          0.055
 175          0.120
 176          0.073
 177          0.080
 178          0.034
 179          0.009
 180          0.012
 181          0.043
 182          0.041
 183          0.020
 184          0.059
 185          0.083
 186          0.101
 187          0.062
 188          0.063
 189          0.073
 190          0.059
 191          0.085
 192          0.088
 193          0.064
 194          0.105
 195          0.094
 196          0.090
 197          0.086
 198          0.163
 199          0.159
 200          0.108
 201          0.054
 202          0.035
 203          0.039
 204          0.037
 205          0.055
 206          0.066
 207          0.052
 208          0.050
 209          0.113
 210          0.065
 211          0.068
 212          0.121
 213          0.112
 214          0.075
 215          0.067
 216          0.039
 217          0.045
 218          0.050
 219          0.125
 220          0.206
 221          0.225
 222          0.121
 223          0.101
 224          0.040
 225          0.019
 226          0.047
 227          0.125
 228          0.164
 229          0.242
 230          0.357
 231          0.430
 232          0.243
 233          0.206
 234          0.122
 235          0.086
 236          0.071
 237          0.105
 238          0.153
 239          0.080
 240          0.207
 241          0.081
 242          0.061
 243          0.070
 244          0.218
 245          0.124
 246          0.054
 247          0.035
 248          0.080
 249          0.062
 250          0.028
 251          0.033
 252          0.051
 253          0.063
 254          0.067
 255          0.061
 256          0.055
 257          0.024
 258          0.028
 259          0.073
 260          0.077
 261          0.093
 262          0.124
 263          0.081
 264          0.045
 265          0.008
 266          0.047
 267          0.062
 268          0.053
 269          0.092
 270          0.256
 271          0.289
 272          0.257
 273          0.190
 274          0.157
 275          0.090
 276          0.109
 277          0.050
 278          0.076
 279          0.049
 280          0.092
 281          0.082
 282          0.038
 283          0.042
 284          0.033
 285          0.030
 286          0.026
 287          0.033
 288          0.031
 289          0.038
 290          0.053
 291          0.068
 292          0.008
 293          0.060
 294          0.036
 295          0.049
 296          0.078
 297          0.072
 298          0.040
 299          0.008
 300          0.021
 301          0.053
 302          0.078
 303          0.066
 304          0.029
 305          0.040
 306          0.031
 307          0.083
 308          0.063
 309          0.079
 310          0.069
 311          0.090
 312          0.098
 313          0.124
 314          0.135
 315          0.111
 316          0.114
 317          0.091
 318          0.079
 319          0.102
 320          0.111
 321          0.113
 322          0.085
 323          0.167
 324          0.081
 325          0.128
 326          0.049
 327          0.029
 328          0.049
 329          0.049
 330          0.042
 331          0.072
 332          0.063
 333          0.077
 334          0.081
 335          0.118
 336          0.125
 337          0.050
 338          0.047
 339          0.046
 340          0.060
 341          0.044
 342          0.061
 343          0.051
 344          0.056
 345          0.019
 346          0.098
 347          0.073
 348          0.065
 349          0.048
 350          0.094
 351          0.138
 352          0.214
 353          0.234
 354          0.214
 355          0.186
 356          0.189
 357          0.133
 358          0.087
 359          0.080
 360          0.080
 361          0.072
 362          0.115
 363          0.121
 364          0.121
 365          0.121
 366          0.159
 367          0.117
 368          0.064
 369          0.026
 370          0.053
 371          0.060
 372          0.052
 373          0.039
 374          0.018
 375          0.027
 376          0.026
 377          0.044
 378          0.040
 379          0.044
 380          0.060
 381          0.072
 382          0.077
 383          0.090
 384          0.114
 385          0.137
 386          0.121
 387          0.127
 388          0.113
 389          0.095
 390          0.149
 391          0.182
 392          0.248
 393          0.237
 394          0.346
 395          0.286
 396          0.191
 397          0.103
 398          0.069
 399          0.084
 400          0.130
 401          0.150
 402          0.115
 403          0.078
 404          0.030
 405          0.079
 406          0.065
 407          0.078
 408          0.076
 409          0.083
 410          0.072
 411          0.070
 412          0.081
 413          0.159
 414          0.090
 415          0.070
 416          0.061
 417          0.051
 418          0.064
 419          0.070
 420          0.099
 421          0.102
 422          0.086
 423          0.109
 424          0.078
 425          0.059
 426          0.041
 427          0.066
 428          0.054
 429          0.040
 430          0.153
 431          0.043
 432          0.063
 433          0.098
 434          0.083
 435          0.055
 436          0.047
 437          0.081
 438          0.070
 439          0.138
 440          0.158
 441          0.172
 442          0.192
 443          0.168
 444          0.031
 445          0.062
 446          0.047
 447          0.072
 448          0.070
 449          0.041
 450          0.081
 451          0.039
 452          0.031
 453          0.030
 454          0.037
 455          0.030
 456          0.057
 457          0.076
 458          0.056
 459          0.056
 460          0.179
 461          0.099
 462          0.057
 463          0.075
 464          0.046
 465          0.030
 466          0.041
 467          0.062
 468          0.117
 469          0.128
 470          0.120
 471          0.099
 472          0.077
 473          0.045
 474          0.112
 475          0.154
 476          0.251
 477          0.141
 478          0.088
 479          0.113
 480          0.091
 481          0.072
 482          0.103
 483          0.074
 484          0.053
 485          0.055
 486          0.101
 487          0.063

# Average distance: 0.101 nm
