# Atom index    Distance (nm)
   1          0.116
   2          0.186
   3          0.102
   4          0.034
   5          0.056
   6          0.058
   7          0.041
   8          0.065
   9          0.050
  10          0.055
  11          0.042
  12          0.084
  13          0.219
  14          0.191
  15          0.102
  16          0.039
  17          0.041
  18          0.040
  19          0.015
  20          0.028
  21          0.087
  22          0.045
  23          0.079
  24          0.067
  25          0.059
  26          0.067
  27          0.030
  28          0.033
  29          0.021
  30          0.091
  31          0.051
  32          0.088
  33          0.067
  34          0.074
  35          0.057
  36          0.065
  37          0.026
  38          0.030
  39          0.008
  40          0.019
  41          0.025
  42          0.038
  43          0.062
  44          0.121
  45          0.150
  46          0.401
  47          0.359
  48          0.471
  49          0.562
  50          0.488
  51          0.273
  52          0.126
  53          0.084
  54          0.108
  55          0.089
  56          0.053
  57          0.039
  58          0.068
  59          0.054
  60          0.055
  61          0.048
  62          0.028
  63          0.058
  64          0.049
  65          0.054
  66          0.078
  67          0.059
  68          0.041
  69          0.034
  70          0.120
  71          0.065
  72          0.040
  73          0.039
  74          0.038
  75          0.084
  76          0.080
  77          0.114
  78          0.138
  79          0.051
  80          0.171
  81          0.181
  82          0.125
  83          0.092
  84          0.112
  85          0.092
  86          0.108
  87          0.103
  88          0.069
  89          0.096
  90          0.109
  91          0.272
  92          0.261
  93          0.225
  94          0.097
  95          0.082
  96          0.055
  97          0.065
  98          0.062
  99          0.086
 100          0.089
 101          0.096
 102          0.083
 103          0.099
 104          0.110
 105          0.085
 106          0.039
 107          0.076
 108          0.065
 109          0.049
 110          0.059
 111          0.090
 112          0.031
 113          0.086
 114          0.065
 115          0.047
 116          0.089
 117          0.072
 118          0.069
 119          0.055
 120          0.046
 121          0.068
 122          0.069
 123          0.037
 124          0.022
 125          0.026
 126          0.048
 127          0.061
 128          0.053
 129          0.079
 130          0.072
 131          0.029
 132          0.125
 133          0.079
 134          0.060
 135          0.047
 136          0.053
 137          0.049
 138          0.053
 139          0.061
 140          0.048
 141          0.040
 142          0.062
 143          0.082
 144          0.089
 145          0.052
 146          0.056
 147          0.061
 148          0.049
 149          0.024
 150          0.053
 151          0.039
 152          0.090
 153          0.099
 154          0.070
 155          0.067
 156          0.029
 157          0.042
 158          0.071
 159          0.054
 160          0.082
 161          0.093
 162          0.135
 163          0.149
 164          0.071
 165          0.115
 166          0.118
 167          0.113
 168          0.081
 169          0.078
 170          0.101
 171          0.070
 172          0.054
 173          0.047
 174          0.080
 175          0.066
 176          0.126
 177          0.141
 178          0.084
 179          0.084
 180          0.094
 181          0.094
 182          0.067
 183          0.066
 184          0.058
 185          0.052
 186          0.057
 187          0.057
 188          0.038
 189          0.057
 190          0.057
 191          0.072
 192          0.103
 193          0.109
 194          0.050
 195          0.058
 196          0.036
 197          0.041
 198          0.094
 199          0.147
 200          0.066
 201          0.068
 202          0.094
 203          0.118
 204          0.094
 205          0.149
 206          0.106
 207          0.119
 208          0.089
 209          0.040
 210          0.065
 211          0.055
 212          0.151
 213          0.067
 214          0.076
 215          0.097
 216          0.086
 217          0.053
 218          0.086
 219          0.155
 220          0.140
 221          0.119
 222          0.134
 223          0.083
 224          0.055
 225          0.064
 226          0.044
 227          0.089
 228          0.093
 229          0.195
 230          0.220
 231          0.070
 232          0.074
 233          0.039
 234          0.045
 235          0.031
 236          0.075
 237          0.183
 238          0.488
 239          0.541
 240          0.528
 241          0.494
 242          0.260
 243          0.300
 244          0.095
 245          0.052
 246          0.051
 247          0.045
 248          0.047
 249          0.064
 250          0.069
 251          0.078
 252          0.047
 253          0.050
 254          0.111
 255          0.122
 256          0.116
 257          0.104
 258          0.080
 259          0.105
 260          0.117
 261          0.134
 262          0.143
 263          0.134
 264          0.118
 265          0.057
 266          0.069
 267          0.074
 268          0.065
 269          0.090
 270          0.063
 271          0.020
 272          0.048
 273          0.101
 274          0.077
 275          0.083
 276          0.081
 277          0.063
 278          0.049
 279          0.080
 280          0.084
 281          0.084
 282          0.143
 283          0.149
 284          0.058
 285          0.081
 286          0.067
 287          0.030
 288          0.050
 289          0.125
 290          0.137
 291          0.118
 292          0.059
 293          0.090
 294          0.103
 295          0.052
 296          0.034
 297          0.038
 298          0.053
 299          0.056
 300          0.138
 301          0.121
 302          0.079
 303          0.100
 304          0.151
 305          0.082
 306          0.064
 307          0.060
 308          0.123
 309          0.139
 310          0.142
 311          0.110
 312          0.163
 313          0.124
 314          0.128
 315          0.132
 316          0.069
 317          0.104
 318          0.050
 319          0.087
 320          0.122
 321          0.088
 322          0.082
 323          0.171
 324          0.183
 325          0.118
 326          0.090
 327          0.094
 328          0.138
 329          0.102
 330          0.099
 331          0.084
 332          0.076
 333          0.066
 334          0.023
 335          0.051
 336          0.049
 337          0.048
 338          0.064
 339          0.047
 340          0.098
 341          0.091
 342          0.078
 343          0.092
 344          0.043
 345          0.082
 346          0.064
 347          0.048
 348          0.080
 349          0.032
 350          0.028
 351          0.079
 352          0.184
 353          0.255
 354          0.287
 355          0.161
 356          0.180
 357          0.130
 358          0.124
 359          0.099
 360          0.116
 361          0.100
 362          0.086
 363          0.072
 364          0.072
 365          0.062
 366          0.223
 367          0.165
 368          0.045
 369          0.072
 370          0.105
 371          0.096
 372          0.106
 373          0.159
 374          0.121
 375          0.117
 376          0.100
 377          0.101
 378          0.098
 379          0.085
 380          0.103
 381          0.072
 382          0.053
 383          0.071
 384          0.129
 385          0.094
 386          0.063
 387          0.080
 388          0.082
 389          0.067
 390          0.070
 391          0.064
 392          0.082
 393          0.101
 394          0.147
 395          0.119
 396          0.082
 397          0.100
 398          0.040
 399          0.084
 400          0.050
 401          0.105
 402          0.069
 403          0.041
 404          0.067
 405          0.055
 406          0.086
 407          0.107
 408          0.086
 409          0.088
 410          0.092
 411          0.099
 412          0.129
 413          0.085
 414          0.175
 415          0.167
 416          0.119
 417          0.061
 418          0.091
 419          0.109
 420          0.109
 421          0.067
 422          0.096
 423          0.099
 424          0.103
 425          0.096
 426          0.088
 427          0.058
 428          0.056
 429          0.033
 430          0.082
 431          0.066
 432          0.061
 433          0.040
 434          0.012
 435          0.031
 436          0.059
 437          0.081
 438          0.097
 439          0.071
 440          0.067
 441          0.046
 442          0.081
 443          0.092
 444          0.069
 445          0.080
 446          0.112
 447          0.072
 448          0.029
 449          0.042
 450          0.025
 451          0.064
 452          0.119
 453          0.074
 454          0.045
 455          0.028
 456          0.020
 457          0.049
 458          0.145
 459          0.139
 460          0.128
 461          0.119
 462          0.127
 463          0.049
 464          0.049
 465          0.054
 466          0.087
 467          0.075
 468          0.169
 469          0.144
 470          0.057
 471          0.050
 472          0.036
 473          0.058
 474          0.085
 475          0.112
 476          0.147
 477          0.146
 478          0.068
 479          0.091
 480          0.073
 481          0.140
 482          0.192
 483          0.139
 484          0.083
 485          0.076
 486          0.056
 487          0.102

# Average distance: 0.093 nm
