# Atom index    Distance (nm)
   1          0.620
   2          0.325
   3          0.176
   4          0.120
   5          0.073
   6          0.093
   7          0.100
   8          0.097
   9          0.091
  10          0.069
  11          0.068
  12          0.049
  13          0.057
  14          0.082
  15          0.034
  16          0.044
  17          0.035
  18          0.051
  19          0.100
  20          0.052
  21          0.147
  22          0.175
  23          0.074
  24          0.116
  25          0.105
  26          0.123
  27          0.105
  28          0.079
  29          0.113
  30          0.089
  31          0.074
  32          0.094
  33          0.091
  34          0.090
  35          0.182
  36          0.214
  37          0.165
  38          0.122
  39          0.115
  40          0.064
  41          0.115
  42          0.111
  43          0.081
  44          0.126
  45          0.187
  46          0.154
  47          0.279
  48          0.291
  49          0.256
  50          0.283
  51          0.350
  52          0.298
  53          0.148
  54          0.110
  55          0.045
  56          0.043
  57          0.085
  58          0.094
  59          0.097
  60          0.102
  61          0.092
  62          0.060
  63          0.046
  64          0.058
  65          0.058
  66          0.136
  67          0.364
  68          0.376
  69          0.275
  70          0.108
  71          0.290
  72          0.173
  73          0.173
  74          0.087
  75          0.134
  76          0.120
  77          0.120
  78          0.140
  79          0.061
  80          0.162
  81          0.185
  82          0.142
  83          0.087
  84          0.102
  85          0.123
  86          0.105
  87          0.050
  88          0.063
  89          0.086
  90          0.079
  91          0.072
  92          0.134
  93          0.231
  94          0.099
  95          0.120
  96          0.069
  97          0.060
  98          0.095
  99          0.129
 100          0.145
 101          0.164
 102          0.182
 103          0.147
 104          0.098
 105          0.104
 106          0.079
 107          0.093
 108          0.186
 109          0.265
 110          0.168
 111          0.181
 112          0.166
 113          0.134
 114          0.147
 115          0.068
 116          0.120
 117          0.094
 118          0.075
 119          0.059
 120          0.087
 121          0.131
 122          0.111
 123          0.111
 124          0.081
 125          0.080
 126          0.074
 127          0.089
 128          0.142
 129          0.079
 130          0.090
 131          0.064
 132          0.017
 133          0.075
 134          0.054
 135          0.057
 136          0.054
 137          0.045
 138          0.086
 139          0.087
 140          0.091
 141          0.080
 142          0.093
 143          0.097
 144          0.108
 145          0.106
 146          0.068
 147          0.067
 148          0.053
 149          0.046
 150          0.036
 151          0.098
 152          0.199
 153          0.087
 154          0.066
 155          0.053
 156          0.065
 157          0.037
 158          0.053
 159          0.046
 160          0.091
 161          0.104
 162          0.127
 163          0.132
 164          0.042
 165          0.036
 166          0.097
 167          0.065
 168          0.035
 169          0.044
 170          0.049
 171          0.022
 172          0.045
 173          0.068
 174          0.090
 175          0.070
 176          0.074
 177          0.113
 178          0.060
 179          0.071
 180          0.058
 181          0.079
 182          0.074
 183          0.040
 184          0.037
 185          0.051
 186          0.031
 187          0.056
 188          0.069
 189          0.069
 190          0.079
 191          0.099
 192          0.117
 193          0.160
 194          0.137
 195          0.102
 196          0.094
 197          0.083
 198          0.072
 199          0.099
 200          0.066
 201          0.012
 202          0.082
 203          0.073
 204          0.087
 205          0.115
 206          0.114
 207          0.104
 208          0.118
 209          0.118
 210          0.191
 211          0.184
 212          0.220
 213          0.184
 214          0.175
 215          0.116
 216          0.079
 217          0.080
 218          0.155
 219          0.174
 220          0.230
 221          0.234
 222          0.185
 223          0.186
 224          0.148
 225          0.129
 226          0.120
 227          0.110
 228          0.126
 229          0.173
 230          0.146
 231          0.093
 232          0.113
 233          0.085
 234          0.141
 235          0.132
 236          0.169
 237          0.242
 238          0.354
 239          0.241
 240          0.107
 241          0.144
 242          0.172
 243          0.224
 244          0.143
 245          0.121
 246          0.102
 247          0.064
 248          0.124
 249          0.100
 250          0.068
 251          0.119
 252          0.094
 253          0.056
 254          0.038
 255          0.034
 256          0.057
 257          0.073
 258          0.060
 259          0.058
 260          0.096
 261          0.077
 262          0.130
 263          0.166
 264          0.153
 265          0.130
 266          0.116
 267          0.075
 268          0.099
 269          0.116
 270          0.149
 271          0.215
 272          0.204
 273          0.216
 274          0.185
 275          0.092
 276          0.108
 277          0.103
 278          0.141
 279          0.133
 280          0.158
 281          0.131
 282          0.093
 283          0.063
 284          0.055
 285          0.086
 286          0.073
 287          0.057
 288          0.058
 289          0.061
 290          0.094
 291          0.077
 292          0.086
 293          0.138
 294          0.238
 295          0.260
 296          0.185
 297          0.164
 298          0.088
 299          0.061
 300          0.055
 301          0.037
 302          0.038
 303          0.039
 304          0.059
 305          0.073
 306          0.062
 307          0.046
 308          0.074
 309          0.108
 310          0.106
 311          0.066
 312          0.078
 313          0.137
 314          0.132
 315          0.095
 316          0.065
 317          0.103
 318          0.090
 319          0.115
 320          0.119
 321          0.127
 322          0.198
 323          0.229
 324          0.198
 325          0.049
 326          0.074
 327          0.072
 328          0.086
 329          0.056
 330          0.027
 331          0.070
 332          0.053
 333          0.084
 334          0.113
 335          0.095
 336          0.039
 337          0.048
 338          0.092
 339          0.055
 340          0.080
 341          0.071
 342          0.105
 343          0.078
 344          0.056
 345          0.070
 346          0.116
 347          0.052
 348          0.052
 349          0.061
 350          0.117
 351          0.177
 352          0.214
 353          0.270
 354          0.245
 355          0.195
 356          0.181
 357          0.135
 358          0.110
 359          0.079
 360          0.117
 361          0.043
 362          0.056
 363          0.078
 364          0.060
 365          0.043
 366          0.156
 367          0.081
 368          0.050
 369          0.103
 370          0.091
 371          0.098
 372          0.064
 373          0.053
 374          0.056
 375          0.067
 376          0.048
 377          0.057
 378          0.053
 379          0.051
 380          0.050
 381          0.056
 382          0.043
 383          0.052
 384          0.041
 385          0.026
 386          0.050
 387          0.078
 388          0.041
 389          0.036
 390          0.038
 391          0.051
 392          0.055
 393          0.126
 394          0.184
 395          0.139
 396          0.144
 397          0.080
 398          0.066
 399          0.057
 400          0.063
 401          0.095
 402          0.032
 403          0.028
 404          0.014
 405          0.059
 406          0.042
 407          0.054
 408          0.062
 409          0.070
 410          0.060
 411          0.050
 412          0.039
 413          0.066
 414          0.112
 415          0.105
 416          0.020
 417          0.005
 418          0.052
 419          0.053
 420          0.054
 421          0.103
 422          0.203
 423          0.140
 424          0.111
 425          0.048
 426          0.066
 427          0.076
 428          0.085
 429          0.100
 430          0.111
 431          0.114
 432          0.102
 433          0.041
 434          0.022
 435          0.068
 436          0.139
 437          0.104
 438          0.113
 439          0.110
 440          0.101
 441          0.114
 442          0.086
 443          0.067
 444          0.063
 445          0.089
 446          0.095
 447          0.088
 448          0.074
 449          0.090
 450          0.096
 451          0.121
 452          0.105
 453          0.081
 454          0.124
 455          0.111
 456          0.071
 457          0.073
 458          0.101
 459          0.155
 460          0.258
 461          0.119
 462          0.091
 463          0.041
 464          0.028
 465          0.025
 466          0.025
 467          0.103
 468          0.262
 469          0.149
 470          0.185
 471          0.087
 472          0.050
 473          0.048
 474          0.035
 475          0.062
 476          0.061
 477          0.057
 478          0.059
 479          0.089
 480          0.087
 481          0.080
 482          0.036
 483          0.043
 484          0.074
 485          0.074
 486          0.076
 487          0.024

# Average distance: 0.104 nm
