# Atom index    Distance (nm)
   1          0.330
   2          0.260
   3          0.239
   4          0.173
   5          0.149
   6          0.117
   7          0.096
   8          0.109
   9          0.073
  10          0.072
  11          0.095
  12          0.089
  13          0.126
  14          0.113
  15          0.074
  16          0.048
  17          0.071
  18          0.108
  19          0.137
  20          0.137
  21          0.226
  22          0.315
  23          0.397
  24          0.325
  25          0.187
  26          0.196
  27          0.177
  28          0.176
  29          0.037
  30          0.104
  31          0.108
  32          0.108
  33          0.128
  34          0.073
  35          0.054
  36          0.107
  37          0.107
  38          0.075
  39          0.077
  40          0.094
  41          0.108
  42          0.106
  43          0.185
  44          0.167
  45          0.233
  46          0.252
  47          0.191
  48          0.212
  49          0.308
  50          0.327
  51          0.258
  52          0.110
  53          0.077
  54          0.052
  55          0.106
  56          0.120
  57          0.136
  58          0.134
  59          0.165
  60          0.280
  61          0.265
  62          0.212
  63          0.193
  64          0.190
  65          0.190
  66          0.217
  67          0.192
  68          0.238
  69          0.285
  70          0.246
  71          0.259
  72          0.194
  73          0.199
  74          0.181
  75          0.251
  76          0.229
  77          0.285
  78          0.284
  79          0.210
  80          0.180
  81          0.157
  82          0.204
  83          0.194
  84          0.133
  85          0.096
  86          0.066
  87          0.084
  88          0.106
  89          0.145
  90          0.184
  91          0.213
  92          0.173
  93          0.125
  94          0.079
  95          0.038
  96          0.054
  97          0.073
  98          0.127
  99          0.163
 100          0.136
 101          0.192
 102          0.231
 103          0.190
 104          0.150
 105          0.168
 106          0.151
 107          0.137
 108          0.152
 109          0.185
 110          0.171
 111          0.173
 112          0.170
 113          0.158
 114          0.149
 115          0.199
 116          0.201
 117          0.194
 118          0.169
 119          0.166
 120          0.126
 121          0.178
 122          0.133
 123          0.149
 124          0.122
 125          0.083
 126          0.053
 127          0.056
 128          0.060
 129          0.051
 130          0.066
 131          0.084
 132          0.150
 133          0.133
 134          0.123
 135          0.120
 136          0.112
 137          0.102
 138          0.093
 139          0.109
 140          0.092
 141          0.226
 142          0.223
 143          0.208
 144          0.237
 145          0.120
 146          0.067
 147          0.047
 148          0.052
 149          0.110
 150          0.176
 151          0.358
 152          0.428
 153          0.462
 154          0.271
 155          0.268
 156          0.145
 157          0.148
 158          0.125
 159          0.066
 160          0.092
 161          0.091
 162          0.099
 163          0.075
 164          0.064
 165          0.070
 166          0.055
 167          0.057
 168          0.024
 169          0.043
 170          0.097
 171          0.094
 172          0.093
 173          0.051
 174          0.086
 175          0.128
 176          0.139
 177          0.050
 178          0.097
 179          0.123
 180          0.125
 181          0.110
 182          0.039
 183          0.067
 184          0.050
 185          0.038
 186          0.046
 187          0.071
 188          0.076
 189          0.092
 190          0.111
 191          0.125
 192          0.117
 193          0.168
 194          0.094
 195          0.090
 196          0.084
 197          0.081
 198          0.114
 199          0.193
 200          0.111
 201          0.094
 202          0.116
 203          0.150
 204          0.127
 205          0.162
 206          0.125
 207          0.124
 208          0.110
 209          0.131
 210          0.192
 211          0.191
 212          0.171
 213          0.178
 214          0.102
 215          0.052
 216          0.038
 217          0.081
 218          0.099
 219          0.121
 220          0.102
 221          0.188
 222          0.178
 223          0.150
 224          0.062
 225          0.093
 226          0.099
 227          0.091
 228          0.097
 229          0.392
 230          0.574
 231          0.450
 232          0.256
 233          0.073
 234          0.068
 235          0.071
 236          0.096
 237          0.167
 238          0.350
 239          0.374
 240          0.359
 241          0.359
 242          0.271
 243          0.220
 244          0.193
 245          0.130
 246          0.105
 247          0.097
 248          0.079
 249          0.089
 250          0.088
 251          0.096
 252          0.103
 253          0.099
 254          0.074
 255          0.124
 256          0.081
 257          0.092
 258          0.047
 259          0.058
 260          0.130
 261          0.111
 262          0.135
 263          0.082
 264          0.095
 265          0.047
 266          0.026
 267          0.034
 268          0.038
 269          0.027
 270          0.122
 271          0.137
 272          0.172
 273          0.121
 274          0.162
 275          0.125
 276          0.093
 277          0.088
 278          0.060
 279          0.058
 280          0.116
 281          0.125
 282          0.088
 283          0.098
 284          0.141
 285          0.118
 286          0.062
 287          0.060
 288          0.058
 289          0.102
 290          0.092
 291          0.145
 292          0.141
 293          0.092
 294          0.259
 295          0.408
 296          0.463
 297          0.366
 298          0.178
 299          0.136
 300          0.127
 301          0.101
 302          0.118
 303          0.068
 304          0.129
 305          0.191
 306          0.212
 307          0.189
 308          0.171
 309          0.151
 310          0.172
 311          0.185
 312          0.294
 313          0.322
 314          0.349
 315          0.181
 316          0.185
 317          0.127
 318          0.153
 319          0.149
 320          0.203
 321          0.185
 322          0.182
 323          0.187
 324          0.237
 325          0.238
 326          0.224
 327          0.210
 328          0.220
 329          0.263
 330          0.127
 331          0.123
 332          0.087
 333          0.093
 334          0.066
 335          0.097
 336          0.095
 337          0.111
 338          0.105
 339          0.079
 340          0.138
 341          0.156
 342          0.192
 343          0.191
 344          0.227
 345          0.229
 346          0.182
 347          0.195
 348          0.189
 349          0.196
 350          0.201
 351          0.160
 352          0.168
 353          0.203
 354          0.212
 355          0.159
 356          0.143
 357          0.160
 358          0.166
 359          0.129
 360          0.170
 361          0.195
 362          0.229
 363          0.144
 364          0.115
 365          0.207
 366          0.211
 367          0.234
 368          0.181
 369          0.128
 370          0.111
 371          0.096
 372          0.025
 373          0.035
 374          0.090
 375          0.068
 376          0.064
 377          0.083
 378          0.075
 379          0.133
 380          0.123
 381          0.115
 382          0.131
 383          0.178
 384          0.179
 385          0.169
 386          0.164
 387          0.190
 388          0.148
 389          0.158
 390          0.165
 391          0.166
 392          0.191
 393          0.190
 394          0.239
 395          0.129
 396          0.161
 397          0.159
 398          0.161
 399          0.156
 400          0.186
 401          0.204
 402          0.176
 403          0.191
 404          0.091
 405          0.063
 406          0.090
 407          0.139
 408          0.133
 409          0.117
 410          0.120
 411          0.155
 412          0.154
 413          0.100
 414          0.226
 415          0.142
 416          0.107
 417          0.089
 418          0.104
 419          0.104
 420          0.124
 421          0.100
 422          0.225
 423          0.193
 424          0.195
 425          0.120
 426          0.085
 427          0.102
 428          0.111
 429          0.124
 430          0.133
 431          0.258
 432          0.267
 433          0.210
 434          0.111
 435          0.104
 436          0.091
 437          0.097
 438          0.125
 439          0.104
 440          0.132
 441          0.132
 442          0.135
 443          0.114
 444          0.164
 445          0.100
 446          0.119
 447          0.042
 448          0.083
 449          0.099
 450          0.262
 451          0.285
 452          0.300
 453          0.415
 454          0.173
 455          0.085
 456          0.066
 457          0.077
 458          0.098
 459          0.116
 460          0.146
 461          0.171
 462          0.147
 463          0.117
 464          0.093
 465          0.140
 466          0.073
 467          0.093
 468          0.135
 469          0.072
 470          0.140
 471          0.076
 472          0.083
 473          0.116
 474          0.111
 475          0.157
 476          0.191
 477          0.236
 478          0.236
 479          0.181
 480          0.170
 481          0.227
 482          0.226
 483          0.153
 484          0.135
 485          0.129
 486          0.116
 487          0.141

# Average distance: 0.148 nm
