# Atom index    Distance (nm)
   1          0.611
   2          0.313
   3          0.094
   4          0.055
   5          0.024
   6          0.037
   7          0.048
   8          0.068
   9          0.040
  10          0.033
  11          0.052
  12          0.078
  13          0.068
  14          0.083
  15          0.086
  16          0.064
  17          0.049
  18          0.057
  19          0.018
  20          0.007
  21          0.089
  22          0.188
  23          0.225
  24          0.157
  25          0.054
  26          0.077
  27          0.060
  28          0.044
  29          0.047
  30          0.059
  31          0.035
  32          0.072
  33          0.074
  34          0.089
  35          0.078
  36          0.038
  37          0.046
  38          0.025
  39          0.038
  40          0.030
  41          0.035
  42          0.049
  43          0.055
  44          0.030
  45          0.045
  46          0.094
  47          0.112
  48          0.113
  49          0.076
  50          0.051
  51          0.080
  52          0.125
  53          0.098
  54          0.046
  55          0.031
  56          0.072
  57          0.069
  58          0.029
  59          0.043
  60          0.050
  61          0.052
  62          0.026
  63          0.027
  64          0.068
  65          0.045
  66          0.094
  67          0.052
  68          0.081
  69          0.052
  70          0.163
  71          0.057
  72          0.075
  73          0.049
  74          0.082
  75          0.094
  76          0.062
  77          0.072
  78          0.054
  79          0.099
  80          0.053
  81          0.051
  82          0.073
  83          0.085
  84          0.061
  85          0.036
  86          0.069
  87          0.114
  88          0.091
  89          0.129
  90          0.080
  91          0.087
  92          0.079
  93          0.056
  94          0.057
  95          0.063
  96          0.021
  97          0.022
  98          0.028
  99          0.032
 100          0.036
 101          0.068
 102          0.072
 103          0.065
 104          0.060
 105          0.093
 106          0.098
 107          0.039
 108          0.092
 109          0.090
 110          0.059
 111          0.040
 112          0.054
 113          0.047
 114          0.054
 115          0.059
 116          0.064
 117          0.049
 118          0.086
 119          0.050
 120          0.049
 121          0.057
 122          0.043
 123          0.036
 124          0.035
 125          0.045
 126          0.034
 127          0.031
 128          0.058
 129          0.024
 130          0.037
 131          0.032
 132          0.038
 133          0.062
 134          0.063
 135          0.051
 136          0.061
 137          0.062
 138          0.064
 139          0.056
 140          0.054
 141          0.085
 142          0.129
 143          0.068
 144          0.060
 145          0.075
 146          0.050
 147          0.072
 148          0.034
 149          0.046
 150          0.132
 151          0.250
 152          0.359
 153          0.298
 154          0.142
 155          0.111
 156          0.081
 157          0.080
 158          0.060
 159          0.073
 160          0.089
 161          0.090
 162          0.049
 163          0.083
 164          0.085
 165          0.040
 166          0.064
 167          0.088
 168          0.027
 169          0.055
 170          0.048
 171          0.082
 172          0.052
 173          0.037
 174          0.036
 175          0.086
 176          0.070
 177          0.045
 178          0.075
 179          0.093
 180          0.050
 181          0.061
 182          0.060
 183          0.058
 184          0.077
 185          0.061
 186          0.048
 187          0.065
 188          0.027
 189          0.052
 190          0.032
 191          0.016
 192          0.051
 193          0.078
 194          0.071
 195          0.063
 196          0.065
 197          0.084
 198          0.114
 199          0.121
 200          0.123
 201          0.125
 202          0.052
 203          0.052
 204          0.049
 205          0.084
 206          0.050
 207          0.038
 208          0.079
 209          0.095
 210          0.108
 211          0.106
 212          0.124
 213          0.127
 214          0.084
 215          0.052
 216          0.033
 217          0.038
 218          0.035
 219          0.032
 220          0.036
 221          0.034
 222          0.020
 223          0.026
 224          0.048
 225          0.058
 226          0.069
 227          0.100
 228          0.069
 229          0.025
 230          0.114
 231          0.049
 232          0.088
 233          0.111
 234          0.113
 235          0.073
 236          0.044
 237          0.153
 238          0.169
 239          0.119
 240          0.069
 241          0.096
 242          0.056
 243          0.045
 244          0.093
 245          0.049
 246          0.039
 247          0.047
 248          0.069
 249          0.086
 250          0.082
 251          0.085
 252          0.054
 253          0.073
 254          0.050
 255          0.048
 256          0.042
 257          0.047
 258          0.042
 259          0.099
 260          0.074
 261          0.094
 262          0.105
 263          0.079
 264          0.060
 265          0.035
 266          0.040
 267          0.046
 268          0.055
 269          0.068
 270          0.109
 271          0.075
 272          0.058
 273          0.045
 274          0.038
 275          0.040
 276          0.052
 277          0.059
 278          0.011
 279          0.083
 280          0.092
 281          0.101
 282          0.106
 283          0.105
 284          0.103
 285          0.078
 286          0.041
 287          0.027
 288          0.024
 289          0.031
 290          0.011
 291          0.054
 292          0.062
 293          0.159
 294          0.207
 295          0.297
 296          0.263
 297          0.189
 298          0.081
 299          0.057
 300          0.053
 301          0.053
 302          0.061
 303          0.052
 304          0.054
 305          0.077
 306          0.054
 307          0.096
 308          0.056
 309          0.092
 310          0.095
 311          0.070
 312          0.076
 313          0.098
 314          0.096
 315          0.026
 316          0.027
 317          0.082
 318          0.113
 319          0.063
 320          0.103
 321          0.107
 322          0.156
 323          0.156
 324          0.165
 325          0.153
 326          0.138
 327          0.121
 328          0.102
 329          0.102
 330          0.068
 331          0.073
 332          0.051
 333          0.065
 334          0.050
 335          0.031
 336          0.068
 337          0.084
 338          0.062
 339          0.044
 340          0.033
 341          0.051
 342          0.053
 343          0.070
 344          0.061
 345          0.066
 346          0.029
 347          0.029
 348          0.021
 349          0.023
 350          0.030
 351          0.032
 352          0.010
 353          0.035
 354          0.039
 355          0.062
 356          0.032
 357          0.033
 358          0.028
 359          0.025
 360          0.027
 361          0.029
 362          0.058
 363          0.050
 364          0.064
 365          0.120
 366          0.082
 367          0.057
 368          0.019
 369          0.080
 370          0.064
 371          0.038
 372          0.087
 373          0.112
 374          0.079
 375          0.043
 376          0.053
 377          0.092
 378          0.081
 379          0.043
 380          0.061
 381          0.061
 382          0.055
 383          0.046
 384          0.070
 385          0.041
 386          0.029
 387          0.023
 388          0.065
 389          0.038
 390          0.032
 391          0.041
 392          0.070
 393          0.112
 394          0.066
 395          0.037
 396          0.031
 397          0.036
 398          0.052
 399          0.021
 400          0.050
 401          0.053
 402          0.042
 403          0.034
 404          0.010
 405          0.074
 406          0.029
 407          0.038
 408          0.024
 409          0.044
 410          0.037
 411          0.051
 412          0.057
 413          0.091
 414          0.148
 415          0.147
 416          0.103
 417          0.076
 418          0.079
 419          0.056
 420          0.044
 421          0.046
 422          0.054
 423          0.061
 424          0.049
 425          0.085
 426          0.082
 427          0.084
 428          0.056
 429          0.065
 430          0.305
 431          0.261
 432          0.203
 433          0.104
 434          0.087
 435          0.084
 436          0.079
 437          0.110
 438          0.087
 439          0.074
 440          0.080
 441          0.060
 442          0.066
 443          0.097
 444          0.082
 445          0.077
 446          0.102
 447          0.092
 448          0.051
 449          0.050
 450          0.052
 451          0.078
 452          0.054
 453          0.063
 454          0.058
 455          0.045
 456          0.046
 457          0.053
 458          0.074
 459          0.100
 460          0.152
 461          0.124
 462          0.119
 463          0.061
 464          0.014
 465          0.024
 466          0.023
 467          0.084
 468          0.187
 469          0.184
 470          0.081
 471          0.073
 472          0.047
 473          0.065
 474          0.076
 475          0.110
 476          0.108
 477          0.116
 478          0.097
 479          0.045
 480          0.051
 481          0.049
 482          0.044
 483          0.054
 484          0.084
 485          0.047
 486          0.092
 487          0.086

# Average distance: 0.072 nm
