# Atom index    Distance (nm)
   1          0.921
   2          0.415
   3          0.162
   4          0.127
   5          0.129
   6          0.081
   7          0.117
   8          0.113
   9          0.103
  10          0.088
  11          0.102
  12          0.069
  13          0.063
  14          0.096
  15          0.099
  16          0.146
  17          0.110
  18          0.097
  19          0.097
  20          0.068
  21          0.054
  22          0.062
  23          0.121
  24          0.071
  25          0.026
  26          0.060
  27          0.054
  28          0.090
  29          0.083
  30          0.228
  31          0.076
  32          0.087
  33          0.080
  34          0.090
  35          0.115
  36          0.066
  37          0.056
  38          0.060
  39          0.068
  40          0.054
  41          0.072
  42          0.070
  43          0.074
  44          0.114
  45          0.127
  46          0.230
  47          0.346
  48          0.442
  49          0.518
  50          0.457
  51          0.345
  52          0.181
  53          0.118
  54          0.065
  55          0.043
  56          0.051
  57          0.054
  58          0.040
  59          0.073
  60          0.046
  61          0.100
  62          0.047
  63          0.055
  64          0.055
  65          0.047
  66          0.092
  67          0.137
  68          0.149
  69          0.136
  70          0.115
  71          0.144
  72          0.058
  73          0.017
  74          0.024
  75          0.030
  76          0.064
  77          0.094
  78          0.048
  79          0.125
  80          0.147
  81          0.085
  82          0.096
  83          0.085
  84          0.078
  85          0.052
  86          0.086
  87          0.075
  88          0.082
  89          0.056
  90          0.073
  91          0.148
  92          0.201
  93          0.207
  94          0.129
  95          0.106
  96          0.078
  97          0.081
  98          0.053
  99          0.071
 100          0.176
 101          0.185
 102          0.128
 103          0.111
 104          0.065
 105          0.020
 106          0.030
 107          0.035
 108          0.036
 109          0.063
 110          0.104
 111          0.119
 112          0.104
 113          0.138
 114          0.136
 115          0.113
 116          0.134
 117          0.077
 118          0.094
 119          0.123
 120          0.026
 121          0.056
 122          0.089
 123          0.120
 124          0.109
 125          0.082
 126          0.099
 127          0.090
 128          0.091
 129          0.072
 130          0.044
 131          0.081
 132          0.052
 133          0.088
 134          0.097
 135          0.040
 136          0.039
 137          0.031
 138          0.034
 139          0.038
 140          0.054
 141          0.046
 142          0.034
 143          0.075
 144          0.031
 145          0.020
 146          0.031
 147          0.063
 148          0.047
 149          0.077
 150          0.119
 151          0.103
 152          0.133
 153          0.133
 154          0.116
 155          0.104
 156          0.079
 157          0.045
 158          0.041
 159          0.047
 160          0.047
 161          0.035
 162          0.043
 163          0.063
 164          0.079
 165          0.059
 166          0.065
 167          0.037
 168          0.023
 169          0.024
 170          0.028
 171          0.021
 172          0.019
 173          0.052
 174          0.057
 175          0.058
 176          0.053
 177          0.041
 178          0.071
 179          0.080
 180          0.073
 181          0.075
 182          0.076
 183          0.068
 184          0.081
 185          0.100
 186          0.058
 187          0.021
 188          0.073
 189          0.036
 190          0.047
 191          0.050
 192          0.072
 193          0.085
 194          0.111
 195          0.076
 196          0.057
 197          0.035
 198          0.071
 199          0.236
 200          0.134
 201          0.122
 202          0.114
 203          0.082
 204          0.038
 205          0.061
 206          0.087
 207          0.079
 208          0.069
 209          0.109
 210          0.124
 211          0.157
 212          0.146
 213          0.139
 214          0.093
 215          0.080
 216          0.062
 217          0.090
 218          0.037
 219          0.053
 220          0.086
 221          0.168
 222          0.184
 223          0.097
 224          0.071
 225          0.065
 226          0.060
 227          0.061
 228          0.041
 229          0.101
 230          0.131
 231          0.148
 232          0.082
 233          0.046
 234          0.037
 235          0.077
 236          0.068
 237          0.096
 238          0.063
 239          0.068
 240          0.152
 241          0.117
 242          0.109
 243          0.079
 244          0.075
 245          0.069
 246          0.032
 247          0.043
 248          0.048
 249          0.035
 250          0.044
 251          0.109
 252          0.113
 253          0.046
 254          0.083
 255          0.108
 256          0.083
 257          0.097
 258          0.087
 259          0.045
 260          0.086
 261          0.109
 262          0.114
 263          0.188
 264          0.151
 265          0.154
 266          0.110
 267          0.046
 268          0.036
 269          0.092
 270          0.118
 271          0.233
 272          0.197
 273          0.062
 274          0.079
 275          0.080
 276          0.075
 277          0.088
 278          0.104
 279          0.107
 280          0.141
 281          0.154
 282          0.122
 283          0.085
 284          0.066
 285          0.048
 286          0.072
 287          0.081
 288          0.052
 289          0.051
 290          0.071
 291          0.057
 292          0.035
 293          0.048
 294          0.114
 295          0.188
 296          0.089
 297          0.083
 298          0.009
 299          0.023
 300          0.011
 301          0.012
 302          0.048
 303          0.052
 304          0.073
 305          0.131
 306          0.097
 307          0.042
 308          0.073
 309          0.054
 310          0.024
 311          0.084
 312          0.069
 313          0.181
 314          0.233
 315          0.128
 316          0.078
 317          0.056
 318          0.041
 319          0.034
 320          0.047
 321          0.061
 322          0.159
 323          0.221
 324          0.134
 325          0.165
 326          0.178
 327          0.150
 328          0.030
 329          0.031
 330          0.040
 331          0.051
 332          0.075
 333          0.046
 334          0.019
 335          0.047
 336          0.073
 337          0.058
 338          0.049
 339          0.007
 340          0.017
 341          0.049
 342          0.102
 343          0.079
 344          0.111
 345          0.139
 346          0.123
 347          0.127
 348          0.116
 349          0.069
 350          0.069
 351          0.117
 352          0.100
 353          0.099
 354          0.058
 355          0.061
 356          0.070
 357          0.087
 358          0.066
 359          0.144
 360          0.213
 361          0.137
 362          0.165
 363          0.179
 364          0.164
 365          0.192
 366          0.235
 367          0.173
 368          0.034
 369          0.028
 370          0.068
 371          0.043
 372          0.049
 373          0.119
 374          0.129
 375          0.066
 376          0.070
 377          0.041
 378          0.044
 379          0.053
 380          0.054
 381          0.059
 382          0.041
 383          0.066
 384          0.069
 385          0.056
 386          0.066
 387          0.075
 388          0.065
 389          0.061
 390          0.037
 391          0.054
 392          0.064
 393          0.047
 394          0.045
 395          0.052
 396          0.058
 397          0.016
 398          0.057
 399          0.058
 400          0.087
 401          0.083
 402          0.065
 403          0.055
 404          0.106
 405          0.134
 406          0.132
 407          0.105
 408          0.071
 409          0.061
 410          0.041
 411          0.057
 412          0.106
 413          0.076
 414          0.030
 415          0.037
 416          0.055
 417          0.063
 418          0.020
 419          0.009
 420          0.037
 421          0.058
 422          0.158
 423          0.096
 424          0.077
 425          0.049
 426          0.034
 427          0.035
 428          0.036
 429          0.043
 430          0.086
 431          0.134
 432          0.029
 433          0.047
 434          0.028
 435          0.027
 436          0.011
 437          0.084
 438          0.100
 439          0.092
 440          0.141
 441          0.162
 442          0.144
 443          0.124
 444          0.086
 445          0.052
 446          0.055
 447          0.045
 448          0.061
 449          0.078
 450          0.069
 451          0.114
 452          0.097
 453          0.096
 454          0.089
 455          0.052
 456          0.051
 457          0.013
 458          0.051
 459          0.042
 460          0.076
 461          0.061
 462          0.037
 463          0.023
 464          0.044
 465          0.047
 466          0.047
 467          0.049
 468          0.087
 469          0.097
 470          0.053
 471          0.005
 472          0.028
 473          0.035
 474          0.066
 475          0.027
 476          0.031
 477          0.079
 478          0.077
 479          0.093
 480          0.128
 481          0.071
 482          0.049
 483          0.009
 484          0.072
 485          0.069
 486          0.060
 487          0.032

# Average distance: 0.087 nm
