# Atom index    Distance (nm)
   1          1.103
   2          0.364
   3          0.335
   4          0.065
   5          0.140
   6          0.137
   7          0.133
   8          0.039
   9          0.122
  10          0.069
  11          0.098
  12          0.123
  13          0.120
  14          0.106
  15          0.109
  16          0.086
  17          0.121
  18          0.137
  19          0.102
  20          0.076
  21          0.091
  22          0.145
  23          0.155
  24          0.152
  25          0.143
  26          0.112
  27          0.093
  28          0.078
  29          0.151
  30          0.195
  31          0.094
  32          0.098
  33          0.091
  34          0.068
  35          0.120
  36          0.099
  37          0.089
  38          0.055
  39          0.128
  40          0.133
  41          0.154
  42          0.143
  43          0.227
  44          0.242
  45          0.384
  46          0.380
  47          0.299
  48          0.365
  49          0.311
  50          0.334
  51          0.275
  52          0.296
  53          0.257
  54          0.276
  55          0.261
  56          0.203
  57          0.241
  58          0.226
  59          0.236
  60          0.265
  61          0.264
  62          0.260
  63          0.245
  64          0.174
  65          0.208
  66          0.213
  67          0.228
  68          0.223
  69          0.216
  70          0.193
  71          0.214
  72          0.200
  73          0.194
  74          0.187
  75          0.254
  76          0.288
  77          0.336
  78          0.315
  79          0.347
  80          0.347
  81          0.344
  82          0.280
  83          0.253
  84          0.283
  85          0.261
  86          0.274
  87          0.261
  88          0.243
  89          0.118
  90          0.065
  91          0.026
  92          0.110
  93          0.169
  94          0.137
  95          0.160
  96          0.184
  97          0.196
  98          0.216
  99          0.229
 100          0.290
 101          0.272
 102          0.258
 103          0.251
 104          0.218
 105          0.159
 106          0.154
 107          0.052
 108          0.015
 109          0.030
 110          0.256
 111          0.325
 112          0.147
 113          0.117
 114          0.192
 115          0.190
 116          0.187
 117          0.155
 118          0.249
 119          0.073
 120          0.131
 121          0.111
 122          0.111
 123          0.104
 124          0.086
 125          0.079
 126          0.090
 127          0.096
 128          0.067
 129          0.045
 130          0.093
 131          0.120
 132          0.114
 133          0.039
 134          0.050
 135          0.051
 136          0.072
 137          0.114
 138          0.085
 139          0.114
 140          0.145
 141          0.130
 142          0.232
 143          0.214
 144          0.207
 145          0.217
 146          0.180
 147          0.160
 148          0.112
 149          0.063
 150          0.047
 151          0.107
 152          0.104
 153          0.146
 154          0.088
 155          0.102
 156          0.091
 157          0.122
 158          0.150
 159          0.170
 160          0.174
 161          0.154
 162          0.163
 163          0.166
 164          0.110
 165          0.099
 166          0.102
 167          0.097
 168          0.090
 169          0.086
 170          0.083
 171          0.093
 172          0.098
 173          0.079
 174          0.045
 175          0.051
 176          0.058
 177          0.085
 178          0.115
 179          0.150
 180          0.141
 181          0.128
 182          0.124
 183          0.104
 184          0.079
 185          0.086
 186          0.125
 187          0.091
 188          0.057
 189          0.078
 190          0.103
 191          0.143
 192          0.195
 193          0.169
 194          0.163
 195          0.143
 196          0.125
 197          0.112
 198          0.087
 199          0.211
 200          0.271
 201          0.198
 202          0.145
 203          0.186
 204          0.067
 205          0.097
 206          0.084
 207          0.118
 208          0.132
 209          0.098
 210          0.113
 211          0.120
 212          0.099
 213          0.126
 214          0.108
 215          0.104
 216          0.109
 217          0.118
 218          0.122
 219          0.160
 220          0.183
 221          0.145
 222          0.159
 223          0.158
 224          0.150
 225          0.192
 226          0.230
 227          0.221
 228          0.164
 229          0.154
 230          0.146
 231          0.153
 232          0.188
 233          0.186
 234          0.195
 235          0.178
 236          0.158
 237          0.075
 238          0.175
 239          0.278
 240          0.299
 241          0.542
 242          0.334
 243          0.228
 244          0.156
 245          0.198
 246          0.156
 247          0.164
 248          0.110
 249          0.096
 250          0.065
 251          0.050
 252          0.046
 253          0.047
 254          0.087
 255          0.059
 256          0.064
 257          0.049
 258          0.046
 259          0.063
 260          0.058
 261          0.110
 262          0.137
 263          0.118
 264          0.070
 265          0.097
 266          0.081
 267          0.101
 268          0.091
 269          0.090
 270          0.235
 271          0.437
 272          0.222
 273          0.144
 274          0.114
 275          0.122
 276          0.100
 277          0.110
 278          0.088
 279          0.061
 280          0.107
 281          0.111
 282          0.085
 283          0.066
 284          0.020
 285          0.046
 286          0.070
 287          0.070
 288          0.059
 289          0.073
 290          0.089
 291          0.167
 292          0.152
 293          0.201
 294          0.214
 295          0.202
 296          0.182
 297          0.131
 298          0.176
 299          0.144
 300          0.139
 301          0.096
 302          0.103
 303          0.071
 304          0.011
 305          0.041
 306          0.048
 307          0.076
 308          0.127
 309          0.111
 310          0.150
 311          0.181
 312          0.228
 313          0.158
 314          0.172
 315          0.214
 316          0.201
 317          0.192
 318          0.122
 319          0.097
 320          0.132
 321          0.149
 322          0.161
 323          0.154
 324          0.125
 325          0.175
 326          0.150
 327          0.140
 328          0.180
 329          0.174
 330          0.175
 331          0.191
 332          0.091
 333          0.067
 334          0.081
 335          0.057
 336          0.052
 337          0.035
 338          0.047
 339          0.057
 340          0.127
 341          0.165
 342          0.175
 343          0.165
 344          0.216
 345          0.246
 346          0.224
 347          0.224
 348          0.175
 349          0.160
 350          0.164
 351          0.146
 352          0.160
 353          0.179
 354          0.149
 355          0.116
 356          0.142
 357          0.145
 358          0.157
 359          0.193
 360          0.253
 361          0.209
 362          0.220
 363          0.285
 364          0.217
 365          0.212
 366          0.203
 367          0.142
 368          0.123
 369          0.124
 370          0.092
 371          0.073
 372          0.054
 373          0.047
 374          0.071
 375          0.096
 376          0.100
 377          0.080
 378          0.065
 379          0.094
 380          0.092
 381          0.091
 382          0.095
 383          0.107
 384          0.117
 385          0.116
 386          0.141
 387          0.150
 388          0.116
 389          0.122
 390          0.136
 391          0.166
 392          0.213
 393          0.251
 394          0.270
 395          0.188
 396          0.188
 397          0.121
 398          0.165
 399          0.147
 400          0.133
 401          0.192
 402          0.218
 403          0.261
 404          0.318
 405          0.180
 406          0.137
 407          0.127
 408          0.042
 409          0.048
 410          0.069
 411          0.062
 412          0.050
 413          0.046
 414          0.033
 415          0.053
 416          0.073
 417          0.030
 418          0.043
 419          0.053
 420          0.074
 421          0.087
 422          0.080
 423          0.056
 424          0.045
 425          0.141
 426          0.099
 427          0.036
 428          0.025
 429          0.100
 430          0.361
 431          0.330
 432          0.154
 433          0.138
 434          0.114
 435          0.071
 436          0.071
 437          0.083
 438          0.055
 439          0.317
 440          0.167
 441          0.117
 442          0.133
 443          0.106
 444          0.064
 445          0.030
 446          0.053
 447          0.033
 448          0.015
 449          0.034
 450          0.102
 451          0.121
 452          0.145
 453          0.051
 454          0.105
 455          0.060
 456          0.031
 457          0.026
 458          0.041
 459          0.136
 460          0.175
 461          0.099
 462          0.102
 463          0.068
 464          0.064
 465          0.162
 466          0.187
 467          0.193
 468          0.259
 469          0.273
 470          0.214
 471          0.204
 472          0.147
 473          0.083
 474          0.153
 475          0.240
 476          0.127
 477          0.079
 478          0.035
 479          0.090
 480          0.122
 481          0.122
 482          0.127
 483          0.075
 484          0.120
 485          0.152
 486          0.083
 487          0.082

# Average distance: 0.145 nm
