# Atom index    Distance (nm)
   1          1.504
   2          1.118
   3          0.501
   4          0.341
   5          0.127
   6          0.126
   7          0.084
   8          0.056
   9          0.040
  10          0.036
  11          0.049
  12          0.069
  13          0.125
  14          0.112
  15          0.082
  16          0.030
  17          0.041
  18          0.038
  19          0.077
  20          0.093
  21          0.085
  22          0.141
  23          0.149
  24          0.131
  25          0.132
  26          0.051
  27          0.075
  28          0.036
  29          0.060
  30          0.111
  31          0.042
  32          0.098
  33          0.088
  34          0.071
  35          0.159
  36          0.185
  37          0.089
  38          0.050
  39          0.080
  40          0.088
  41          0.101
  42          0.037
  43          0.085
  44          0.141
  45          0.151
  46          0.285
  47          0.530
  48          0.823
  49          0.810
  50          0.485
  51          0.286
  52          0.073
  53          0.055
  54          0.025
  55          0.074
  56          0.117
  57          0.105
  58          0.131
  59          0.175
  60          0.232
  61          0.199
  62          0.207
  63          0.195
  64          0.155
  65          0.154
  66          0.151
  67          0.171
  68          0.177
  69          0.235
  70          0.118
  71          0.134
  72          0.116
  73          0.084
  74          0.092
  75          0.197
  76          0.194
  77          0.211
  78          0.271
  79          0.273
  80          0.277
  81          0.256
  82          0.246
  83          0.179
  84          0.171
  85          0.089
  86          0.091
  87          0.035
  88          0.091
  89          0.084
  90          0.047
  91          0.147
  92          0.051
  93          0.099
  94          0.104
  95          0.070
  96          0.072
  97          0.047
  98          0.087
  99          0.133
 100          0.170
 101          0.193
 102          0.177
 103          0.155
 104          0.144
 105          0.131
 106          0.073
 107          0.071
 108          0.181
 109          0.262
 110          0.207
 111          0.361
 112          0.193
 113          0.122
 114          0.104
 115          0.121
 116          0.134
 117          0.147
 118          0.153
 119          0.160
 120          0.142
 121          0.137
 122          0.120
 123          0.106
 124          0.114
 125          0.096
 126          0.057
 127          0.069
 128          0.066
 129          0.073
 130          0.083
 131          0.107
 132          0.103
 133          0.092
 134          0.073
 135          0.074
 136          0.081
 137          0.070
 138          0.059
 139          0.080
 140          0.124
 141          0.129
 142          0.180
 143          0.217
 144          0.170
 145          0.133
 146          0.108
 147          0.101
 148          0.119
 149          0.117
 150          0.134
 151          0.189
 152          0.192
 153          0.150
 154          0.187
 155          0.165
 156          0.134
 157          0.117
 158          0.118
 159          0.108
 160          0.147
 161          0.114
 162          0.151
 163          0.154
 164          0.146
 165          0.147
 166          0.136
 167          0.126
 168          0.133
 169          0.122
 170          0.093
 171          0.053
 172          0.073
 173          0.100
 174          0.066
 175          0.045
 176          0.049
 177          0.047
 178          0.042
 179          0.061
 180          0.082
 181          0.090
 182          0.054
 183          0.084
 184          0.073
 185          0.068
 186          0.072
 187          0.078
 188          0.083
 189          0.062
 190          0.076
 191          0.092
 192          0.084
 193          0.165
 194          0.151
 195          0.154
 196          0.145
 197          0.122
 198          0.178
 199          0.220
 200          0.226
 201          0.241
 202          0.149
 203          0.088
 204          0.124
 205          0.133
 206          0.089
 207          0.096
 208          0.107
 209          0.134
 210          0.095
 211          0.082
 212          0.215
 213          0.247
 214          0.130
 215          0.080
 216          0.061
 217          0.066
 218          0.088
 219          0.103
 220          0.122
 221          0.064
 222          0.102
 223          0.060
 224          0.048
 225          0.034
 226          0.036
 227          0.028
 228          0.016
 229          0.127
 230          0.188
 231          0.107
 232          0.055
 233          0.063
 234          0.098
 235          0.086
 236          0.064
 237          0.093
 238          0.252
 239          0.264
 240          0.102
 241          0.265
 242          0.212
 243          0.046
 244          0.078
 245          0.083
 246          0.048
 247          0.053
 248          0.051
 249          0.103
 250          0.103
 251          0.108
 252          0.033
 253          0.084
 254          0.067
 255          0.106
 256          0.083
 257          0.066
 258          0.024
 259          0.048
 260          0.082
 261          0.186
 262          0.249
 263          0.244
 264          0.194
 265          0.162
 266          0.092
 267          0.100
 268          0.120
 269          0.158
 270          0.198
 271          0.160
 272          0.179
 273          0.188
 274          0.177
 275          0.139
 276          0.155
 277          0.150
 278          0.193
 279          0.079
 280          0.108
 281          0.155
 282          0.054
 283          0.013
 284          0.049
 285          0.098
 286          0.068
 287          0.048
 288          0.088
 289          0.098
 290          0.068
 291          0.181
 292          0.190
 293          0.231
 294          0.288
 295          0.359
 296          0.260
 297          0.196
 298          0.158
 299          0.148
 300          0.160
 301          0.098
 302          0.123
 303          0.100
 304          0.146
 305          0.180
 306          0.154
 307          0.169
 308          0.151
 309          0.144
 310          0.214
 311          0.216
 312          0.245
 313          0.205
 314          0.194
 315          0.263
 316          0.264
 317          0.198
 318          0.176
 319          0.142
 320          0.196
 321          0.215
 322          0.220
 323          0.285
 324          0.255
 325          0.287
 326          0.335
 327          0.306
 328          0.247
 329          0.191
 330          0.181
 331          0.097
 332          0.088
 333          0.109
 334          0.075
 335          0.073
 336          0.065
 337          0.065
 338          0.087
 339          0.092
 340          0.100
 341          0.086
 342          0.119
 343          0.149
 344          0.242
 345          0.280
 346          0.260
 347          0.210
 348          0.109
 349          0.148
 350          0.187
 351          0.190
 352          0.185
 353          0.213
 354          0.257
 355          0.206
 356          0.198
 357          0.176
 358          0.189
 359          0.165
 360          0.303
 361          0.199
 362          0.195
 363          0.109
 364          0.124
 365          0.200
 366          0.152
 367          0.177
 368          0.137
 369          0.143
 370          0.099
 371          0.066
 372          0.038
 373          0.076
 374          0.127
 375          0.071
 376          0.107
 377          0.099
 378          0.084
 379          0.119
 380          0.116
 381          0.104
 382          0.101
 383          0.098
 384          0.072
 385          0.137
 386          0.152
 387          0.113
 388          0.094
 389          0.108
 390          0.114
 391          0.083
 392          0.081
 393          0.188
 394          0.162
 395          0.175
 396          0.144
 397          0.108
 398          0.128
 399          0.109
 400          0.096
 401          0.130
 402          0.120
 403          0.116
 404          0.131
 405          0.147
 406          0.149
 407          0.123
 408          0.126
 409          0.111
 410          0.073
 411          0.037
 412          0.052
 413          0.090
 414          0.111
 415          0.075
 416          0.043
 417          0.064
 418          0.056
 419          0.082
 420          0.090
 421          0.115
 422          0.175
 423          0.279
 424          0.189
 425          0.104
 426          0.079
 427          0.074
 428          0.041
 429          0.050
 430          0.118
 431          0.146
 432          0.210
 433          0.134
 434          0.080
 435          0.089
 436          0.096
 437          0.062
 438          0.059
 439          0.102
 440          0.102
 441          0.073
 442          0.163
 443          0.137
 444          0.056
 445          0.064
 446          0.052
 447          0.035
 448          0.028
 449          0.057
 450          0.081
 451          0.186
 452          0.229
 453          0.072
 454          0.118
 455          0.077
 456          0.054
 457          0.083
 458          0.035
 459          0.029
 460          0.254
 461          0.104
 462          0.037
 463          0.056
 464          0.066
 465          0.083
 466          0.073
 467          0.119
 468          0.100
 469          0.076
 470          0.083
 471          0.071
 472          0.097
 473          0.079
 474          0.062
 475          0.081
 476          0.079
 477          0.096
 478          0.137
 479          0.119
 480          0.081
 481          0.109
 482          0.082
 483          0.095
 484          0.124
 485          0.180
 486          0.114
 487          0.094

# Average distance: 0.135 nm
