# Atom index    Distance (nm)
   1          0.693
   2          0.338
   3          0.201
   4          0.177
   5          0.147
   6          0.166
   7          0.133
   8          0.120
   9          0.095
  10          0.084
  11          0.099
  12          0.106
  13          0.057
  14          0.060
  15          0.051
  16          0.122
  17          0.053
  18          0.047
  19          0.040
  20          0.087
  21          0.102
  22          0.153
  23          0.150
  24          0.162
  25          0.117
  26          0.088
  27          0.101
  28          0.091
  29          0.051
  30          0.047
  31          0.098
  32          0.155
  33          0.190
  34          0.200
  35          0.137
  36          0.154
  37          0.103
  38          0.064
  39          0.141
  40          0.102
  41          0.069
  42          0.090
  43          0.086
  44          0.072
  45          0.146
  46          0.223
  47          0.243
  48          0.228
  49          0.228
  50          0.204
  51          0.248
  52          0.196
  53          0.098
  54          0.069
  55          0.079
  56          0.095
  57          0.099
  58          0.156
  59          0.157
  60          0.133
  61          0.110
  62          0.109
  63          0.094
  64          0.117
  65          0.160
  66          0.283
  67          0.370
  68          0.378
  69          0.368
  70          0.267
  71          0.306
  72          0.263
  73          0.222
  74          0.174
  75          0.216
  76          0.173
  77          0.243
  78          0.271
  79          0.171
  80          0.104
  81          0.188
  82          0.256
  83          0.169
  84          0.128
  85          0.061
  86          0.071
  87          0.097
  88          0.063
  89          0.049
  90          0.094
  91          0.206
  92          0.156
  93          0.202
  94          0.117
  95          0.066
  96          0.068
  97          0.077
  98          0.088
  99          0.135
 100          0.308
 101          0.359
 102          0.259
 103          0.226
 104          0.070
 105          0.048
 106          0.042
 107          0.051
 108          0.073
 109          0.045
 110          0.070
 111          0.079
 112          0.057
 113          0.067
 114          0.051
 115          0.038
 116          0.068
 117          0.076
 118          0.113
 119          0.086
 120          0.082
 121          0.102
 122          0.092
 123          0.018
 124          0.014
 125          0.063
 126          0.047
 127          0.061
 128          0.074
 129          0.111
 130          0.125
 131          0.131
 132          0.094
 133          0.061
 134          0.045
 135          0.044
 136          0.065
 137          0.029
 138          0.019
 139          0.018
 140          0.018
 141          0.076
 142          0.055
 143          0.017
 144          0.019
 145          0.025
 146          0.020
 147          0.049
 148          0.050
 149          0.055
 150          0.091
 151          0.181
 152          0.273
 153          0.152
 154          0.111
 155          0.075
 156          0.037
 157          0.029
 158          0.032
 159          0.042
 160          0.020
 161          0.042
 162          0.054
 163          0.062
 164          0.093
 165          0.080
 166          0.076
 167          0.062
 168          0.038
 169          0.052
 170          0.041
 171          0.034
 172          0.023
 173          0.028
 174          0.054
 175          0.062
 176          0.059
 177          0.115
 178          0.106
 179          0.051
 180          0.051
 181          0.044
 182          0.052
 183          0.038
 184          0.033
 185          0.086
 186          0.117
 187          0.089
 188          0.038
 189          0.047
 190          0.057
 191          0.044
 192          0.044
 193          0.048
 194          0.036
 195          0.040
 196          0.042
 197          0.069
 198          0.104
 199          0.144
 200          0.143
 201          0.246
 202          0.206
 203          0.041
 204          0.059
 205          0.078
 206          0.094
 207          0.107
 208          0.115
 209          0.098
 210          0.092
 211          0.116
 212          0.088
 213          0.067
 214          0.090
 215          0.076
 216          0.084
 217          0.089
 218          0.035
 219          0.050
 220          0.060
 221          0.058
 222          0.051
 223          0.042
 224          0.049
 225          0.067
 226          0.038
 227          0.056
 228          0.086
 229          0.079
 230          0.089
 231          0.085
 232          0.078
 233          0.074
 234          0.064
 235          0.042
 236          0.048
 237          0.100
 238          0.235
 239          0.103
 240          0.122
 241          0.121
 242          0.105
 243          0.185
 244          0.128
 245          0.089
 246          0.030
 247          0.040
 248          0.016
 249          0.026
 250          0.059
 251          0.065
 252          0.074
 253          0.019
 254          0.033
 255          0.028
 256          0.035
 257          0.039
 258          0.030
 259          0.041
 260          0.104
 261          0.138
 262          0.166
 263          0.183
 264          0.186
 265          0.172
 266          0.096
 267          0.091
 268          0.114
 269          0.154
 270          0.117
 271          0.161
 272          0.260
 273          0.149
 274          0.080
 275          0.077
 276          0.177
 277          0.181
 278          0.199
 279          0.160
 280          0.178
 281          0.172
 282          0.138
 283          0.165
 284          0.188
 285          0.117
 286          0.041
 287          0.037
 288          0.081
 289          0.137
 290          0.153
 291          0.137
 292          0.139
 293          0.240
 294          0.214
 295          0.331
 296          0.328
 297          0.223
 298          0.239
 299          0.192
 300          0.198
 301          0.164
 302          0.164
 303          0.139
 304          0.208
 305          0.282
 306          0.301
 307          0.224
 308          0.179
 309          0.124
 310          0.097
 311          0.076
 312          0.051
 313          0.131
 314          0.162
 315          0.103
 316          0.066
 317          0.057
 318          0.062
 319          0.092
 320          0.145
 321          0.148
 322          0.260
 323          0.365
 324          0.381
 325          0.268
 326          0.278
 327          0.259
 328          0.220
 329          0.217
 330          0.205
 331          0.233
 332          0.201
 333          0.250
 334          0.116
 335          0.125
 336          0.118
 337          0.141
 338          0.177
 339          0.180
 340          0.167
 341          0.170
 342          0.208
 343          0.156
 344          0.188
 345          0.197
 346          0.225
 347          0.195
 348          0.209
 349          0.172
 350          0.183
 351          0.188
 352          0.175
 353          0.259
 354          0.270
 355          0.242
 356          0.167
 357          0.114
 358          0.104
 359          0.134
 360          0.196
 361          0.228
 362          0.267
 363          0.227
 364          0.239
 365          0.269
 366          0.226
 367          0.228
 368          0.196
 369          0.173
 370          0.112
 371          0.107
 372          0.051
 373          0.070
 374          0.031
 375          0.063
 376          0.067
 377          0.074
 378          0.092
 379          0.071
 380          0.028
 381          0.048
 382          0.050
 383          0.031
 384          0.079
 385          0.150
 386          0.240
 387          0.074
 388          0.083
 389          0.031
 390          0.083
 391          0.096
 392          0.196
 393          0.326
 394          0.357
 395          0.331
 396          0.232
 397          0.151
 398          0.081
 399          0.089
 400          0.087
 401          0.167
 402          0.158
 403          0.136
 404          0.093
 405          0.089
 406          0.079
 407          0.039
 408          0.036
 409          0.053
 410          0.055
 411          0.042
 412          0.035
 413          0.085
 414          0.128
 415          0.117
 416          0.053
 417          0.038
 418          0.024
 419          0.040
 420          0.074
 421          0.034
 422          0.035
 423          0.219
 424          0.181
 425          0.077
 426          0.056
 427          0.052
 428          0.045
 429          0.123
 430          0.194
 431          0.274
 432          0.155
 433          0.128
 434          0.065
 435          0.090
 436          0.115
 437          0.108
 438          0.056
 439          0.058
 440          0.060
 441          0.083
 442          0.141
 443          0.097
 444          0.072
 445          0.068
 446          0.061
 447          0.026
 448          0.049
 449          0.037
 450          0.035
 451          0.057
 452          0.088
 453          0.056
 454          0.072
 455          0.078
 456          0.105
 457          0.070
 458          0.027
 459          0.027
 460          0.095
 461          0.081
 462          0.062
 463          0.069
 464          0.057
 465          0.046
 466          0.045
 467          0.070
 468          0.066
 469          0.083
 470          0.055
 471          0.082
 472          0.087
 473          0.080
 474          0.078
 475          0.076
 476          0.064
 477          0.039
 478          0.053
 479          0.147
 480          0.150
 481          0.033
 482          0.026
 483          0.107
 484          0.086
 485          0.069
 486          0.091
 487          0.090

# Average distance: 0.117 nm
