# Atom index    Distance (nm)
   1          0.104
   2          0.076
   3          0.030
   4          0.061
   5          0.065
   6          0.077
   7          0.080
   8          0.062
   9          0.029
  10          0.042
  11          0.049
  12          0.087
  13          0.113
  14          0.126
  15          0.091
  16          0.038
  17          0.008
  18          0.029
  19          0.084
  20          0.106
  21          0.198
  22          0.230
  23          0.303
  24          0.327
  25          0.312
  26          0.270
  27          0.170
  28          0.151
  29          0.029
  30          0.122
  31          0.027
  32          0.045
  33          0.065
  34          0.112
  35          0.172
  36          0.169
  37          0.146
  38          0.064
  39          0.097
  40          0.065
  41          0.052
  42          0.024
  43          0.026
  44          0.079
  45          0.205
  46          0.376
  47          0.259
  48          0.273
  49          0.312
  50          0.164
  51          0.155
  52          0.169
  53          0.113
  54          0.119
  55          0.102
  56          0.091
  57          0.095
  58          0.117
  59          0.137
  60          0.184
  61          0.161
  62          0.162
  63          0.145
  64          0.151
  65          0.189
  66          0.272
  67          0.232
  68          0.200
  69          0.179
  70          0.218
  71          0.242
  72          0.229
  73          0.205
  74          0.172
  75          0.227
  76          0.204
  77          0.256
  78          0.225
  79          0.202
  80          0.265
  81          0.259
  82          0.242
  83          0.170
  84          0.177
  85          0.137
  86          0.185
  87          0.186
  88          0.107
  89          0.114
  90          0.076
  91          0.121
  92          0.110
  93          0.118
  94          0.132
  95          0.125
  96          0.136
  97          0.111
  98          0.173
  99          0.190
 100          0.189
 101          0.208
 102          0.281
 103          0.261
 104          0.182
 105          0.115
 106          0.111
 107          0.103
 108          0.090
 109          0.061
 110          0.086
 111          0.078
 112          0.153
 113          0.092
 114          0.105
 115          0.101
 116          0.133
 117          0.135
 118          0.120
 119          0.102
 120          0.101
 121          0.142
 122          0.119
 123          0.116
 124          0.136
 125          0.110
 126          0.092
 127          0.037
 128          0.058
 129          0.074
 130          0.053
 131          0.074
 132          0.084
 133          0.057
 134          0.060
 135          0.068
 136          0.073
 137          0.104
 138          0.134
 139          0.134
 140          0.162
 141          0.184
 142          0.212
 143          0.177
 144          0.089
 145          0.093
 146          0.093
 147          0.088
 148          0.080
 149          0.091
 150          0.104
 151          0.130
 152          0.118
 153          0.154
 154          0.159
 155          0.108
 156          0.109
 157          0.121
 158          0.127
 159          0.090
 160          0.080
 161          0.097
 162          0.086
 163          0.066
 164          0.053
 165          0.015
 166          0.039
 167          0.051
 168          0.063
 169          0.063
 170          0.079
 171          0.063
 172          0.072
 173          0.063
 174          0.055
 175          0.071
 176          0.125
 177          0.077
 178          0.055
 179          0.056
 180          0.058
 181          0.077
 182          0.090
 183          0.113
 184          0.061
 185          0.023
 186          0.095
 187          0.076
 188          0.059
 189          0.086
 190          0.125
 191          0.144
 192          0.137
 193          0.161
 194          0.161
 195          0.143
 196          0.138
 197          0.103
 198          0.104
 199          0.140
 200          0.101
 201          0.092
 202          0.190
 203          0.118
 204          0.075
 205          0.093
 206          0.089
 207          0.102
 208          0.095
 209          0.064
 210          0.117
 211          0.140
 212          0.097
 213          0.126
 214          0.102
 215          0.161
 216          0.138
 217          0.116
 218          0.073
 219          0.077
 220          0.125
 221          0.194
 222          0.174
 223          0.163
 224          0.136
 225          0.161
 226          0.128
 227          0.089
 228          0.085
 229          0.086
 230          0.101
 231          0.103
 232          0.104
 233          0.146
 234          0.158
 235          0.141
 236          0.156
 237          0.116
 238          0.253
 239          0.274
 240          0.183
 241          0.355
 242          0.263
 243          0.137
 244          0.178
 245          0.141
 246          0.132
 247          0.139
 248          0.142
 249          0.122
 250          0.133
 251          0.118
 252          0.112
 253          0.090
 254          0.082
 255          0.069
 256          0.058
 257          0.068
 258          0.097
 259          0.084
 260          0.060
 261          0.086
 262          0.111
 263          0.123
 264          0.129
 265          0.057
 266          0.043
 267          0.047
 268          0.016
 269          0.045
 270          0.049
 271          0.048
 272          0.098
 273          0.170
 274          0.093
 275          0.052
 276          0.091
 277          0.033
 278          0.058
 279          0.024
 280          0.022
 281          0.025
 282          0.032
 283          0.024
 284          0.032
 285          0.042
 286          0.063
 287          0.064
 288          0.087
 289          0.080
 290          0.113
 291          0.085
 292          0.065
 293          0.132
 294          0.147
 295          0.198
 296          0.189
 297          0.182
 298          0.154
 299          0.104
 300          0.073
 301          0.080
 302          0.125
 303          0.087
 304          0.091
 305          0.084
 306          0.080
 307          0.100
 308          0.105
 309          0.131
 310          0.103
 311          0.109
 312          0.115
 313          0.090
 314          0.087
 315          0.091
 316          0.157
 317          0.118
 318          0.110
 319          0.129
 320          0.079
 321          0.078
 322          0.091
 323          0.107
 324          0.125
 325          0.148
 326          0.162
 327          0.106
 328          0.106
 329          0.126
 330          0.132
 331          0.099
 332          0.134
 333          0.094
 334          0.086
 335          0.092
 336          0.080
 337          0.081
 338          0.096
 339          0.084
 340          0.103
 341          0.137
 342          0.125
 343          0.147
 344          0.158
 345          0.224
 346          0.155
 347          0.139
 348          0.139
 349          0.173
 350          0.181
 351          0.147
 352          0.146
 353          0.181
 354          0.127
 355          0.082
 356          0.077
 357          0.070
 358          0.120
 359          0.157
 360          0.217
 361          0.105
 362          0.093
 363          0.133
 364          0.131
 365          0.069
 366          0.115
 367          0.193
 368          0.172
 369          0.163
 370          0.091
 371          0.091
 372          0.095
 373          0.107
 374          0.104
 375          0.099
 376          0.023
 377          0.029
 378          0.035
 379          0.051
 380          0.052
 381          0.062
 382          0.059
 383          0.061
 384          0.109
 385          0.104
 386          0.098
 387          0.124
 388          0.096
 389          0.115
 390          0.110
 391          0.199
 392          0.241
 393          0.383
 394          0.112
 395          0.101
 396          0.159
 397          0.107
 398          0.132
 399          0.152
 400          0.100
 401          0.133
 402          0.162
 403          0.155
 404          0.169
 405          0.072
 406          0.064
 407          0.047
 408          0.102
 409          0.076
 410          0.046
 411          0.089
 412          0.054
 413          0.073
 414          0.045
 415          0.069
 416          0.072
 417          0.099
 418          0.086
 419          0.066
 420          0.091
 421          0.064
 422          0.146
 423          0.144
 424          0.092
 425          0.063
 426          0.078
 427          0.059
 428          0.031
 429          0.054
 430          0.088
 431          0.089
 432          0.040
 433          0.056
 434          0.048
 435          0.047
 436          0.069
 437          0.061
 438          0.076
 439          0.103
 440          0.107
 441          0.115
 442          0.083
 443          0.047
 444          0.049
 445          0.018
 446          0.043
 447          0.021
 448          0.024
 449          0.042
 450          0.041
 451          0.028
 452          0.056
 453          0.042
 454          0.044
 455          0.050
 456          0.039
 457          0.051
 458          0.076
 459          0.094
 460          0.117
 461          0.333
 462          0.133
 463          0.085
 464          0.077
 465          0.114
 466          0.086
 467          0.094
 468          0.175
 469          0.166
 470          0.423
 471          0.167
 472          0.112
 473          0.110
 474          0.143
 475          0.178
 476          0.159
 477          0.101
 478          0.063
 479          0.060
 480          0.161
 481          0.255
 482          0.267
 483          0.125
 484          0.077
 485          0.042
 486          0.066
 487          0.063

# Average distance: 0.115 nm
