# Atom index    Distance (nm)
   1          0.100
   2          0.060
   3          0.039
   4          0.030
   5          0.024
   6          0.057
   7          0.046
   8          0.058
   9          0.032
  10          0.039
  11          0.036
  12          0.086
  13          0.168
  14          0.177
  15          0.100
  16          0.095
  17          0.046
  18          0.037
  19          0.057
  20          0.072
  21          0.051
  22          0.080
  23          0.031
  24          0.064
  25          0.069
  26          0.052
  27          0.071
  28          0.063
  29          0.025
  30          0.058
  31          0.080
  32          0.106
  33          0.034
  34          0.048
  35          0.047
  36          0.039
  37          0.061
  38          0.008
  39          0.034
  40          0.030
  41          0.019
  42          0.040
  43          0.122
  44          0.176
  45          0.080
  46          0.121
  47          0.123
  48          0.081
  49          0.161
  50          0.060
  51          0.073
  52          0.098
  53          0.090
  54          0.104
  55          0.117
  56          0.040
  57          0.038
  58          0.042
  59          0.071
  60          0.103
  61          0.065
  62          0.060
  63          0.033
  64          0.051
  65          0.043
  66          0.076
  67          0.112
  68          0.205
  69          0.189
  70          0.094
  71          0.071
  72          0.043
  73          0.020
  74          0.020
  75          0.051
  76          0.078
  77          0.207
  78          0.248
  79          0.283
  80          0.196
  81          0.095
  82          0.096
  83          0.087
  84          0.071
  85          0.075
  86          0.089
  87          0.066
  88          0.064
  89          0.046
  90          0.121
  91          0.146
  92          0.124
  93          0.153
  94          0.060
  95          0.019
  96          0.079
  97          0.066
  98          0.046
  99          0.029
 100          0.037
 101          0.056
 102          0.100
 103          0.098
 104          0.081
 105          0.093
 106          0.026
 107          0.051
 108          0.111
 109          0.173
 110          0.313
 111          0.311
 112          0.216
 113          0.068
 114          0.019
 115          0.047
 116          0.064
 117          0.064
 118          0.078
 119          0.115
 120          0.120
 121          0.127
 122          0.123
 123          0.112
 124          0.071
 125          0.066
 126          0.028
 127          0.034
 128          0.050
 129          0.047
 130          0.067
 131          0.041
 132          0.035
 133          0.069
 134          0.063
 135          0.059
 136          0.048
 137          0.042
 138          0.029
 139          0.039
 140          0.044
 141          0.038
 142          0.010
 143          0.053
 144          0.049
 145          0.029
 146          0.040
 147          0.047
 148          0.038
 149          0.049
 150          0.079
 151          0.050
 152          0.045
 153          0.089
 154          0.045
 155          0.055
 156          0.067
 157          0.071
 158          0.081
 159          0.085
 160          0.080
 161          0.073
 162          0.122
 163          0.124
 164          0.083
 165          0.047
 166          0.034
 167          0.032
 168          0.031
 169          0.045
 170          0.040
 171          0.051
 172          0.060
 173          0.076
 174          0.074
 175          0.080
 176          0.077
 177          0.121
 178          0.070
 179          0.038
 180          0.031
 181          0.030
 182          0.046
 183          0.062
 184          0.028
 185          0.091
 186          0.045
 187          0.035
 188          0.028
 189          0.040
 190          0.052
 191          0.052
 192          0.049
 193          0.032
 194          0.041
 195          0.053
 196          0.058
 197          0.048
 198          0.050
 199          0.071
 200          0.106
 201          0.087
 202          0.127
 203          0.101
 204          0.105
 205          0.151
 206          0.072
 207          0.026
 208          0.021
 209          0.027
 210          0.012
 211          0.023
 212          0.032
 213          0.023
 214          0.056
 215          0.076
 216          0.037
 217          0.045
 218          0.039
 219          0.049
 220          0.054
 221          0.061
 222          0.079
 223          0.066
 224          0.061
 225          0.058
 226          0.018
 227          0.080
 228          0.106
 229          0.120
 230          0.094
 231          0.213
 232          0.119
 233          0.113
 234          0.062
 235          0.128
 236          0.093
 237          0.059
 238          0.016
 239          0.031
 240          0.076
 241          0.058
 242          0.075
 243          0.108
 244          0.091
 245          0.065
 246          0.053
 247          0.050
 248          0.065
 249          0.042
 250          0.050
 251          0.064
 252          0.058
 253          0.058
 254          0.071
 255          0.029
 256          0.037
 257          0.066
 258          0.067
 259          0.069
 260          0.096
 261          0.097
 262          0.104
 263          0.097
 264          0.121
 265          0.098
 266          0.081
 267          0.023
 268          0.073
 269          0.090
 270          0.132
 271          0.194
 272          0.219
 273          0.077
 274          0.117
 275          0.057
 276          0.060
 277          0.057
 278          0.134
 279          0.104
 280          0.116
 281          0.138
 282          0.071
 283          0.104
 284          0.083
 285          0.077
 286          0.082
 287          0.054
 288          0.100
 289          0.076
 290          0.069
 291          0.007
 292          0.029
 293          0.059
 294          0.050
 295          0.061
 296          0.041
 297          0.043
 298          0.073
 299          0.054
 300          0.032
 301          0.021
 302          0.045
 303          0.082
 304          0.118
 305          0.138
 306          0.172
 307          0.086
 308          0.057
 309          0.009
 310          0.042
 311          0.078
 312          0.097
 313          0.187
 314          0.128
 315          0.055
 316          0.054
 317          0.059
 318          0.078
 319          0.092
 320          0.124
 321          0.078
 322          0.096
 323          0.023
 324          0.046
 325          0.049
 326          0.092
 327          0.073
 328          0.057
 329          0.053
 330          0.042
 331          0.040
 332          0.035
 333          0.068
 334          0.094
 335          0.085
 336          0.098
 337          0.021
 338          0.032
 339          0.033
 340          0.063
 341          0.010
 342          0.028
 343          0.031
 344          0.077
 345          0.092
 346          0.054
 347          0.028
 348          0.017
 349          0.033
 350          0.110
 351          0.140
 352          0.109
 353          0.135
 354          0.105
 355          0.066
 356          0.088
 357          0.071
 358          0.062
 359          0.050
 360          0.189
 361          0.175
 362          0.385
 363          0.415
 364          0.334
 365          0.215
 366          0.178
 367          0.149
 368          0.115
 369          0.066
 370          0.073
 371          0.062
 372          0.036
 373          0.057
 374          0.092
 375          0.038
 376          0.016
 377          0.034
 378          0.054
 379          0.014
 380          0.029
 381          0.045
 382          0.032
 383          0.055
 384          0.029
 385          0.037
 386          0.035
 387          0.061
 388          0.043
 389          0.046
 390          0.079
 391          0.117
 392          0.173
 393          0.159
 394          0.180
 395          0.228
 396          0.169
 397          0.116
 398          0.048
 399          0.077
 400          0.090
 401          0.067
 402          0.080
 403          0.057
 404          0.072
 405          0.097
 406          0.056
 407          0.031
 408          0.030
 409          0.018
 410          0.019
 411          0.034
 412          0.068
 413          0.056
 414          0.111
 415          0.042
 416          0.036
 417          0.032
 418          0.050
 419          0.038
 420          0.076
 421          0.074
 422          0.083
 423          0.104
 424          0.088
 425          0.043
 426          0.036
 427          0.040
 428          0.043
 429          0.128
 430          0.277
 431          0.124
 432          0.211
 433          0.140
 434          0.063
 435          0.038
 436          0.072
 437          0.047
 438          0.057
 439          0.077
 440          0.111
 441          0.099
 442          0.087
 443          0.080
 444          0.032
 445          0.012
 446          0.048
 447          0.055
 448          0.042
 449          0.062
 450          0.071
 451          0.067
 452          0.085
 453          0.046
 454          0.032
 455          0.004
 456          0.065
 457          0.059
 458          0.089
 459          0.091
 460          0.120
 461          0.052
 462          0.057
 463          0.038
 464          0.057
 465          0.039
 466          0.045
 467          0.068
 468          0.122
 469          0.054
 470          0.061
 471          0.090
 472          0.036
 473          0.042
 474          0.058
 475          0.057
 476          0.054
 477          0.046
 478          0.029
 479          0.086
 480          0.082
 481          0.098
 482          0.075
 483          0.062
 484          0.053
 485          0.029
 486          0.061
 487          0.069

# Average distance: 0.075 nm
