# Atom index    Distance (nm)
   1          0.514
   2          0.179
   3          0.097
   4          0.019
   5          0.040
   6          0.067
   7          0.091
   8          0.080
   9          0.135
  10          0.094
  11          0.029
  12          0.032
  13          0.095
  14          0.093
  15          0.086
  16          0.064
  17          0.032
  18          0.040
  19          0.034
  20          0.047
  21          0.071
  22          0.101
  23          0.109
  24          0.087
  25          0.036
  26          0.038
  27          0.078
  28          0.074
  29          0.077
  30          0.066
  31          0.065
  32          0.035
  33          0.066
  34          0.073
  35          0.085
  36          0.082
  37          0.058
  38          0.059
  39          0.069
  40          0.084
  41          0.064
  42          0.056
  43          0.056
  44          0.101
  45          0.122
  46          0.097
  47          0.075
  48          0.244
  49          0.113
  50          0.182
  51          0.152
  52          0.118
  53          0.059
  54          0.058
  55          0.043
  56          0.056
  57          0.065
  58          0.060
  59          0.074
  60          0.076
  61          0.051
  62          0.046
  63          0.041
  64          0.044
  65          0.046
  66          0.133
  67          0.177
  68          0.121
  69          0.100
  70          0.127
  71          0.096
  72          0.054
  73          0.093
  74          0.071
  75          0.033
  76          0.047
  77          0.076
  78          0.101
  79          0.070
  80          0.088
  81          0.079
  82          0.085
  83          0.048
  84          0.066
  85          0.047
  86          0.032
  87          0.077
  88          0.077
  89          0.046
  90          0.052
  91          0.072
  92          0.097
  93          0.099
  94          0.051
  95          0.058
  96          0.058
  97          0.069
  98          0.039
  99          0.073
 100          0.085
 101          0.090
 102          0.119
 103          0.117
 104          0.089
 105          0.051
 106          0.070
 107          0.048
 108          0.044
 109          0.041
 110          0.008
 111          0.019
 112          0.024
 113          0.030
 114          0.084
 115          0.051
 116          0.056
 117          0.031
 118          0.051
 119          0.112
 120          0.096
 121          0.108
 122          0.117
 123          0.108
 124          0.036
 125          0.038
 126          0.044
 127          0.067
 128          0.075
 129          0.061
 130          0.090
 131          0.094
 132          0.109
 133          0.062
 134          0.049
 135          0.053
 136          0.055
 137          0.054
 138          0.073
 139          0.080
 140          0.057
 141          0.076
 142          0.047
 143          0.083
 144          0.079
 145          0.089
 146          0.042
 147          0.042
 148          0.042
 149          0.020
 150          0.019
 151          0.086
 152          0.192
 153          0.161
 154          0.147
 155          0.051
 156          0.046
 157          0.055
 158          0.057
 159          0.075
 160          0.061
 161          0.059
 162          0.056
 163          0.060
 164          0.117
 165          0.026
 166          0.019
 167          0.045
 168          0.073
 169          0.060
 170          0.031
 171          0.012
 172          0.027
 173          0.009
 174          0.071
 175          0.103
 176          0.101
 177          0.048
 178          0.081
 179          0.100
 180          0.098
 181          0.051
 182          0.029
 183          0.040
 184          0.038
 185          0.054
 186          0.075
 187          0.064
 188          0.038
 189          0.030
 190          0.048
 191          0.029
 192          0.052
 193          0.072
 194          0.042
 195          0.042
 196          0.018
 197          0.064
 198          0.099
 199          0.071
 200          0.092
 201          0.089
 202          0.051
 203          0.055
 204          0.061
 205          0.128
 206          0.080
 207          0.037
 208          0.043
 209          0.052
 210          0.015
 211          0.062
 212          0.108
 213          0.080
 214          0.017
 215          0.097
 216          0.099
 217          0.058
 218          0.073
 219          0.050
 220          0.135
 221          0.118
 222          0.079
 223          0.074
 224          0.051
 225          0.031
 226          0.033
 227          0.032
 228          0.122
 229          0.171
 230          0.191
 231          0.178
 232          0.100
 233          0.097
 234          0.069
 235          0.073
 236          0.053
 237          0.085
 238          0.080
 239          0.121
 240          0.108
 241          0.046
 242          0.044
 243          0.015
 244          0.082
 245          0.041
 246          0.048
 247          0.073
 248          0.050
 249          0.068
 250          0.096
 251          0.092
 252          0.066
 253          0.056
 254          0.051
 255          0.042
 256          0.019
 257          0.056
 258          0.035
 259          0.041
 260          0.027
 261          0.037
 262          0.088
 263          0.074
 264          0.054
 265          0.048
 266          0.045
 267          0.043
 268          0.073
 269          0.033
 270          0.112
 271          0.095
 272          0.056
 273          0.070
 274          0.037
 275          0.056
 276          0.061
 277          0.047
 278          0.077
 279          0.045
 280          0.039
 281          0.053
 282          0.049
 283          0.043
 284          0.046
 285          0.084
 286          0.065
 287          0.072
 288          0.065
 289          0.045
 290          0.034
 291          0.034
 292          0.062
 293          0.073
 294          0.096
 295          0.233
 296          0.194
 297          0.128
 298          0.064
 299          0.064
 300          0.062
 301          0.027
 302          0.045
 303          0.040
 304          0.043
 305          0.032
 306          0.049
 307          0.053
 308          0.045
 309          0.031
 310          0.038
 311          0.052
 312          0.045
 313          0.026
 314          0.021
 315          0.023
 316          0.027
 317          0.014
 318          0.016
 319          0.032
 320          0.041
 321          0.049
 322          0.070
 323          0.070
 324          0.075
 325          0.036
 326          0.007
 327          0.046
 328          0.038
 329          0.031
 330          0.048
 331          0.049
 332          0.103
 333          0.108
 334          0.061
 335          0.042
 336          0.040
 337          0.075
 338          0.035
 339          0.072
 340          0.063
 341          0.018
 342          0.013
 343          0.029
 344          0.054
 345          0.047
 346          0.024
 347          0.040
 348          0.054
 349          0.051
 350          0.054
 351          0.021
 352          0.023
 353          0.035
 354          0.096
 355          0.064
 356          0.025
 357          0.035
 358          0.023
 359          0.035
 360          0.033
 361          0.077
 362          0.071
 363          0.057
 364          0.089
 365          0.093
 366          0.074
 367          0.055
 368          0.035
 369          0.037
 370          0.041
 371          0.026
 372          0.031
 373          0.029
 374          0.031
 375          0.024
 376          0.023
 377          0.045
 378          0.060
 379          0.055
 380          0.039
 381          0.036
 382          0.029
 383          0.084
 384          0.143
 385          0.065
 386          0.047
 387          0.033
 388          0.032
 389          0.063
 390          0.085
 391          0.090
 392          0.089
 393          0.185
 394          0.301
 395          0.259
 396          0.186
 397          0.103
 398          0.028
 399          0.054
 400          0.090
 401          0.102
 402          0.108
 403          0.076
 404          0.059
 405          0.048
 406          0.049
 407          0.069
 408          0.081
 409          0.077
 410          0.090
 411          0.079
 412          0.076
 413          0.079
 414          0.051
 415          0.049
 416          0.022
 417          0.045
 418          0.064
 419          0.090
 420          0.102
 421          0.047
 422          0.029
 423          0.087
 424          0.067
 425          0.064
 426          0.063
 427          0.044
 428          0.066
 429          0.042
 430          0.082
 431          0.121
 432          0.046
 433          0.048
 434          0.039
 435          0.061
 436          0.086
 437          0.054
 438          0.133
 439          0.107
 440          0.104
 441          0.092
 442          0.199
 443          0.135
 444          0.016
 445          0.055
 446          0.073
 447          0.024
 448          0.014
 449          0.028
 450          0.058
 451          0.076
 452          0.021
 453          0.046
 454          0.047
 455          0.029
 456          0.027
 457          0.021
 458          0.030
 459          0.083
 460          0.091
 461          0.085
 462          0.059
 463          0.049
 464          0.054
 465          0.031
 466          0.049
 467          0.052
 468          0.049
 469          0.094
 470          0.036
 471          0.050
 472          0.011
 473          0.016
 474          0.045
 475          0.034
 476          0.037
 477          0.039
 478          0.041
 479          0.026
 480          0.064
 481          0.064
 482          0.029
 483          0.090
 484          0.077
 485          0.046
 486          0.050
 487          0.026

# Average distance: 0.066 nm
