# Atom index    Distance (nm)
   1          0.298
   2          0.167
   3          0.156
   4          0.106
   5          0.059
   6          0.066
   7          0.059
   8          0.052
   9          0.096
  10          0.083
  11          0.023
  12          0.061
  13          0.075
  14          0.083
  15          0.062
  16          0.061
  17          0.051
  18          0.046
  19          0.083
  20          0.087
  21          0.105
  22          0.106
  23          0.121
  24          0.135
  25          0.077
  26          0.082
  27          0.099
  28          0.116
  29          0.114
  30          0.137
  31          0.128
  32          0.085
  33          0.082
  34          0.066
  35          0.122
  36          0.078
  37          0.047
  38          0.018
  39          0.055
  40          0.081
  41          0.101
  42          0.087
  43          0.042
  44          0.141
  45          0.201
  46          0.213
  47          0.179
  48          0.238
  49          0.280
  50          0.328
  51          0.180
  52          0.047
  53          0.088
  54          0.042
  55          0.042
  56          0.031
  57          0.082
  58          0.071
  59          0.094
  60          0.074
  61          0.083
  62          0.095
  63          0.107
  64          0.064
  65          0.046
  66          0.033
  67          0.208
  68          0.314
  69          0.241
  70          0.132
  71          0.053
  72          0.048
  73          0.044
  74          0.052
  75          0.062
  76          0.037
  77          0.063
  78          0.098
  79          0.101
  80          0.104
  81          0.112
  82          0.113
  83          0.083
  84          0.063
  85          0.074
  86          0.093
  87          0.060
  88          0.078
  89          0.074
  90          0.099
  91          0.172
  92          0.218
  93          0.105
  94          0.039
  95          0.053
  96          0.050
  97          0.069
  98          0.055
  99          0.082
 100          0.100
 101          0.103
 102          0.062
 103          0.040
 104          0.070
 105          0.066
 106          0.040
 107          0.117
 108          0.090
 109          0.098
 110          0.110
 111          0.095
 112          0.074
 113          0.104
 114          0.082
 115          0.099
 116          0.125
 117          0.119
 118          0.139
 119          0.140
 120          0.138
 121          0.147
 122          0.121
 123          0.095
 124          0.086
 125          0.048
 126          0.023
 127          0.028
 128          0.062
 129          0.067
 130          0.076
 131          0.082
 132          0.095
 133          0.052
 134          0.043
 135          0.040
 136          0.036
 137          0.019
 138          0.070
 139          0.105
 140          0.124
 141          0.174
 142          0.139
 143          0.111
 144          0.154
 145          0.089
 146          0.085
 147          0.061
 148          0.053
 149          0.045
 150          0.072
 151          0.158
 152          0.196
 153          0.057
 154          0.053
 155          0.070
 156          0.066
 157          0.078
 158          0.075
 159          0.103
 160          0.190
 161          0.124
 162          0.079
 163          0.066
 164          0.071
 165          0.110
 166          0.092
 167          0.080
 168          0.094
 169          0.081
 170          0.062
 171          0.050
 172          0.052
 173          0.072
 174          0.053
 175          0.034
 176          0.066
 177          0.104
 178          0.065
 179          0.037
 180          0.028
 181          0.027
 182          0.044
 183          0.063
 184          0.034
 185          0.048
 186          0.059
 187          0.083
 188          0.049
 189          0.042
 190          0.037
 191          0.060
 192          0.122
 193          0.087
 194          0.085
 195          0.046
 196          0.051
 197          0.049
 198          0.064
 199          0.094
 200          0.069
 201          0.035
 202          0.067
 203          0.097
 204          0.055
 205          0.060
 206          0.163
 207          0.179
 208          0.168
 209          0.125
 210          0.120
 211          0.175
 212          0.214
 213          0.172
 214          0.159
 215          0.130
 216          0.138
 217          0.118
 218          0.131
 219          0.097
 220          0.092
 221          0.160
 222          0.144
 223          0.130
 224          0.125
 225          0.128
 226          0.109
 227          0.132
 228          0.110
 229          0.117
 230          0.130
 231          0.186
 232          0.135
 233          0.151
 234          0.128
 235          0.134
 236          0.132
 237          0.152
 238          0.138
 239          0.111
 240          0.137
 241          0.106
 242          0.089
 243          0.111
 244          0.090
 245          0.142
 246          0.134
 247          0.153
 248          0.138
 249          0.095
 250          0.016
 251          0.027
 252          0.057
 253          0.033
 254          0.048
 255          0.032
 256          0.037
 257          0.020
 258          0.079
 259          0.067
 260          0.037
 261          0.041
 262          0.077
 263          0.078
 264          0.017
 265          0.025
 266          0.074
 267          0.096
 268          0.143
 269          0.138
 270          0.139
 271          0.177
 272          0.138
 273          0.105
 274          0.100
 275          0.112
 276          0.101
 277          0.098
 278          0.069
 279          0.080
 280          0.065
 281          0.058
 282          0.087
 283          0.081
 284          0.088
 285          0.082
 286          0.090
 287          0.067
 288          0.046
 289          0.054
 290          0.050
 291          0.031
 292          0.011
 293          0.018
 294          0.062
 295          0.030
 296          0.047
 297          0.063
 298          0.062
 299          0.072
 300          0.073
 301          0.097
 302          0.097
 303          0.098
 304          0.088
 305          0.096
 306          0.109
 307          0.098
 308          0.098
 309          0.098
 310          0.106
 311          0.107
 312          0.226
 313          0.299
 314          0.320
 315          0.171
 316          0.152
 317          0.096
 318          0.109
 319          0.123
 320          0.168
 321          0.117
 322          0.122
 323          0.073
 324          0.097
 325          0.114
 326          0.112
 327          0.177
 328          0.083
 329          0.063
 330          0.058
 331          0.083
 332          0.089
 333          0.046
 334          0.056
 335          0.111
 336          0.138
 337          0.134
 338          0.058
 339          0.047
 340          0.072
 341          0.115
 342          0.106
 343          0.095
 344          0.124
 345          0.107
 346          0.108
 347          0.132
 348          0.095
 349          0.092
 350          0.072
 351          0.095
 352          0.095
 353          0.099
 354          0.074
 355          0.087
 356          0.079
 357          0.087
 358          0.125
 359          0.129
 360          0.145
 361          0.115
 362          0.150
 363          0.156
 364          0.124
 365          0.176
 366          0.103
 367          0.079
 368          0.108
 369          0.127
 370          0.089
 371          0.080
 372          0.049
 373          0.039
 374          0.027
 375          0.038
 376          0.071
 377          0.080
 378          0.062
 379          0.039
 380          0.031
 381          0.057
 382          0.040
 383          0.027
 384          0.104
 385          0.083
 386          0.082
 387          0.048
 388          0.030
 389          0.050
 390          0.057
 391          0.058
 392          0.037
 393          0.054
 394          0.023
 395          0.033
 396          0.041
 397          0.063
 398          0.074
 399          0.063
 400          0.039
 401          0.059
 402          0.031
 403          0.043
 404          0.056
 405          0.075
 406          0.070
 407          0.083
 408          0.065
 409          0.034
 410          0.042
 411          0.062
 412          0.051
 413          0.097
 414          0.168
 415          0.096
 416          0.057
 417          0.021
 418          0.031
 419          0.037
 420          0.043
 421          0.064
 422          0.035
 423          0.036
 424          0.083
 425          0.083
 426          0.055
 427          0.040
 428          0.050
 429          0.062
 430          0.188
 431          0.163
 432          0.050
 433          0.077
 434          0.072
 435          0.032
 436          0.056
 437          0.033
 438          0.058
 439          0.049
 440          0.092
 441          0.098
 442          0.036
 443          0.031
 444          0.058
 445          0.066
 446          0.075
 447          0.065
 448          0.053
 449          0.051
 450          0.034
 451          0.059
 452          0.084
 453          0.078
 454          0.057
 455          0.065
 456          0.074
 457          0.069
 458          0.094
 459          0.103
 460          0.294
 461          0.174
 462          0.085
 463          0.054
 464          0.065
 465          0.058
 466          0.035
 467          0.051
 468          0.164
 469          0.254
 470          0.076
 471          0.081
 472          0.044
 473          0.045
 474          0.007
 475          0.065
 476          0.076
 477          0.064
 478          0.045
 479          0.052
 480          0.095
 481          0.080
 482          0.048
 483          0.112
 484          0.116
 485          0.092
 486          0.085
 487          0.091

# Average distance: 0.089 nm
