# Atom index    Distance (nm)
   1          0.278
   2          0.126
   3          0.077
   4          0.044
   5          0.063
   6          0.062
   7          0.051
   8          0.072
   9          0.095
  10          0.065
  11          0.044
  12          0.106
  13          0.254
  14          0.148
  15          0.101
  16          0.084
  17          0.036
  18          0.046
  19          0.045
  20          0.055
  21          0.028
  22          0.091
  23          0.063
  24          0.045
  25          0.029
  26          0.027
  27          0.070
  28          0.107
  29          0.092
  30          0.108
  31          0.045
  32          0.060
  33          0.038
  34          0.043
  35          0.059
  36          0.066
  37          0.069
  38          0.036
  39          0.014
  40          0.061
  41          0.062
  42          0.042
  43          0.055
  44          0.051
  45          0.029
  46          0.160
  47          0.183
  48          0.335
  49          0.223
  50          0.163
  51          0.070
  52          0.042
  53          0.044
  54          0.039
  55          0.019
  56          0.027
  57          0.029
  58          0.040
  59          0.084
  60          0.096
  61          0.036
  62          0.040
  63          0.016
  64          0.045
  65          0.056
  66          0.075
  67          0.096
  68          0.146
  69          0.095
  70          0.050
  71          0.069
  72          0.054
  73          0.054
  74          0.023
  75          0.053
  76          0.057
  77          0.096
  78          0.095
  79          0.029
  80          0.030
  81          0.059
  82          0.060
  83          0.067
  84          0.058
  85          0.043
  86          0.057
  87          0.053
  88          0.042
  89          0.110
  90          0.196
  91          0.280
  92          0.337
  93          0.191
  94          0.155
  95          0.050
  96          0.029
  97          0.046
  98          0.096
  99          0.104
 100          0.066
 101          0.039
 102          0.079
 103          0.077
 104          0.061
 105          0.049
 106          0.068
 107          0.080
 108          0.171
 109          0.146
 110          0.202
 111          0.141
 112          0.121
 113          0.059
 114          0.096
 115          0.057
 116          0.096
 117          0.042
 118          0.061
 119          0.065
 120          0.063
 121          0.103
 122          0.085
 123          0.029
 124          0.042
 125          0.050
 126          0.054
 127          0.063
 128          0.080
 129          0.034
 130          0.079
 131          0.021
 132          0.141
 133          0.147
 134          0.138
 135          0.068
 136          0.080
 137          0.079
 138          0.039
 139          0.063
 140          0.094
 141          0.049
 142          0.046
 143          0.042
 144          0.041
 145          0.051
 146          0.066
 147          0.057
 148          0.065
 149          0.059
 150          0.056
 151          0.069
 152          0.152
 153          0.172
 154          0.130
 155          0.074
 156          0.052
 157          0.061
 158          0.060
 159          0.060
 160          0.105
 161          0.079
 162          0.098
 163          0.095
 164          0.131
 165          0.107
 166          0.130
 167          0.114
 168          0.106
 169          0.100
 170          0.090
 171          0.075
 172          0.072
 173          0.073
 174          0.081
 175          0.105
 176          0.140
 177          0.160
 178          0.135
 179          0.109
 180          0.085
 181          0.074
 182          0.084
 183          0.067
 184          0.069
 185          0.068
 186          0.142
 187          0.157
 188          0.089
 189          0.070
 190          0.075
 191          0.098
 192          0.092
 193          0.039
 194          0.045
 195          0.047
 196          0.037
 197          0.038
 198          0.074
 199          0.127
 200          0.128
 201          0.125
 202          0.131
 203          0.106
 204          0.086
 205          0.097
 206          0.106
 207          0.115
 208          0.061
 209          0.051
 210          0.047
 211          0.069
 212          0.109
 213          0.080
 214          0.040
 215          0.042
 216          0.033
 217          0.062
 218          0.082
 219          0.074
 220          0.163
 221          0.222
 222          0.159
 223          0.091
 224          0.088
 225          0.068
 226          0.061
 227          0.087
 228          0.182
 229          0.391
 230          0.509
 231          0.397
 232          0.203
 233          0.061
 234          0.043
 235          0.087
 236          0.105
 237          0.135
 238          0.192
 239          0.031
 240          0.067
 241          0.136
 242          0.107
 243          0.119
 244          0.064
 245          0.084
 246          0.046
 247          0.025
 248          0.031
 249          0.031
 250          0.035
 251          0.074
 252          0.103
 253          0.098
 254          0.137
 255          0.047
 256          0.038
 257          0.043
 258          0.055
 259          0.066
 260          0.015
 261          0.058
 262          0.057
 263          0.056
 264          0.089
 265          0.043
 266          0.042
 267          0.047
 268          0.045
 269          0.053
 270          0.044
 271          0.068
 272          0.070
 273          0.059
 274          0.032
 275          0.097
 276          0.068
 277          0.066
 278          0.143
 279          0.065
 280          0.086
 281          0.082
 282          0.032
 283          0.053
 284          0.105
 285          0.113
 286          0.086
 287          0.027
 288          0.033
 289          0.048
 290          0.080
 291          0.069
 292          0.105
 293          0.097
 294          0.070
 295          0.076
 296          0.078
 297          0.060
 298          0.105
 299          0.086
 300          0.057
 301          0.031
 302          0.045
 303          0.052
 304          0.072
 305          0.080
 306          0.103
 307          0.096
 308          0.052
 309          0.051
 310          0.044
 311          0.071
 312          0.110
 313          0.080
 314          0.132
 315          0.117
 316          0.082
 317          0.062
 318          0.066
 319          0.066
 320          0.116
 321          0.078
 322          0.064
 323          0.100
 324          0.070
 325          0.108
 326          0.063
 327          0.060
 328          0.033
 329          0.053
 330          0.045
 331          0.033
 332          0.034
 333          0.065
 334          0.053
 335          0.047
 336          0.082
 337          0.111
 338          0.083
 339          0.051
 340          0.103
 341          0.073
 342          0.041
 343          0.019
 344          0.076
 345          0.070
 346          0.075
 347          0.077
 348          0.106
 349          0.104
 350          0.100
 351          0.151
 352          0.086
 353          0.125
 354          0.176
 355          0.120
 356          0.053
 357          0.068
 358          0.063
 359          0.084
 360          0.072
 361          0.111
 362          0.129
 363          0.207
 364          0.152
 365          0.137
 366          0.171
 367          0.133
 368          0.092
 369          0.066
 370          0.072
 371          0.056
 372          0.052
 373          0.050
 374          0.018
 375          0.067
 376          0.063
 377          0.027
 378          0.024
 379          0.073
 380          0.079
 381          0.108
 382          0.112
 383          0.089
 384          0.073
 385          0.054
 386          0.062
 387          0.055
 388          0.083
 389          0.087
 390          0.105
 391          0.113
 392          0.111
 393          0.110
 394          0.077
 395          0.041
 396          0.052
 397          0.081
 398          0.106
 399          0.132
 400          0.064
 401          0.145
 402          0.147
 403          0.117
 404          0.128
 405          0.093
 406          0.121
 407          0.128
 408          0.105
 409          0.101
 410          0.072
 411          0.074
 412          0.052
 413          0.194
 414          0.132
 415          0.037
 416          0.087
 417          0.077
 418          0.091
 419          0.096
 420          0.084
 421          0.123
 422          0.139
 423          0.202
 424          0.193
 425          0.056
 426          0.095
 427          0.072
 428          0.067
 429          0.116
 430          0.227
 431          0.189
 432          0.127
 433          0.105
 434          0.097
 435          0.090
 436          0.066
 437          0.052
 438          0.038
 439          0.105
 440          0.136
 441          0.053
 442          0.110
 443          0.040
 444          0.081
 445          0.089
 446          0.120
 447          0.123
 448          0.149
 449          0.133
 450          0.144
 451          0.147
 452          0.113
 453          0.110
 454          0.125
 455          0.121
 456          0.122
 457          0.116
 458          0.115
 459          0.123
 460          0.131
 461          0.148
 462          0.082
 463          0.071
 464          0.098
 465          0.112
 466          0.044
 467          0.108
 468          0.095
 469          0.112
 470          0.155
 471          0.099
 472          0.087
 473          0.090
 474          0.114
 475          0.114
 476          0.070
 477          0.066
 478          0.156
 479          0.078
 480          0.079
 481          0.126
 482          0.117
 483          0.103
 484          0.090
 485          0.125
 486          0.120
 487          0.103

# Average distance: 0.088 nm
