# Atom index    Distance (nm)
   1          0.375
   2          0.256
   3          0.152
   4          0.155
   5          0.180
   6          0.111
   7          0.107
   8          0.049
   9          0.025
  10          0.018
  11          0.071
  12          0.095
  13          0.075
  14          0.069
  15          0.064
  16          0.048
  17          0.014
  18          0.021
  19          0.031
  20          0.097
  21          0.094
  22          0.062
  23          0.070
  24          0.071
  25          0.080
  26          0.087
  27          0.069
  28          0.110
  29          0.083
  30          0.086
  31          0.047
  32          0.084
  33          0.015
  34          0.034
  35          0.068
  36          0.069
  37          0.126
  38          0.032
  39          0.039
  40          0.052
  41          0.103
  42          0.117
  43          0.087
  44          0.106
  45          0.240
  46          0.394
  47          0.557
  48          0.807
  49          0.697
  50          0.511
  51          0.362
  52          0.191
  53          0.166
  54          0.096
  55          0.099
  56          0.086
  57          0.076
  58          0.060
  59          0.175
  60          0.155
  61          0.160
  62          0.114
  63          0.097
  64          0.040
  65          0.074
  66          0.140
  67          0.176
  68          0.248
  69          0.067
  70          0.233
  71          0.168
  72          0.140
  73          0.152
  74          0.076
  75          0.101
  76          0.117
  77          0.103
  78          0.094
  79          0.183
  80          0.141
  81          0.056
  82          0.068
  83          0.070
  84          0.056
  85          0.065
  86          0.187
  87          0.104
  88          0.083
  89          0.109
  90          0.042
  91          0.080
  92          0.089
  93          0.045
  94          0.039
  95          0.040
  96          0.037
  97          0.046
  98          0.076
  99          0.130
 100          0.125
 101          0.071
 102          0.079
 103          0.108
 104          0.099
 105          0.094
 106          0.104
 107          0.091
 108          0.137
 109          0.101
 110          0.130
 111          0.076
 112          0.152
 113          0.074
 114          0.069
 115          0.090
 116          0.114
 117          0.124
 118          0.243
 119          0.244
 120          0.139
 121          0.166
 122          0.153
 123          0.136
 124          0.088
 125          0.075
 126          0.075
 127          0.092
 128          0.090
 129          0.079
 130          0.060
 131          0.077
 132          0.098
 133          0.083
 134          0.071
 135          0.094
 136          0.092
 137          0.080
 138          0.074
 139          0.094
 140          0.100
 141          0.096
 142          0.110
 143          0.072
 144          0.064
 145          0.110
 146          0.083
 147          0.081
 148          0.039
 149          0.065
 150          0.063
 151          0.121
 152          0.168
 153          0.104
 154          0.046
 155          0.024
 156          0.058
 157          0.073
 158          0.072
 159          0.054
 160          0.068
 161          0.046
 162          0.128
 163          0.095
 164          0.033
 165          0.034
 166          0.049
 167          0.052
 168          0.054
 169          0.052
 170          0.045
 171          0.084
 172          0.102
 173          0.084
 174          0.125
 175          0.118
 176          0.146
 177          0.121
 178          0.114
 179          0.093
 180          0.100
 181          0.096
 182          0.051
 183          0.026
 184          0.016
 185          0.015
 186          0.013
 187          0.068
 188          0.021
 189          0.036
 190          0.056
 191          0.048
 192          0.037
 193          0.059
 194          0.039
 195          0.051
 196          0.029
 197          0.036
 198          0.057
 199          0.129
 200          0.109
 201          0.090
 202          0.076
 203          0.059
 204          0.086
 205          0.106
 206          0.053
 207          0.030
 208          0.095
 209          0.045
 210          0.090
 211          0.110
 212          0.255
 213          0.092
 214          0.126
 215          0.155
 216          0.154
 217          0.103
 218          0.090
 219          0.094
 220          0.101
 221          0.076
 222          0.056
 223          0.126
 224          0.115
 225          0.126
 226          0.102
 227          0.068
 228          0.071
 229          0.051
 230          0.119
 231          0.076
 232          0.074
 233          0.091
 234          0.075
 235          0.050
 236          0.083
 237          0.152
 238          0.115
 239          0.145
 240          0.165
 241          0.144
 242          0.135
 243          0.247
 244          0.228
 245          0.200
 246          0.142
 247          0.140
 248          0.102
 249          0.113
 250          0.078
 251          0.125
 252          0.041
 253          0.054
 254          0.031
 255          0.026
 256          0.042
 257          0.040
 258          0.044
 259          0.044
 260          0.071
 261          0.074
 262          0.053
 263          0.049
 264          0.027
 265          0.044
 266          0.025
 267          0.047
 268          0.050
 269          0.068
 270          0.110
 271          0.102
 272          0.179
 273          0.116
 274          0.103
 275          0.070
 276          0.019
 277          0.054
 278          0.032
 279          0.077
 280          0.053
 281          0.052
 282          0.071
 283          0.093
 284          0.066
 285          0.076
 286          0.023
 287          0.031
 288          0.029
 289          0.015
 290          0.015
 291          0.058
 292          0.066
 293          0.064
 294          0.085
 295          0.088
 296          0.099
 297          0.090
 298          0.052
 299          0.032
 300          0.033
 301          0.053
 302          0.046
 303          0.049
 304          0.122
 305          0.151
 306          0.114
 307          0.058
 308          0.065
 309          0.087
 310          0.079
 311          0.104
 312          0.126
 313          0.215
 314          0.242
 315          0.128
 316          0.068
 317          0.054
 318          0.080
 319          0.083
 320          0.044
 321          0.045
 322          0.063
 323          0.042
 324          0.030
 325          0.033
 326          0.054
 327          0.051
 328          0.050
 329          0.044
 330          0.049
 331          0.105
 332          0.078
 333          0.076
 334          0.084
 335          0.068
 336          0.068
 337          0.051
 338          0.022
 339          0.034
 340          0.064
 341          0.103
 342          0.054
 343          0.035
 344          0.097
 345          0.151
 346          0.128
 347          0.083
 348          0.042
 349          0.127
 350          0.098
 351          0.105
 352          0.113
 353          0.240
 354          0.195
 355          0.119
 356          0.071
 357          0.036
 358          0.037
 359          0.055
 360          0.177
 361          0.093
 362          0.043
 363          0.017
 364          0.126
 365          0.056
 366          0.111
 367          0.138
 368          0.100
 369          0.026
 370          0.033
 371          0.037
 372          0.076
 373          0.061
 374          0.071
 375          0.084
 376          0.074
 377          0.061
 378          0.066
 379          0.055
 380          0.112
 381          0.084
 382          0.047
 383          0.014
 384          0.028
 385          0.026
 386          0.049
 387          0.063
 388          0.047
 389          0.082
 390          0.130
 391          0.143
 392          0.161
 393          0.171
 394          0.388
 395          0.206
 396          0.146
 397          0.092
 398          0.038
 399          0.128
 400          0.115
 401          0.071
 402          0.054
 403          0.020
 404          0.005
 405          0.048
 406          0.133
 407          0.103
 408          0.088
 409          0.083
 410          0.058
 411          0.027
 412          0.044
 413          0.068
 414          0.059
 415          0.064
 416          0.017
 417          0.042
 418          0.051
 419          0.065
 420          0.090
 421          0.088
 422          0.135
 423          0.204
 424          0.147
 425          0.066
 426          0.046
 427          0.058
 428          0.089
 429          0.147
 430          0.173
 431          0.185
 432          0.217
 433          0.169
 434          0.127
 435          0.087
 436          0.066
 437          0.033
 438          0.073
 439          0.075
 440          0.079
 441          0.079
 442          0.079
 443          0.119
 444          0.088
 445          0.054
 446          0.037
 447          0.047
 448          0.026
 449          0.051
 450          0.039
 451          0.024
 452          0.035
 453          0.053
 454          0.073
 455          0.051
 456          0.050
 457          0.048
 458          0.057
 459          0.056
 460          0.050
 461          0.041
 462          0.082
 463          0.072
 464          0.064
 465          0.128
 466          0.132
 467          0.189
 468          0.283
 469          0.140
 470          0.193
 471          0.103
 472          0.085
 473          0.072
 474          0.109
 475          0.143
 476          0.155
 477          0.163
 478          0.165
 479          0.111
 480          0.148
 481          0.124
 482          0.078
 483          0.081
 484          0.086
 485          0.056
 486          0.043
 487          0.047

# Average distance: 0.094 nm
