# Atom index    Distance (nm)
   1          0.308
   2          0.244
   3          0.086
   4          0.053
   5          0.046
   6          0.062
   7          0.055
   8          0.056
   9          0.057
  10          0.061
  11          0.055
  12          0.081
  13          0.113
  14          0.108
  15          0.087
  16          0.046
  17          0.039
  18          0.024
  19          0.031
  20          0.047
  21          0.061
  22          0.053
  23          0.108
  24          0.086
  25          0.075
  26          0.023
  27          0.026
  28          0.110
  29          0.041
  30          0.052
  31          0.049
  32          0.082
  33          0.110
  34          0.108
  35          0.063
  36          0.066
  37          0.055
  38          0.075
  39          0.047
  40          0.059
  41          0.052
  42          0.064
  43          0.057
  44          0.069
  45          0.093
  46          0.221
  47          0.291
  48          0.344
  49          0.447
  50          0.365
  51          0.300
  52          0.216
  53          0.065
  54          0.056
  55          0.093
  56          0.091
  57          0.114
  58          0.091
  59          0.123
  60          0.130
  61          0.179
  62          0.172
  63          0.113
  64          0.146
  65          0.171
  66          0.203
  67          0.231
  68          0.227
  69          0.192
  70          0.213
  71          0.200
  72          0.221
  73          0.223
  74          0.160
  75          0.134
  76          0.154
  77          0.164
  78          0.048
  79          0.051
  80          0.121
  81          0.204
  82          0.148
  83          0.122
  84          0.097
  85          0.053
  86          0.085
  87          0.054
  88          0.048
  89          0.054
  90          0.076
  91          0.072
  92          0.069
  93          0.085
  94          0.091
  95          0.069
  96          0.056
  97          0.070
  98          0.088
  99          0.088
 100          0.053
 101          0.066
 102          0.064
 103          0.121
 104          0.102
 105          0.084
 106          0.076
 107          0.075
 108          0.084
 109          0.097
 110          0.074
 111          0.099
 112          0.104
 113          0.085
 114          0.094
 115          0.100
 116          0.118
 117          0.068
 118          0.098
 119          0.083
 120          0.082
 121          0.078
 122          0.076
 123          0.056
 124          0.023
 125          0.056
 126          0.028
 127          0.059
 128          0.062
 129          0.049
 130          0.079
 131          0.044
 132          0.069
 133          0.060
 134          0.079
 135          0.067
 136          0.032
 137          0.069
 138          0.052
 139          0.080
 140          0.120
 141          0.130
 142          0.168
 143          0.108
 144          0.105
 145          0.048
 146          0.045
 147          0.043
 148          0.041
 149          0.037
 150          0.016
 151          0.073
 152          0.241
 153          0.095
 154          0.113
 155          0.083
 156          0.059
 157          0.057
 158          0.068
 159          0.067
 160          0.071
 161          0.046
 162          0.043
 163          0.039
 164          0.079
 165          0.100
 166          0.098
 167          0.096
 168          0.052
 169          0.040
 170          0.044
 171          0.035
 172          0.049
 173          0.047
 174          0.031
 175          0.015
 176          0.068
 177          0.038
 178          0.048
 179          0.054
 180          0.047
 181          0.023
 182          0.013
 183          0.015
 184          0.027
 185          0.050
 186          0.078
 187          0.078
 188          0.054
 189          0.052
 190          0.062
 191          0.117
 192          0.093
 193          0.040
 194          0.070
 195          0.064
 196          0.038
 197          0.043
 198          0.107
 199          0.094
 200          0.177
 201          0.143
 202          0.147
 203          0.087
 204          0.089
 205          0.053
 206          0.055
 207          0.079
 208          0.104
 209          0.118
 210          0.089
 211          0.118
 212          0.155
 213          0.150
 214          0.107
 215          0.060
 216          0.065
 217          0.054
 218          0.071
 219          0.076
 220          0.080
 221          0.074
 222          0.040
 223          0.088
 224          0.085
 225          0.065
 226          0.088
 227          0.091
 228          0.052
 229          0.084
 230          0.075
 231          0.126
 232          0.073
 233          0.079
 234          0.069
 235          0.056
 236          0.098
 237          0.151
 238          0.188
 239          0.107
 240          0.151
 241          0.171
 242          0.176
 243          0.245
 244          0.184
 245          0.097
 246          0.086
 247          0.065
 248          0.067
 249          0.086
 250          0.075
 251          0.072
 252          0.113
 253          0.110
 254          0.090
 255          0.113
 256          0.106
 257          0.118
 258          0.070
 259          0.062
 260          0.044
 261          0.052
 262          0.023
 263          0.041
 264          0.044
 265          0.061
 266          0.058
 267          0.062
 268          0.048
 269          0.037
 270          0.071
 271          0.102
 272          0.138
 273          0.036
 274          0.032
 275          0.040
 276          0.052
 277          0.073
 278          0.156
 279          0.073
 280          0.049
 281          0.117
 282          0.111
 283          0.091
 284          0.110
 285          0.116
 286          0.071
 287          0.084
 288          0.060
 289          0.120
 290          0.116
 291          0.118
 292          0.123
 293          0.164
 294          0.140
 295          0.133
 296          0.122
 297          0.130
 298          0.132
 299          0.116
 300          0.097
 301          0.122
 302          0.098
 303          0.055
 304          0.035
 305          0.076
 306          0.119
 307          0.123
 308          0.108
 309          0.036
 310          0.039
 311          0.034
 312          0.055
 313          0.021
 314          0.048
 315          0.042
 316          0.053
 317          0.052
 318          0.047
 319          0.107
 320          0.132
 321          0.113
 322          0.088
 323          0.112
 324          0.165
 325          0.161
 326          0.101
 327          0.062
 328          0.040
 329          0.087
 330          0.084
 331          0.054
 332          0.133
 333          0.115
 334          0.031
 335          0.036
 336          0.045
 337          0.073
 338          0.060
 339          0.058
 340          0.044
 341          0.020
 342          0.027
 343          0.067
 344          0.050
 345          0.053
 346          0.101
 347          0.075
 348          0.048
 349          0.035
 350          0.056
 351          0.086
 352          0.087
 353          0.117
 354          0.058
 355          0.059
 356          0.068
 357          0.035
 358          0.049
 359          0.083
 360          0.142
 361          0.118
 362          0.038
 363          0.157
 364          0.118
 365          0.059
 366          0.061
 367          0.056
 368          0.049
 369          0.023
 370          0.031
 371          0.039
 372          0.049
 373          0.091
 374          0.139
 375          0.110
 376          0.093
 377          0.089
 378          0.067
 379          0.030
 380          0.045
 381          0.035
 382          0.014
 383          0.025
 384          0.026
 385          0.105
 386          0.080
 387          0.077
 388          0.024
 389          0.033
 390          0.035
 391          0.051
 392          0.066
 393          0.080
 394          0.191
 395          0.195
 396          0.122
 397          0.057
 398          0.064
 399          0.030
 400          0.028
 401          0.093
 402          0.115
 403          0.093
 404          0.108
 405          0.048
 406          0.058
 407          0.085
 408          0.066
 409          0.043
 410          0.088
 411          0.052
 412          0.043
 413          0.060
 414          0.070
 415          0.015
 416          0.056
 417          0.045
 418          0.052
 419          0.047
 420          0.072
 421          0.110
 422          0.287
 423          0.364
 424          0.268
 425          0.090
 426          0.083
 427          0.111
 428          0.061
 429          0.052
 430          0.120
 431          0.183
 432          0.173
 433          0.136
 434          0.090
 435          0.077
 436          0.074
 437          0.111
 438          0.088
 439          0.028
 440          0.032
 441          0.041
 442          0.074
 443          0.041
 444          0.066
 445          0.039
 446          0.052
 447          0.088
 448          0.071
 449          0.055
 450          0.054
 451          0.015
 452          0.033
 453          0.037
 454          0.040
 455          0.029
 456          0.065
 457          0.031
 458          0.069
 459          0.080
 460          0.051
 461          0.125
 462          0.078
 463          0.064
 464          0.043
 465          0.101
 466          0.136
 467          0.176
 468          0.339
 469          0.169
 470          0.131
 471          0.105
 472          0.065
 473          0.103
 474          0.070
 475          0.054
 476          0.040
 477          0.063
 478          0.149
 479          0.062
 480          0.096
 481          0.094
 482          0.058
 483          0.075
 484          0.043
 485          0.046
 486          0.034
 487          0.039

# Average distance: 0.087 nm
