# Atom index    Distance (nm)
   1          0.586
   2          0.248
   3          0.101
   4          0.066
   5          0.060
   6          0.060
   7          0.051
   8          0.068
   9          0.076
  10          0.020
  11          0.022
  12          0.052
  13          0.118
  14          0.153
  15          0.113
  16          0.037
  17          0.023
  18          0.045
  19          0.028
  20          0.043
  21          0.058
  22          0.028
  23          0.098
  24          0.115
  25          0.081
  26          0.074
  27          0.055
  28          0.066
  29          0.135
  30          0.145
  31          0.059
  32          0.120
  33          0.145
  34          0.164
  35          0.141
  36          0.116
  37          0.093
  38          0.089
  39          0.077
  40          0.065
  41          0.085
  42          0.049
  43          0.042
  44          0.046
  45          0.149
  46          0.271
  47          0.172
  48          0.190
  49          0.190
  50          0.120
  51          0.104
  52          0.142
  53          0.054
  54          0.026
  55          0.036
  56          0.074
  57          0.097
  58          0.098
  59          0.096
  60          0.073
  61          0.112
  62          0.059
  63          0.063
  64          0.088
  65          0.105
  66          0.150
  67          0.134
  68          0.183
  69          0.290
  70          0.126
  71          0.137
  72          0.133
  73          0.113
  74          0.073
  75          0.074
  76          0.052
  77          0.096
  78          0.183
  79          0.198
  80          0.201
  81          0.180
  82          0.096
  83          0.110
  84          0.107
  85          0.025
  86          0.078
  87          0.087
  88          0.093
  89          0.043
  90          0.065
  91          0.075
  92          0.063
  93          0.046
  94          0.046
  95          0.053
  96          0.050
  97          0.057
  98          0.101
  99          0.033
 100          0.052
 101          0.076
 102          0.081
 103          0.071
 104          0.040
 105          0.047
 106          0.067
 107          0.071
 108          0.104
 109          0.144
 110          0.091
 111          0.094
 112          0.109
 113          0.061
 114          0.065
 115          0.071
 116          0.057
 117          0.034
 118          0.072
 119          0.030
 120          0.016
 121          0.031
 122          0.037
 123          0.058
 124          0.050
 125          0.043
 126          0.018
 127          0.011
 128          0.075
 129          0.080
 130          0.060
 131          0.044
 132          0.089
 133          0.072
 134          0.112
 135          0.055
 136          0.087
 137          0.058
 138          0.051
 139          0.071
 140          0.063
 141          0.099
 142          0.051
 143          0.065
 144          0.070
 145          0.016
 146          0.061
 147          0.034
 148          0.022
 149          0.063
 150          0.059
 151          0.035
 152          0.088
 153          0.061
 154          0.081
 155          0.115
 156          0.058
 157          0.052
 158          0.012
 159          0.021
 160          0.037
 161          0.032
 162          0.054
 163          0.023
 164          0.062
 165          0.078
 166          0.051
 167          0.014
 168          0.023
 169          0.036
 170          0.065
 171          0.080
 172          0.043
 173          0.088
 174          0.090
 175          0.061
 176          0.066
 177          0.067
 178          0.026
 179          0.041
 180          0.029
 181          0.021
 182          0.028
 183          0.051
 184          0.044
 185          0.056
 186          0.080
 187          0.071
 188          0.057
 189          0.011
 190          0.018
 191          0.028
 192          0.059
 193          0.058
 194          0.049
 195          0.090
 196          0.053
 197          0.036
 198          0.063
 199          0.054
 200          0.083
 201          0.074
 202          0.056
 203          0.061
 204          0.040
 205          0.058
 206          0.042
 207          0.060
 208          0.067
 209          0.103
 210          0.068
 211          0.056
 212          0.060
 213          0.051
 214          0.037
 215          0.033
 216          0.038
 217          0.085
 218          0.028
 219          0.037
 220          0.054
 221          0.063
 222          0.038
 223          0.027
 224          0.045
 225          0.070
 226          0.069
 227          0.060
 228          0.072
 229          0.183
 230          0.102
 231          0.173
 232          0.060
 233          0.063
 234          0.059
 235          0.061
 236          0.062
 237          0.098
 238          0.137
 239          0.097
 240          0.093
 241          0.138
 242          0.040
 243          0.116
 244          0.100
 245          0.055
 246          0.079
 247          0.082
 248          0.059
 249          0.108
 250          0.141
 251          0.087
 252          0.078
 253          0.029
 254          0.021
 255          0.061
 256          0.044
 257          0.069
 258          0.112
 259          0.109
 260          0.052
 261          0.030
 262          0.076
 263          0.078
 264          0.093
 265          0.096
 266          0.081
 267          0.090
 268          0.074
 269          0.068
 270          0.082
 271          0.044
 272          0.158
 273          0.089
 274          0.099
 275          0.107
 276          0.061
 277          0.045
 278          0.055
 279          0.080
 280          0.065
 281          0.072
 282          0.058
 283          0.094
 284          0.104
 285          0.132
 286          0.140
 287          0.100
 288          0.047
 289          0.051
 290          0.105
 291          0.120
 292          0.092
 293          0.079
 294          0.074
 295          0.098
 296          0.139
 297          0.133
 298          0.140
 299          0.125
 300          0.096
 301          0.065
 302          0.029
 303          0.030
 304          0.027
 305          0.031
 306          0.060
 307          0.064
 308          0.040
 309          0.038
 310          0.067
 311          0.048
 312          0.056
 313          0.068
 314          0.117
 315          0.033
 316          0.047
 317          0.037
 318          0.031
 319          0.034
 320          0.068
 321          0.095
 322          0.122
 323          0.185
 324          0.194
 325          0.183
 326          0.198
 327          0.157
 328          0.070
 329          0.077
 330          0.070
 331          0.064
 332          0.034
 333          0.101
 334          0.112
 335          0.048
 336          0.125
 337          0.071
 338          0.038
 339          0.068
 340          0.066
 341          0.048
 342          0.070
 343          0.070
 344          0.073
 345          0.059
 346          0.056
 347          0.061
 348          0.084
 349          0.034
 350          0.028
 351          0.057
 352          0.060
 353          0.098
 354          0.029
 355          0.039
 356          0.035
 357          0.049
 358          0.017
 359          0.067
 360          0.055
 361          0.089
 362          0.146
 363          0.169
 364          0.164
 365          0.111
 366          0.130
 367          0.086
 368          0.086
 369          0.029
 370          0.019
 371          0.038
 372          0.078
 373          0.113
 374          0.084
 375          0.058
 376          0.035
 377          0.044
 378          0.028
 379          0.037
 380          0.053
 381          0.068
 382          0.034
 383          0.051
 384          0.103
 385          0.139
 386          0.181
 387          0.114
 388          0.086
 389          0.061
 390          0.088
 391          0.111
 392          0.175
 393          0.226
 394          0.266
 395          0.200
 396          0.108
 397          0.060
 398          0.033
 399          0.076
 400          0.080
 401          0.119
 402          0.118
 403          0.097
 404          0.105
 405          0.040
 406          0.027
 407          0.028
 408          0.039
 409          0.046
 410          0.062
 411          0.066
 412          0.063
 413          0.084
 414          0.162
 415          0.179
 416          0.076
 417          0.064
 418          0.044
 419          0.028
 420          0.042
 421          0.053
 422          0.077
 423          0.066
 424          0.065
 425          0.076
 426          0.058
 427          0.070
 428          0.084
 429          0.076
 430          0.070
 431          0.113
 432          0.054
 433          0.042
 434          0.041
 435          0.042
 436          0.051
 437          0.086
 438          0.115
 439          0.102
 440          0.072
 441          0.140
 442          0.212
 443          0.132
 444          0.031
 445          0.071
 446          0.068
 447          0.028
 448          0.044
 449          0.040
 450          0.064
 451          0.041
 452          0.048
 453          0.055
 454          0.039
 455          0.045
 456          0.084
 457          0.071
 458          0.070
 459          0.068
 460          0.077
 461          0.067
 462          0.040
 463          0.059
 464          0.047
 465          0.045
 466          0.127
 467          0.150
 468          0.165
 469          0.093
 470          0.054
 471          0.050
 472          0.056
 473          0.043
 474          0.062
 475          0.060
 476          0.059
 477          0.064
 478          0.094
 479          0.115
 480          0.095
 481          0.090
 482          0.089
 483          0.097
 484          0.084
 485          0.099
 486          0.059
 487          0.038

# Average distance: 0.078 nm
