# Atom index    Distance (nm)
   1          0.750
   2          0.589
   3          0.368
   4          0.285
   5          0.185
   6          0.099
   7          0.069
   8          0.060
   9          0.070
  10          0.042
  11          0.050
  12          0.061
  13          0.139
  14          0.142
  15          0.053
  16          0.061
  17          0.056
  18          0.027
  19          0.044
  20          0.087
  21          0.057
  22          0.082
  23          0.105
  24          0.075
  25          0.059
  26          0.030
  27          0.020
  28          0.027
  29          0.060
  30          0.090
  31          0.103
  32          0.035
  33          0.077
  34          0.079
  35          0.017
  36          0.062
  37          0.028
  38          0.046
  39          0.048
  40          0.028
  41          0.024
  42          0.025
  43          0.105
  44          0.143
  45          0.200
  46          0.478
  47          0.378
  48          0.425
  49          0.388
  50          0.275
  51          0.226
  52          0.050
  53          0.058
  54          0.078
  55          0.053
  56          0.048
  57          0.039
  58          0.038
  59          0.033
  60          0.031
  61          0.034
  62          0.029
  63          0.028
  64          0.027
  65          0.020
  66          0.043
  67          0.071
  68          0.102
  69          0.071
  70          0.085
  71          0.073
  72          0.029
  73          0.063
  74          0.029
  75          0.081
  76          0.083
  77          0.106
  78          0.219
  79          0.156
  80          0.060
  81          0.035
  82          0.027
  83          0.044
  84          0.054
  85          0.082
  86          0.094
  87          0.074
  88          0.100
  89          0.085
  90          0.111
  91          0.174
  92          0.211
  93          0.170
  94          0.066
  95          0.057
  96          0.074
  97          0.065
  98          0.063
  99          0.042
 100          0.012
 101          0.072
 102          0.033
 103          0.045
 104          0.082
 105          0.053
 106          0.084
 107          0.078
 108          0.128
 109          0.118
 110          0.094
 111          0.068
 112          0.084
 113          0.018
 114          0.059
 115          0.042
 116          0.039
 117          0.060
 118          0.043
 119          0.028
 120          0.046
 121          0.092
 122          0.067
 123          0.127
 124          0.103
 125          0.066
 126          0.082
 127          0.060
 128          0.053
 129          0.015
 130          0.026
 131          0.059
 132          0.074
 133          0.065
 134          0.059
 135          0.043
 136          0.043
 137          0.052
 138          0.048
 139          0.051
 140          0.075
 141          0.067
 142          0.091
 143          0.084
 144          0.095
 145          0.073
 146          0.035
 147          0.040
 148          0.036
 149          0.059
 150          0.166
 151          0.176
 152          0.179
 153          0.164
 154          0.128
 155          0.091
 156          0.122
 157          0.122
 158          0.095
 159          0.118
 160          0.114
 161          0.079
 162          0.069
 163          0.122
 164          0.071
 165          0.078
 166          0.063
 167          0.046
 168          0.047
 169          0.059
 170          0.036
 171          0.049
 172          0.052
 173          0.046
 174          0.066
 175          0.038
 176          0.090
 177          0.083
 178          0.079
 179          0.068
 180          0.044
 181          0.029
 182          0.014
 183          0.054
 184          0.055
 185          0.068
 186          0.064
 187          0.071
 188          0.066
 189          0.063
 190          0.055
 191          0.071
 192          0.093
 193          0.130
 194          0.116
 195          0.119
 196          0.086
 197          0.118
 198          0.121
 199          0.088
 200          0.091
 201          0.100
 202          0.099
 203          0.049
 204          0.014
 205          0.041
 206          0.043
 207          0.060
 208          0.064
 209          0.121
 210          0.121
 211          0.106
 212          0.124
 213          0.148
 214          0.070
 215          0.040
 216          0.019
 217          0.017
 218          0.049
 219          0.092
 220          0.146
 221          0.117
 222          0.063
 223          0.053
 224          0.044
 225          0.035
 226          0.076
 227          0.124
 228          0.137
 229          0.164
 230          0.261
 231          0.196
 232          0.134
 233          0.131
 234          0.120
 235          0.127
 236          0.077
 237          0.150
 238          0.160
 239          0.097
 240          0.155
 241          0.113
 242          0.153
 243          0.168
 244          0.160
 245          0.124
 246          0.056
 247          0.086
 248          0.041
 249          0.049
 250          0.038
 251          0.014
 252          0.052
 253          0.058
 254          0.044
 255          0.087
 256          0.048
 257          0.051
 258          0.053
 259          0.061
 260          0.102
 261          0.118
 262          0.111
 263          0.114
 264          0.124
 265          0.119
 266          0.086
 267          0.088
 268          0.112
 269          0.095
 270          0.089
 271          0.084
 272          0.083
 273          0.064
 274          0.066
 275          0.090
 276          0.112
 277          0.143
 278          0.142
 279          0.144
 280          0.116
 281          0.097
 282          0.097
 283          0.100
 284          0.074
 285          0.095
 286          0.086
 287          0.089
 288          0.063
 289          0.066
 290          0.083
 291          0.057
 292          0.110
 293          0.106
 294          0.088
 295          0.107
 296          0.104
 297          0.100
 298          0.115
 299          0.100
 300          0.102
 301          0.043
 302          0.044
 303          0.084
 304          0.102
 305          0.117
 306          0.076
 307          0.072
 308          0.093
 309          0.054
 310          0.077
 311          0.063
 312          0.091
 313          0.116
 314          0.115
 315          0.022
 316          0.074
 317          0.087
 318          0.076
 319          0.121
 320          0.134
 321          0.121
 322          0.092
 323          0.101
 324          0.099
 325          0.087
 326          0.075
 327          0.048
 328          0.102
 329          0.098
 330          0.089
 331          0.078
 332          0.122
 333          0.083
 334          0.083
 335          0.061
 336          0.047
 337          0.044
 338          0.077
 339          0.024
 340          0.024
 341          0.034
 342          0.047
 343          0.050
 344          0.079
 345          0.063
 346          0.067
 347          0.079
 348          0.086
 349          0.072
 350          0.090
 351          0.160
 352          0.104
 353          0.104
 354          0.117
 355          0.093
 356          0.092
 357          0.110
 358          0.026
 359          0.037
 360          0.086
 361          0.116
 362          0.090
 363          0.097
 364          0.069
 365          0.108
 366          0.099
 367          0.079
 368          0.063
 369          0.089
 370          0.091
 371          0.095
 372          0.064
 373          0.058
 374          0.036
 375          0.036
 376          0.031
 377          0.020
 378          0.007
 379          0.025
 380          0.038
 381          0.065
 382          0.075
 383          0.092
 384          0.097
 385          0.080
 386          0.077
 387          0.049
 388          0.032
 389          0.046
 390          0.050
 391          0.052
 392          0.088
 393          0.193
 394          0.098
 395          0.057
 396          0.065
 397          0.061
 398          0.026
 399          0.047
 400          0.052
 401          0.064
 402          0.024
 403          0.016
 404          0.035
 405          0.042
 406          0.049
 407          0.065
 408          0.058
 409          0.048
 410          0.061
 411          0.054
 412          0.039
 413          0.090
 414          0.069
 415          0.077
 416          0.044
 417          0.052
 418          0.032
 419          0.029
 420          0.066
 421          0.023
 422          0.111
 423          0.238
 424          0.243
 425          0.053
 426          0.072
 427          0.050
 428          0.046
 429          0.049
 430          0.052
 431          0.084
 432          0.105
 433          0.081
 434          0.115
 435          0.069
 436          0.054
 437          0.066
 438          0.007
 439          0.034
 440          0.048
 441          0.082
 442          0.090
 443          0.081
 444          0.057
 445          0.035
 446          0.051
 447          0.068
 448          0.046
 449          0.046
 450          0.068
 451          0.040
 452          0.053
 453          0.046
 454          0.045
 455          0.041
 456          0.052
 457          0.036
 458          0.038
 459          0.041
 460          0.114
 461          0.143
 462          0.091
 463          0.078
 464          0.066
 465          0.090
 466          0.105
 467          0.046
 468          0.060
 469          0.065
 470          0.031
 471          0.085
 472          0.077
 473          0.086
 474          0.054
 475          0.067
 476          0.059
 477          0.108
 478          0.104
 479          0.128
 480          0.116
 481          0.110
 482          0.113
 483          0.089
 484          0.068
 485          0.059
 486          0.058
 487          0.042

# Average distance: 0.084 nm
