# Atom index    Distance (nm)
   1          0.771
   2          0.349
   3          0.270
   4          0.234
   5          0.147
   6          0.113
   7          0.074
   8          0.066
   9          0.054
  10          0.043
  11          0.075
  12          0.094
  13          0.070
  14          0.072
  15          0.055
  16          0.044
  17          0.024
  18          0.009
  19          0.043
  20          0.046
  21          0.082
  22          0.150
  23          0.141
  24          0.089
  25          0.037
  26          0.042
  27          0.031
  28          0.054
  29          0.082
  30          0.079
  31          0.051
  32          0.050
  33          0.040
  34          0.044
  35          0.077
  36          0.074
  37          0.056
  38          0.041
  39          0.062
  40          0.070
  41          0.086
  42          0.116
  43          0.097
  44          0.218
  45          0.378
  46          0.358
  47          0.334
  48          0.421
  49          0.155
  50          0.168
  51          0.143
  52          0.146
  53          0.069
  54          0.079
  55          0.101
  56          0.108
  57          0.103
  58          0.110
  59          0.099
  60          0.102
  61          0.102
  62          0.108
  63          0.129
  64          0.128
  65          0.137
  66          0.208
  67          0.217
  68          0.229
  69          0.172
  70          0.136
  71          0.119
  72          0.106
  73          0.141
  74          0.124
  75          0.092
  76          0.117
  77          0.087
  78          0.085
  79          0.125
  80          0.162
  81          0.108
  82          0.123
  83          0.136
  84          0.152
  85          0.091
  86          0.101
  87          0.097
  88          0.173
  89          0.156
  90          0.166
  91          0.171
  92          0.183
  93          0.181
  94          0.115
  95          0.121
  96          0.105
  97          0.089
  98          0.149
  99          0.156
 100          0.160
 101          0.172
 102          0.207
 103          0.186
 104          0.127
 105          0.121
 106          0.097
 107          0.064
 108          0.083
 109          0.065
 110          0.043
 111          0.058
 112          0.058
 113          0.050
 114          0.082
 115          0.108
 116          0.068
 117          0.063
 118          0.081
 119          0.070
 120          0.067
 121          0.082
 122          0.066
 123          0.065
 124          0.070
 125          0.068
 126          0.102
 127          0.096
 128          0.064
 129          0.054
 130          0.039
 131          0.063
 132          0.071
 133          0.049
 134          0.060
 135          0.041
 136          0.061
 137          0.082
 138          0.092
 139          0.067
 140          0.123
 141          0.137
 142          0.117
 143          0.114
 144          0.117
 145          0.126
 146          0.057
 147          0.047
 148          0.051
 149          0.050
 150          0.041
 151          0.071
 152          0.102
 153          0.079
 154          0.034
 155          0.078
 156          0.081
 157          0.069
 158          0.045
 159          0.059
 160          0.113
 161          0.108
 162          0.115
 163          0.076
 164          0.074
 165          0.054
 166          0.063
 167          0.036
 168          0.036
 169          0.049
 170          0.041
 171          0.048
 172          0.049
 173          0.064
 174          0.100
 175          0.106
 176          0.171
 177          0.203
 178          0.121
 179          0.121
 180          0.047
 181          0.034
 182          0.080
 183          0.062
 184          0.043
 185          0.052
 186          0.073
 187          0.058
 188          0.079
 189          0.067
 190          0.067
 191          0.062
 192          0.072
 193          0.121
 194          0.122
 195          0.120
 196          0.068
 197          0.067
 198          0.103
 199          0.129
 200          0.095
 201          0.148
 202          0.171
 203          0.116
 204          0.037
 205          0.063
 206          0.062
 207          0.038
 208          0.040
 209          0.049
 210          0.060
 211          0.038
 212          0.094
 213          0.138
 214          0.130
 215          0.117
 216          0.118
 217          0.119
 218          0.090
 219          0.087
 220          0.091
 221          0.070
 222          0.060
 223          0.105
 224          0.138
 225          0.117
 226          0.140
 227          0.116
 228          0.145
 229          0.111
 230          0.059
 231          0.065
 232          0.087
 233          0.106
 234          0.108
 235          0.131
 236          0.120
 237          0.197
 238          0.105
 239          0.098
 240          0.069
 241          0.110
 242          0.128
 243          0.087
 244          0.093
 245          0.125
 246          0.174
 247          0.167
 248          0.171
 249          0.165
 250          0.114
 251          0.081
 252          0.049
 253          0.043
 254          0.030
 255          0.040
 256          0.073
 257          0.090
 258          0.082
 259          0.114
 260          0.132
 261          0.109
 262          0.153
 263          0.176
 264          0.160
 265          0.073
 266          0.087
 267          0.111
 268          0.129
 269          0.153
 270          0.259
 271          0.243
 272          0.200
 273          0.164
 274          0.155
 275          0.125
 276          0.141
 277          0.142
 278          0.120
 279          0.133
 280          0.139
 281          0.144
 282          0.136
 283          0.158
 284          0.062
 285          0.109
 286          0.089
 287          0.067
 288          0.070
 289          0.077
 290          0.062
 291          0.039
 292          0.057
 293          0.067
 294          0.198
 295          0.177
 296          0.229
 297          0.227
 298          0.069
 299          0.080
 300          0.073
 301          0.046
 302          0.097
 303          0.102
 304          0.120
 305          0.194
 306          0.193
 307          0.178
 308          0.140
 309          0.107
 310          0.111
 311          0.081
 312          0.128
 313          0.209
 314          0.132
 315          0.052
 316          0.097
 317          0.092
 318          0.138
 319          0.134
 320          0.133
 321          0.124
 322          0.138
 323          0.129
 324          0.059
 325          0.055
 326          0.081
 327          0.092
 328          0.091
 329          0.079
 330          0.088
 331          0.064
 332          0.067
 333          0.105
 334          0.114
 335          0.083
 336          0.069
 337          0.031
 338          0.030
 339          0.012
 340          0.070
 341          0.063
 342          0.037
 343          0.054
 344          0.057
 345          0.088
 346          0.054
 347          0.044
 348          0.066
 349          0.037
 350          0.024
 351          0.085
 352          0.179
 353          0.218
 354          0.226
 355          0.141
 356          0.119
 357          0.074
 358          0.061
 359          0.071
 360          0.109
 361          0.057
 362          0.040
 363          0.066
 364          0.088
 365          0.140
 366          0.073
 367          0.103
 368          0.056
 369          0.064
 370          0.061
 371          0.068
 372          0.048
 373          0.040
 374          0.062
 375          0.057
 376          0.042
 377          0.025
 378          0.038
 379          0.049
 380          0.061
 381          0.048
 382          0.029
 383          0.039
 384          0.028
 385          0.045
 386          0.050
 387          0.038
 388          0.064
 389          0.063
 390          0.080
 391          0.084
 392          0.106
 393          0.127
 394          0.169
 395          0.139
 396          0.128
 397          0.069
 398          0.049
 399          0.034
 400          0.047
 401          0.007
 402          0.035
 403          0.122
 404          0.141
 405          0.102
 406          0.107
 407          0.083
 408          0.112
 409          0.051
 410          0.033
 411          0.093
 412          0.076
 413          0.072
 414          0.095
 415          0.047
 416          0.040
 417          0.054
 418          0.067
 419          0.046
 420          0.124
 421          0.196
 422          0.300
 423          0.353
 424          0.293
 425          0.139
 426          0.077
 427          0.049
 428          0.020
 429          0.053
 430          0.079
 431          0.078
 432          0.118
 433          0.089
 434          0.062
 435          0.044
 436          0.046
 437          0.076
 438          0.069
 439          0.072
 440          0.152
 441          0.166
 442          0.079
 443          0.045
 444          0.090
 445          0.070
 446          0.027
 447          0.027
 448          0.031
 449          0.021
 450          0.070
 451          0.152
 452          0.187
 453          0.131
 454          0.094
 455          0.081
 456          0.065
 457          0.067
 458          0.049
 459          0.035
 460          0.068
 461          0.144
 462          0.059
 463          0.060
 464          0.080
 465          0.066
 466          0.028
 467          0.047
 468          0.066
 469          0.077
 470          0.096
 471          0.063
 472          0.049
 473          0.058
 474          0.072
 475          0.107
 476          0.117
 477          0.136
 478          0.136
 479          0.145
 480          0.120
 481          0.118
 482          0.074
 483          0.068
 484          0.083
 485          0.063
 486          0.057
 487          0.032

# Average distance: 0.099 nm
