# Atom index    Distance (nm)
   1          0.485
   2          0.342
   3          0.218
   4          0.085
   5          0.054
   6          0.033
   7          0.039
   8          0.044
   9          0.037
  10          0.017
  11          0.044
  12          0.123
  13          0.168
  14          0.037
  15          0.057
  16          0.058
  17          0.044
  18          0.040
  19          0.043
  20          0.069
  21          0.098
  22          0.127
  23          0.159
  24          0.095
  25          0.073
  26          0.201
  27          0.099
  28          0.054
  29          0.039
  30          0.118
  31          0.078
  32          0.138
  33          0.163
  34          0.157
  35          0.141
  36          0.113
  37          0.127
  38          0.081
  39          0.060
  40          0.037
  41          0.038
  42          0.035
  43          0.046
  44          0.139
  45          0.263
  46          0.300
  47          0.392
  48          0.517
  49          0.525
  50          0.456
  51          0.436
  52          0.415
  53          0.220
  54          0.077
  55          0.064
  56          0.073
  57          0.042
  58          0.034
  59          0.065
  60          0.102
  61          0.089
  62          0.045
  63          0.047
  64          0.071
  65          0.126
  66          0.087
  67          0.170
  68          0.239
  69          0.267
  70          0.181
  71          0.224
  72          0.140
  73          0.069
  74          0.048
  75          0.053
  76          0.071
  77          0.149
  78          0.185
  79          0.165
  80          0.093
  81          0.187
  82          0.149
  83          0.060
  84          0.072
  85          0.074
  86          0.044
  87          0.036
  88          0.043
  89          0.077
  90          0.116
  91          0.126
  92          0.095
  93          0.054
  94          0.023
  95          0.065
  96          0.041
  97          0.042
  98          0.075
  99          0.054
 100          0.137
 101          0.194
 102          0.149
 103          0.135
 104          0.057
 105          0.037
 106          0.083
 107          0.094
 108          0.050
 109          0.082
 110          0.192
 111          0.198
 112          0.159
 113          0.110
 114          0.180
 115          0.129
 116          0.083
 117          0.046
 118          0.081
 119          0.042
 120          0.065
 121          0.092
 122          0.107
 123          0.110
 124          0.090
 125          0.075
 126          0.048
 127          0.048
 128          0.034
 129          0.085
 130          0.126
 131          0.084
 132          0.102
 133          0.108
 134          0.062
 135          0.072
 136          0.080
 137          0.072
 138          0.044
 139          0.057
 140          0.051
 141          0.019
 142          0.063
 143          0.045
 144          0.066
 145          0.078
 146          0.071
 147          0.043
 148          0.027
 149          0.024
 150          0.059
 151          0.082
 152          0.132
 153          0.126
 154          0.126
 155          0.086
 156          0.075
 157          0.080
 158          0.102
 159          0.078
 160          0.088
 161          0.084
 162          0.072
 163          0.080
 164          0.065
 165          0.056
 166          0.069
 167          0.033
 168          0.035
 169          0.040
 170          0.034
 171          0.077
 172          0.077
 173          0.066
 174          0.073
 175          0.083
 176          0.084
 177          0.050
 178          0.030
 179          0.038
 180          0.032
 181          0.059
 182          0.008
 183          0.075
 184          0.055
 185          0.075
 186          0.034
 187          0.039
 188          0.056
 189          0.017
 190          0.023
 191          0.030
 192          0.032
 193          0.028
 194          0.034
 195          0.037
 196          0.042
 197          0.044
 198          0.037
 199          0.228
 200          0.132
 201          0.047
 202          0.029
 203          0.054
 204          0.044
 205          0.045
 206          0.057
 207          0.087
 208          0.089
 209          0.045
 210          0.057
 211          0.064
 212          0.085
 213          0.103
 214          0.117
 215          0.121
 216          0.057
 217          0.074
 218          0.065
 219          0.034
 220          0.030
 221          0.043
 222          0.053
 223          0.040
 224          0.074
 225          0.059
 226          0.053
 227          0.075
 228          0.080
 229          0.154
 230          0.179
 231          0.175
 232          0.065
 233          0.084
 234          0.150
 235          0.122
 236          0.073
 237          0.036
 238          0.027
 239          0.170
 240          0.131
 241          0.105
 242          0.097
 243          0.068
 244          0.093
 245          0.008
 246          0.075
 247          0.035
 248          0.026
 249          0.061
 250          0.090
 251          0.081
 252          0.074
 253          0.093
 254          0.037
 255          0.015
 256          0.025
 257          0.027
 258          0.051
 259          0.040
 260          0.022
 261          0.043
 262          0.121
 263          0.063
 264          0.064
 265          0.032
 266          0.018
 267          0.031
 268          0.061
 269          0.091
 270          0.070
 271          0.084
 272          0.153
 273          0.094
 274          0.120
 275          0.121
 276          0.083
 277          0.051
 278          0.054
 279          0.029
 280          0.059
 281          0.066
 282          0.058
 283          0.045
 284          0.072
 285          0.072
 286          0.027
 287          0.018
 288          0.030
 289          0.040
 290          0.036
 291          0.044
 292          0.030
 293          0.019
 294          0.023
 295          0.023
 296          0.128
 297          0.108
 298          0.063
 299          0.056
 300          0.038
 301          0.079
 302          0.061
 303          0.083
 304          0.073
 305          0.081
 306          0.100
 307          0.092
 308          0.075
 309          0.081
 310          0.108
 311          0.128
 312          0.174
 313          0.168
 314          0.095
 315          0.140
 316          0.089
 317          0.090
 318          0.096
 319          0.094
 320          0.131
 321          0.105
 322          0.098
 323          0.079
 324          0.070
 325          0.152
 326          0.146
 327          0.103
 328          0.081
 329          0.061
 330          0.040
 331          0.058
 332          0.055
 333          0.040
 334          0.048
 335          0.054
 336          0.077
 337          0.068
 338          0.038
 339          0.037
 340          0.052
 341          0.051
 342          0.090
 343          0.105
 344          0.119
 345          0.121
 346          0.120
 347          0.107
 348          0.057
 349          0.045
 350          0.046
 351          0.077
 352          0.095
 353          0.099
 354          0.139
 355          0.085
 356          0.130
 357          0.128
 358          0.079
 359          0.071
 360          0.064
 361          0.042
 362          0.093
 363          0.145
 364          0.099
 365          0.093
 366          0.093
 367          0.068
 368          0.065
 369          0.035
 370          0.032
 371          0.015
 372          0.039
 373          0.034
 374          0.025
 375          0.035
 376          0.030
 377          0.073
 378          0.058
 379          0.029
 380          0.049
 381          0.061
 382          0.051
 383          0.063
 384          0.079
 385          0.105
 386          0.121
 387          0.072
 388          0.092
 389          0.085
 390          0.071
 391          0.096
 392          0.119
 393          0.121
 394          0.129
 395          0.083
 396          0.076
 397          0.086
 398          0.063
 399          0.100
 400          0.109
 401          0.135
 402          0.124
 403          0.153
 404          0.249
 405          0.125
 406          0.105
 407          0.042
 408          0.066
 409          0.046
 410          0.040
 411          0.034
 412          0.055
 413          0.049
 414          0.067
 415          0.038
 416          0.028
 417          0.032
 418          0.062
 419          0.072
 420          0.108
 421          0.134
 422          0.194
 423          0.214
 424          0.186
 425          0.130
 426          0.092
 427          0.089
 428          0.086
 429          0.065
 430          0.130
 431          0.197
 432          0.086
 433          0.065
 434          0.043
 435          0.061
 436          0.081
 437          0.058
 438          0.079
 439          0.072
 440          0.115
 441          0.115
 442          0.088
 443          0.098
 444          0.069
 445          0.029
 446          0.022
 447          0.026
 448          0.030
 449          0.052
 450          0.047
 451          0.031
 452          0.023
 453          0.027
 454          0.034
 455          0.049
 456          0.051
 457          0.041
 458          0.034
 459          0.046
 460          0.071
 461          0.062
 462          0.079
 463          0.046
 464          0.053
 465          0.056
 466          0.056
 467          0.050
 468          0.037
 469          0.088
 470          0.105
 471          0.066
 472          0.021
 473          0.084
 474          0.050
 475          0.098
 476          0.084
 477          0.071
 478          0.080
 479          0.089
 480          0.094
 481          0.145
 482          0.100
 483          0.080
 484          0.092
 485          0.070
 486          0.069
 487          0.067

# Average distance: 0.086 nm
