# Atom index    Distance (nm)
   1          0.058
   2          0.106
   3          0.134
   4          0.045
   5          0.049
   6          0.049
   7          0.051
   8          0.076
   9          0.114
  10          0.090
  11          0.084
  12          0.066
  13          0.080
  14          0.094
  15          0.073
  16          0.071
  17          0.068
  18          0.062
  19          0.089
  20          0.109
  21          0.133
  22          0.128
  23          0.226
  24          0.225
  25          0.149
  26          0.167
  27          0.058
  28          0.074
  29          0.061
  30          0.066
  31          0.033
  32          0.082
  33          0.132
  34          0.078
  35          0.121
  36          0.127
  37          0.119
  38          0.078
  39          0.075
  40          0.068
  41          0.079
  42          0.055
  43          0.082
  44          0.088
  45          0.300
  46          0.394
  47          0.304
  48          0.276
  49          0.625
  50          0.732
  51          0.304
  52          0.232
  53          0.133
  54          0.127
  55          0.135
  56          0.134
  57          0.083
  58          0.066
  59          0.157
  60          0.128
  61          0.129
  62          0.132
  63          0.106
  64          0.098
  65          0.134
  66          0.163
  67          0.191
  68          0.241
  69          0.105
  70          0.109
  71          0.093
  72          0.107
  73          0.159
  74          0.098
  75          0.171
  76          0.146
  77          0.133
  78          0.121
  79          0.156
  80          0.195
  81          0.141
  82          0.090
  83          0.139
  84          0.125
  85          0.047
  86          0.088
  87          0.089
  88          0.096
  89          0.036
  90          0.049
  91          0.097
  92          0.040
  93          0.053
  94          0.045
  95          0.020
  96          0.064
  97          0.082
  98          0.099
  99          0.084
 100          0.138
 101          0.256
 102          0.173
 103          0.132
 104          0.056
 105          0.069
 106          0.082
 107          0.087
 108          0.121
 109          0.151
 110          0.209
 111          0.194
 112          0.093
 113          0.053
 114          0.067
 115          0.082
 116          0.086
 117          0.115
 118          0.240
 119          0.294
 120          0.159
 121          0.221
 122          0.231
 123          0.169
 124          0.105
 125          0.096
 126          0.065
 127          0.088
 128          0.068
 129          0.056
 130          0.054
 131          0.043
 132          0.054
 133          0.062
 134          0.071
 135          0.045
 136          0.051
 137          0.036
 138          0.050
 139          0.019
 140          0.057
 141          0.036
 142          0.097
 143          0.056
 144          0.035
 145          0.051
 146          0.080
 147          0.069
 148          0.054
 149          0.084
 150          0.144
 151          0.141
 152          0.142
 153          0.332
 154          0.143
 155          0.025
 156          0.077
 157          0.068
 158          0.062
 159          0.071
 160          0.057
 161          0.050
 162          0.073
 163          0.039
 164          0.045
 165          0.041
 166          0.021
 167          0.039
 168          0.056
 169          0.042
 170          0.061
 171          0.043
 172          0.060
 173          0.043
 174          0.035
 175          0.072
 176          0.018
 177          0.043
 178          0.068
 179          0.059
 180          0.033
 181          0.056
 182          0.046
 183          0.053
 184          0.049
 185          0.092
 186          0.103
 187          0.100
 188          0.069
 189          0.067
 190          0.131
 191          0.122
 192          0.137
 193          0.123
 194          0.037
 195          0.074
 196          0.080
 197          0.068
 198          0.080
 199          0.073
 200          0.086
 201          0.086
 202          0.170
 203          0.082
 204          0.066
 205          0.057
 206          0.080
 207          0.075
 208          0.083
 209          0.030
 210          0.072
 211          0.079
 212          0.124
 213          0.078
 214          0.050
 215          0.041
 216          0.108
 217          0.090
 218          0.067
 219          0.075
 220          0.078
 221          0.143
 222          0.178
 223          0.076
 224          0.083
 225          0.047
 226          0.090
 227          0.133
 228          0.121
 229          0.156
 230          0.111
 231          0.115
 232          0.078
 233          0.107
 234          0.076
 235          0.034
 236          0.051
 237          0.134
 238          0.171
 239          0.195
 240          0.306
 241          0.189
 242          0.228
 243          0.263
 244          0.120
 245          0.101
 246          0.110
 247          0.035
 248          0.066
 249          0.057
 250          0.087
 251          0.096
 252          0.098
 253          0.078
 254          0.098
 255          0.031
 256          0.075
 257          0.041
 258          0.014
 259          0.019
 260          0.062
 261          0.100
 262          0.102
 263          0.131
 264          0.142
 265          0.094
 266          0.079
 267          0.059
 268          0.052
 269          0.062
 270          0.211
 271          0.427
 272          0.142
 273          0.073
 274          0.106
 275          0.044
 276          0.049
 277          0.067
 278          0.097
 279          0.071
 280          0.077
 281          0.086
 282          0.047
 283          0.067
 284          0.047
 285          0.070
 286          0.044
 287          0.026
 288          0.009
 289          0.050
 290          0.059
 291          0.043
 292          0.040
 293          0.033
 294          0.053
 295          0.108
 296          0.095
 297          0.063
 298          0.102
 299          0.078
 300          0.070
 301          0.042
 302          0.024
 303          0.038
 304          0.083
 305          0.049
 306          0.041
 307          0.051
 308          0.051
 309          0.053
 310          0.035
 311          0.060
 312          0.077
 313          0.150
 314          0.118
 315          0.042
 316          0.100
 317          0.080
 318          0.053
 319          0.041
 320          0.093
 321          0.051
 322          0.117
 323          0.120
 324          0.152
 325          0.169
 326          0.168
 327          0.099
 328          0.106
 329          0.098
 330          0.090
 331          0.187
 332          0.193
 333          0.137
 334          0.116
 335          0.108
 336          0.110
 337          0.114
 338          0.135
 339          0.162
 340          0.130
 341          0.130
 342          0.087
 343          0.075
 344          0.076
 345          0.090
 346          0.081
 347          0.061
 348          0.079
 349          0.067
 350          0.047
 351          0.090
 352          0.092
 353          0.084
 354          0.166
 355          0.035
 356          0.075
 357          0.067
 358          0.062
 359          0.043
 360          0.029
 361          0.029
 362          0.086
 363          0.142
 364          0.160
 365          0.145
 366          0.183
 367          0.149
 368          0.131
 369          0.122
 370          0.036
 371          0.062
 372          0.060
 373          0.057
 374          0.043
 375          0.042
 376          0.082
 377          0.085
 378          0.094
 379          0.077
 380          0.072
 381          0.098
 382          0.098
 383          0.056
 384          0.091
 385          0.093
 386          0.116
 387          0.104
 388          0.094
 389          0.045
 390          0.028
 391          0.043
 392          0.043
 393          0.157
 394          0.176
 395          0.179
 396          0.167
 397          0.018
 398          0.023
 399          0.041
 400          0.119
 401          0.050
 402          0.032
 403          0.071
 404          0.070
 405          0.111
 406          0.094
 407          0.099
 408          0.066
 409          0.086
 410          0.088
 411          0.168
 412          0.111
 413          0.170
 414          0.142
 415          0.134
 416          0.104
 417          0.054
 418          0.081
 419          0.054
 420          0.040
 421          0.067
 422          0.082
 423          0.096
 424          0.107
 425          0.085
 426          0.105
 427          0.087
 428          0.117
 429          0.134
 430          0.406
 431          0.250
 432          0.250
 433          0.097
 434          0.121
 435          0.098
 436          0.094
 437          0.062
 438          0.147
 439          0.141
 440          0.207
 441          0.096
 442          0.060
 443          0.032
 444          0.020
 445          0.043
 446          0.051
 447          0.048
 448          0.066
 449          0.030
 450          0.043
 451          0.092
 452          0.094
 453          0.109
 454          0.094
 455          0.084
 456          0.060
 457          0.048
 458          0.055
 459          0.050
 460          0.033
 461          0.012
 462          0.043
 463          0.056
 464          0.050
 465          0.073
 466          0.177
 467          0.206
 468          0.269
 469          0.233
 470          0.143
 471          0.134
 472          0.094
 473          0.080
 474          0.047
 475          0.059
 476          0.055
 477          0.086
 478          0.100
 479          0.090
 480          0.185
 481          0.189
 482          0.066
 483          0.115
 484          0.083
 485          0.089
 486          0.072
 487          0.072

# Average distance: 0.099 nm
