# Atom index    Distance (nm)
   1          1.181
   2          0.735
   3          0.084
   4          0.076
   5          0.029
   6          0.062
   7          0.048
   8          0.058
   9          0.065
  10          0.100
  11          0.101
  12          0.134
  13          0.175
  14          0.145
  15          0.042
  16          0.043
  17          0.029
  18          0.063
  19          0.139
  20          0.143
  21          0.166
  22          0.206
  23          0.221
  24          0.219
  25          0.202
  26          0.208
  27          0.172
  28          0.130
  29          0.060
  30          0.097
  31          0.113
  32          0.134
  33          0.109
  34          0.077
  35          0.117
  36          0.175
  37          0.176
  38          0.096
  39          0.075
  40          0.078
  41          0.106
  42          0.083
  43          0.037
  44          0.083
  45          0.080
  46          0.117
  47          0.154
  48          0.119
  49          0.374
  50          0.450
  51          0.426
  52          0.386
  53          0.076
  54          0.077
  55          0.053
  56          0.096
  57          0.096
  58          0.112
  59          0.094
  60          0.066
  61          0.119
  62          0.097
  63          0.092
  64          0.104
  65          0.091
  66          0.089
  67          0.208
  68          0.229
  69          0.203
  70          0.138
  71          0.112
  72          0.072
  73          0.042
  74          0.079
  75          0.089
  76          0.112
  77          0.128
  78          0.142
  79          0.144
  80          0.132
  81          0.113
  82          0.094
  83          0.121
  84          0.115
  85          0.098
  86          0.113
  87          0.104
  88          0.136
  89          0.149
  90          0.120
  91          0.111
  92          0.150
  93          0.199
  94          0.119
  95          0.087
  96          0.093
  97          0.114
  98          0.108
  99          0.133
 100          0.161
 101          0.175
 102          0.185
 103          0.177
 104          0.161
 105          0.133
 106          0.120
 107          0.123
 108          0.157
 109          0.112
 110          0.114
 111          0.201
 112          0.225
 113          0.138
 114          0.110
 115          0.124
 116          0.226
 117          0.195
 118          0.220
 119          0.221
 120          0.198
 121          0.143
 122          0.182
 123          0.112
 124          0.132
 125          0.124
 126          0.054
 127          0.085
 128          0.082
 129          0.060
 130          0.085
 131          0.091
 132          0.083
 133          0.087
 134          0.043
 135          0.040
 136          0.047
 137          0.079
 138          0.091
 139          0.118
 140          0.219
 141          0.311
 142          0.410
 143          0.339
 144          0.208
 145          0.137
 146          0.076
 147          0.088
 148          0.064
 149          0.094
 150          0.155
 151          0.232
 152          0.270
 153          0.224
 154          0.198
 155          0.092
 156          0.079
 157          0.099
 158          0.114
 159          0.148
 160          0.152
 161          0.111
 162          0.101
 163          0.135
 164          0.080
 165          0.058
 166          0.071
 167          0.052
 168          0.068
 169          0.038
 170          0.067
 171          0.043
 172          0.031
 173          0.023
 174          0.077
 175          0.070
 176          0.082
 177          0.130
 178          0.110
 179          0.099
 180          0.088
 181          0.059
 182          0.022
 183          0.021
 184          0.062
 185          0.049
 186          0.052
 187          0.044
 188          0.088
 189          0.039
 190          0.034
 191          0.034
 192          0.031
 193          0.083
 194          0.023
 195          0.044
 196          0.055
 197          0.053
 198          0.056
 199          0.035
 200          0.049
 201          0.032
 202          0.042
 203          0.027
 204          0.019
 205          0.056
 206          0.053
 207          0.079
 208          0.107
 209          0.091
 210          0.117
 211          0.136
 212          0.104
 213          0.119
 214          0.143
 215          0.086
 216          0.053
 217          0.068
 218          0.080
 219          0.053
 220          0.048
 221          0.036
 222          0.116
 223          0.133
 224          0.137
 225          0.070
 226          0.092
 227          0.101
 228          0.131
 229          0.311
 230          0.300
 231          0.167
 232          0.158
 233          0.141
 234          0.101
 235          0.108
 236          0.107
 237          0.125
 238          0.200
 239          0.177
 240          0.157
 241          0.192
 242          0.162
 243          0.185
 244          0.104
 245          0.109
 246          0.086
 247          0.179
 248          0.117
 249          0.118
 250          0.074
 251          0.070
 252          0.084
 253          0.075
 254          0.058
 255          0.052
 256          0.054
 257          0.060
 258          0.051
 259          0.051
 260          0.044
 261          0.026
 262          0.080
 263          0.105
 264          0.066
 265          0.080
 266          0.071
 267          0.068
 268          0.089
 269          0.059
 270          0.123
 271          0.385
 272          0.340
 273          0.133
 274          0.078
 275          0.037
 276          0.071
 277          0.085
 278          0.116
 279          0.148
 280          0.089
 281          0.086
 282          0.110
 283          0.128
 284          0.138
 285          0.117
 286          0.086
 287          0.067
 288          0.014
 289          0.050
 290          0.035
 291          0.095
 292          0.170
 293          0.206
 294          0.233
 295          0.266
 296          0.261
 297          0.160
 298          0.239
 299          0.152
 300          0.098
 301          0.041
 302          0.065
 303          0.054
 304          0.064
 305          0.124
 306          0.077
 307          0.078
 308          0.094
 309          0.088
 310          0.123
 311          0.138
 312          0.172
 313          0.242
 314          0.224
 315          0.180
 316          0.139
 317          0.104
 318          0.069
 319          0.050
 320          0.050
 321          0.110
 322          0.129
 323          0.166
 324          0.214
 325          0.221
 326          0.254
 327          0.177
 328          0.191
 329          0.188
 330          0.192
 331          0.171
 332          0.089
 333          0.077
 334          0.117
 335          0.131
 336          0.124
 337          0.101
 338          0.070
 339          0.077
 340          0.082
 341          0.137
 342          0.135
 343          0.160
 344          0.182
 345          0.195
 346          0.178
 347          0.187
 348          0.154
 349          0.137
 350          0.134
 351          0.093
 352          0.170
 353          0.199
 354          0.178
 355          0.144
 356          0.123
 357          0.099
 358          0.150
 359          0.149
 360          0.128
 361          0.205
 362          0.275
 363          0.426
 364          0.258
 365          0.173
 366          0.139
 367          0.125
 368          0.121
 369          0.076
 370          0.049
 371          0.019
 372          0.016
 373          0.129
 374          0.104
 375          0.037
 376          0.065
 377          0.075
 378          0.097
 379          0.100
 380          0.100
 381          0.089
 382          0.128
 383          0.113
 384          0.124
 385          0.156
 386          0.185
 387          0.094
 388          0.092
 389          0.111
 390          0.118
 391          0.125
 392          0.145
 393          0.157
 394          0.119
 395          0.129
 396          0.129
 397          0.124
 398          0.151
 399          0.146
 400          0.170
 401          0.209
 402          0.168
 403          0.127
 404          0.096
 405          0.069
 406          0.107
 407          0.094
 408          0.150
 409          0.121
 410          0.082
 411          0.130
 412          0.144
 413          0.050
 414          0.162
 415          0.074
 416          0.080
 417          0.050
 418          0.072
 419          0.076
 420          0.055
 421          0.114
 422          0.147
 423          0.158
 424          0.129
 425          0.089
 426          0.071
 427          0.080
 428          0.100
 429          0.087
 430          0.127
 431          0.260
 432          0.168
 433          0.066
 434          0.059
 435          0.129
 436          0.137
 437          0.108
 438          0.105
 439          0.064
 440          0.075
 441          0.068
 442          0.068
 443          0.051
 444          0.120
 445          0.112
 446          0.123
 447          0.079
 448          0.043
 449          0.025
 450          0.080
 451          0.117
 452          0.134
 453          0.109
 454          0.111
 455          0.117
 456          0.129
 457          0.127
 458          0.102
 459          0.101
 460          0.094
 461          0.117
 462          0.068
 463          0.059
 464          0.112
 465          0.118
 466          0.143
 467          0.152
 468          0.282
 469          0.102
 470          0.184
 471          0.105
 472          0.105
 473          0.052
 474          0.065
 475          0.106
 476          0.103
 477          0.085
 478          0.182
 479          0.277
 480          0.291
 481          0.305
 482          0.277
 483          0.209
 484          0.105
 485          0.140
 486          0.129
 487          0.114

# Average distance: 0.124 nm
