# Atom index    Distance (nm)
   1          0.903
   2          0.509
   3          0.281
   4          0.207
   5          0.109
   6          0.085
   7          0.042
   8          0.055
   9          0.077
  10          0.069
  11          0.053
  12          0.017
  13          0.045
  14          0.043
  15          0.006
  16          0.025
  17          0.055
  18          0.055
  19          0.050
  20          0.072
  21          0.146
  22          0.178
  23          0.230
  24          0.240
  25          0.178
  26          0.135
  27          0.078
  28          0.062
  29          0.055
  30          0.056
  31          0.067
  32          0.178
  33          0.159
  34          0.158
  35          0.243
  36          0.213
  37          0.131
  38          0.081
  39          0.115
  40          0.081
  41          0.087
  42          0.109
  43          0.179
  44          0.134
  45          0.270
  46          0.304
  47          0.290
  48          0.375
  49          0.369
  50          0.520
  51          0.408
  52          0.318
  53          0.112
  54          0.105
  55          0.080
  56          0.019
  57          0.044
  58          0.045
  59          0.046
  60          0.044
  61          0.084
  62          0.076
  63          0.109
  64          0.114
  65          0.146
  66          0.163
  67          0.276
  68          0.205
  69          0.218
  70          0.236
  71          0.262
  72          0.160
  73          0.170
  74          0.127
  75          0.223
  76          0.229
  77          0.226
  78          0.260
  79          0.234
  80          0.206
  81          0.269
  82          0.258
  83          0.168
  84          0.144
  85          0.103
  86          0.140
  87          0.115
  88          0.093
  89          0.063
  90          0.090
  91          0.104
  92          0.102
  93          0.120
  94          0.120
  95          0.061
  96          0.071
  97          0.104
  98          0.105
  99          0.130
 100          0.137
 101          0.173
 102          0.183
 103          0.154
 104          0.115
 105          0.096
 106          0.078
 107          0.098
 108          0.177
 109          0.314
 110          0.362
 111          0.297
 112          0.161
 113          0.128
 114          0.197
 115          0.138
 116          0.182
 117          0.109
 118          0.085
 119          0.067
 120          0.038
 121          0.087
 122          0.103
 123          0.114
 124          0.083
 125          0.052
 126          0.072
 127          0.070
 128          0.045
 129          0.110
 130          0.141
 131          0.115
 132          0.160
 133          0.114
 134          0.053
 135          0.064
 136          0.063
 137          0.099
 138          0.107
 139          0.027
 140          0.069
 141          0.074
 142          0.096
 143          0.144
 144          0.129
 145          0.052
 146          0.047
 147          0.069
 148          0.042
 149          0.032
 150          0.072
 151          0.240
 152          0.390
 153          0.212
 154          0.151
 155          0.059
 156          0.056
 157          0.084
 158          0.085
 159          0.067
 160          0.058
 161          0.094
 162          0.090
 163          0.055
 164          0.056
 165          0.039
 166          0.042
 167          0.056
 168          0.035
 169          0.013
 170          0.022
 171          0.056
 172          0.028
 173          0.043
 174          0.052
 175          0.096
 176          0.026
 177          0.018
 178          0.039
 179          0.058
 180          0.064
 181          0.058
 182          0.058
 183          0.036
 184          0.027
 185          0.071
 186          0.048
 187          0.110
 188          0.068
 189          0.043
 190          0.026
 191          0.048
 192          0.068
 193          0.089
 194          0.092
 195          0.063
 196          0.045
 197          0.069
 198          0.088
 199          0.217
 200          0.228
 201          0.236
 202          0.108
 203          0.073
 204          0.030
 205          0.036
 206          0.050
 207          0.064
 208          0.126
 209          0.215
 210          0.156
 211          0.141
 212          0.131
 213          0.115
 214          0.094
 215          0.142
 216          0.140
 217          0.102
 218          0.054
 219          0.065
 220          0.144
 221          0.174
 222          0.170
 223          0.167
 224          0.122
 225          0.120
 226          0.102
 227          0.090
 228          0.088
 229          0.098
 230          0.152
 231          0.156
 232          0.076
 233          0.102
 234          0.112
 235          0.159
 236          0.144
 237          0.140
 238          0.300
 239          0.226
 240          0.226
 241          0.215
 242          0.136
 243          0.155
 244          0.150
 245          0.087
 246          0.104
 247          0.139
 248          0.113
 249          0.062
 250          0.092
 251          0.076
 252          0.064
 253          0.072
 254          0.117
 255          0.098
 256          0.055
 257          0.065
 258          0.057
 259          0.076
 260          0.027
 261          0.053
 262          0.110
 263          0.105
 264          0.102
 265          0.061
 266          0.054
 267          0.056
 268          0.088
 269          0.073
 270          0.103
 271          0.098
 272          0.201
 273          0.077
 274          0.058
 275          0.044
 276          0.051
 277          0.038
 278          0.108
 279          0.069
 280          0.050
 281          0.046
 282          0.043
 283          0.066
 284          0.089
 285          0.041
 286          0.036
 287          0.057
 288          0.062
 289          0.053
 290          0.100
 291          0.083
 292          0.086
 293          0.091
 294          0.194
 295          0.226
 296          0.177
 297          0.039
 298          0.147
 299          0.121
 300          0.058
 301          0.025
 302          0.074
 303          0.084
 304          0.091
 305          0.098
 306          0.111
 307          0.120
 308          0.115
 309          0.091
 310          0.093
 311          0.135
 312          0.233
 313          0.271
 314          0.138
 315          0.165
 316          0.077
 317          0.070
 318          0.070
 319          0.060
 320          0.103
 321          0.127
 322          0.189
 323          0.213
 324          0.197
 325          0.164
 326          0.216
 327          0.139
 328          0.070
 329          0.087
 330          0.086
 331          0.138
 332          0.123
 333          0.113
 334          0.053
 335          0.074
 336          0.066
 337          0.083
 338          0.045
 339          0.018
 340          0.039
 341          0.040
 342          0.100
 343          0.147
 344          0.191
 345          0.219
 346          0.139
 347          0.130
 348          0.125
 349          0.077
 350          0.114
 351          0.123
 352          0.095
 353          0.044
 354          0.099
 355          0.073
 356          0.036
 357          0.055
 358          0.074
 359          0.217
 360          0.258
 361          0.173
 362          0.150
 363          0.180
 364          0.133
 365          0.134
 366          0.231
 367          0.206
 368          0.116
 369          0.074
 370          0.044
 371          0.029
 372          0.033
 373          0.040
 374          0.038
 375          0.038
 376          0.048
 377          0.062
 378          0.042
 379          0.068
 380          0.047
 381          0.069
 382          0.082
 383          0.122
 384          0.209
 385          0.286
 386          0.322
 387          0.183
 388          0.120
 389          0.129
 390          0.158
 391          0.232
 392          0.257
 393          0.253
 394          0.322
 395          0.358
 396          0.279
 397          0.215
 398          0.179
 399          0.223
 400          0.226
 401          0.286
 402          0.211
 403          0.228
 404          0.279
 405          0.122
 406          0.096
 407          0.065
 408          0.048
 409          0.057
 410          0.071
 411          0.110
 412          0.108
 413          0.107
 414          0.139
 415          0.108
 416          0.092
 417          0.042
 418          0.092
 419          0.076
 420          0.103
 421          0.145
 422          0.241
 423          0.407
 424          0.315
 425          0.170
 426          0.154
 427          0.124
 428          0.105
 429          0.138
 430          0.129
 431          0.182
 432          0.144
 433          0.143
 434          0.155
 435          0.109
 436          0.158
 437          0.160
 438          0.178
 439          0.173
 440          0.182
 441          0.159
 442          0.129
 443          0.106
 444          0.080
 445          0.064
 446          0.078
 447          0.103
 448          0.084
 449          0.062
 450          0.047
 451          0.073
 452          0.115
 453          0.092
 454          0.070
 455          0.090
 456          0.074
 457          0.095
 458          0.080
 459          0.064
 460          0.169
 461          0.146
 462          0.048
 463          0.094
 464          0.101
 465          0.146
 466          0.262
 467          0.296
 468          0.329
 469          0.311
 470          0.348
 471          0.270
 472          0.176
 473          0.157
 474          0.079
 475          0.111
 476          0.112
 477          0.117
 478          0.084
 479          0.025
 480          0.109
 481          0.045
 482          0.131
 483          0.120
 484          0.100
 485          0.070
 486          0.098
 487          0.067

# Average distance: 0.124 nm
