# Atom index    Distance (nm)
   1          0.575
   2          0.236
   3          0.244
   4          0.221
   5          0.141
   6          0.095
   7          0.060
   8          0.057
   9          0.082
  10          0.029
  11          0.031
  12          0.047
  13          0.044
  14          0.023
  15          0.060
  16          0.052
  17          0.036
  18          0.032
  19          0.024
  20          0.042
  21          0.114
  22          0.209
  23          0.250
  24          0.276
  25          0.158
  26          0.171
  27          0.098
  28          0.064
  29          0.056
  30          0.043
  31          0.075
  32          0.099
  33          0.104
  34          0.104
  35          0.061
  36          0.044
  37          0.041
  38          0.038
  39          0.038
  40          0.027
  41          0.021
  42          0.059
  43          0.091
  44          0.159
  45          0.125
  46          0.388
  47          0.470
  48          0.402
  49          0.401
  50          0.210
  51          0.156
  52          0.073
  53          0.018
  54          0.031
  55          0.027
  56          0.062
  57          0.062
  58          0.065
  59          0.079
  60          0.077
  61          0.087
  62          0.089
  63          0.082
  64          0.077
  65          0.041
  66          0.045
  67          0.125
  68          0.128
  69          0.140
  70          0.137
  71          0.050
  72          0.075
  73          0.070
  74          0.084
  75          0.121
  76          0.109
  77          0.169
  78          0.200
  79          0.176
  80          0.164
  81          0.164
  82          0.109
  83          0.075
  84          0.073
  85          0.059
  86          0.064
  87          0.056
  88          0.059
  89          0.050
  90          0.063
  91          0.052
  92          0.051
  93          0.062
  94          0.057
  95          0.076
  96          0.067
  97          0.054
  98          0.042
  99          0.057
 100          0.054
 101          0.074
 102          0.068
 103          0.051
 104          0.027
 105          0.021
 106          0.020
 107          0.059
 108          0.068
 109          0.052
 110          0.015
 111          0.071
 112          0.077
 113          0.038
 114          0.039
 115          0.035
 116          0.047
 117          0.075
 118          0.061
 119          0.037
 120          0.044
 121          0.091
 122          0.039
 123          0.032
 124          0.033
 125          0.027
 126          0.031
 127          0.032
 128          0.019
 129          0.035
 130          0.039
 131          0.015
 132          0.019
 133          0.016
 134          0.071
 135          0.037
 136          0.023
 137          0.045
 138          0.058
 139          0.055
 140          0.049
 141          0.061
 142          0.055
 143          0.055
 144          0.056
 145          0.100
 146          0.092
 147          0.080
 148          0.057
 149          0.059
 150          0.068
 151          0.072
 152          0.212
 153          0.171
 154          0.087
 155          0.080
 156          0.074
 157          0.073
 158          0.061
 159          0.071
 160          0.052
 161          0.059
 162          0.043
 163          0.076
 164          0.073
 165          0.033
 166          0.041
 167          0.032
 168          0.041
 169          0.058
 170          0.021
 171          0.036
 172          0.042
 173          0.025
 174          0.042
 175          0.012
 176          0.031
 177          0.040
 178          0.035
 179          0.023
 180          0.040
 181          0.027
 182          0.051
 183          0.033
 184          0.037
 185          0.039
 186          0.078
 187          0.093
 188          0.030
 189          0.051
 190          0.076
 191          0.074
 192          0.058
 193          0.017
 194          0.039
 195          0.067
 196          0.049
 197          0.052
 198          0.040
 199          0.096
 200          0.090
 201          0.051
 202          0.094
 203          0.098
 204          0.096
 205          0.107
 206          0.078
 207          0.067
 208          0.071
 209          0.106
 210          0.084
 211          0.103
 212          0.079
 213          0.119
 214          0.100
 215          0.111
 216          0.095
 217          0.128
 218          0.026
 219          0.104
 220          0.147
 221          0.151
 222          0.210
 223          0.154
 224          0.122
 225          0.131
 226          0.101
 227          0.110
 228          0.129
 229          0.121
 230          0.117
 231          0.106
 232          0.080
 233          0.137
 234          0.130
 235          0.100
 236          0.109
 237          0.116
 238          0.166
 239          0.151
 240          0.156
 241          0.162
 242          0.084
 243          0.053
 244          0.072
 245          0.085
 246          0.105
 247          0.111
 248          0.066
 249          0.065
 250          0.053
 251          0.044
 252          0.020
 253          0.054
 254          0.050
 255          0.029
 256          0.031
 257          0.045
 258          0.034
 259          0.036
 260          0.054
 261          0.067
 262          0.040
 263          0.031
 264          0.054
 265          0.058
 266          0.053
 267          0.028
 268          0.043
 269          0.047
 270          0.089
 271          0.160
 272          0.093
 273          0.066
 274          0.067
 275          0.034
 276          0.037
 277          0.018
 278          0.092
 279          0.060
 280          0.082
 281          0.088
 282          0.054
 283          0.058
 284          0.049
 285          0.055
 286          0.017
 287          0.036
 288          0.043
 289          0.029
 290          0.035
 291          0.063
 292          0.081
 293          0.060
 294          0.193
 295          0.162
 296          0.195
 297          0.148
 298          0.029
 299          0.102
 300          0.087
 301          0.022
 302          0.022
 303          0.036
 304          0.068
 305          0.128
 306          0.087
 307          0.039
 308          0.060
 309          0.062
 310          0.069
 311          0.111
 312          0.131
 313          0.113
 314          0.230
 315          0.088
 316          0.055
 317          0.066
 318          0.076
 319          0.058
 320          0.068
 321          0.038
 322          0.113
 323          0.109
 324          0.116
 325          0.107
 326          0.090
 327          0.068
 328          0.031
 329          0.018
 330          0.027
 331          0.083
 332          0.101
 333          0.069
 334          0.067
 335          0.054
 336          0.029
 337          0.050
 338          0.088
 339          0.071
 340          0.064
 341          0.056
 342          0.109
 343          0.088
 344          0.092
 345          0.096
 346          0.099
 347          0.072
 348          0.075
 349          0.045
 350          0.076
 351          0.084
 352          0.081
 353          0.108
 354          0.091
 355          0.079
 356          0.054
 357          0.048
 358          0.054
 359          0.037
 360          0.097
 361          0.079
 362          0.097
 363          0.095
 364          0.072
 365          0.160
 366          0.176
 367          0.121
 368          0.059
 369          0.063
 370          0.045
 371          0.055
 372          0.059
 373          0.042
 374          0.034
 375          0.032
 376          0.041
 377          0.060
 378          0.058
 379          0.065
 380          0.068
 381          0.038
 382          0.038
 383          0.035
 384          0.048
 385          0.102
 386          0.156
 387          0.036
 388          0.024
 389          0.024
 390          0.051
 391          0.086
 392          0.104
 393          0.113
 394          0.111
 395          0.098
 396          0.090
 397          0.073
 398          0.055
 399          0.084
 400          0.087
 401          0.089
 402          0.119
 403          0.065
 404          0.129
 405          0.095
 406          0.093
 407          0.057
 408          0.075
 409          0.024
 410          0.048
 411          0.084
 412          0.085
 413          0.088
 414          0.092
 415          0.054
 416          0.045
 417          0.050
 418          0.042
 419          0.055
 420          0.050
 421          0.124
 422          0.168
 423          0.138
 424          0.093
 425          0.064
 426          0.055
 427          0.043
 428          0.059
 429          0.066
 430          0.131
 431          0.116
 432          0.140
 433          0.039
 434          0.036
 435          0.054
 436          0.055
 437          0.136
 438          0.236
 439          0.092
 440          0.052
 441          0.066
 442          0.046
 443          0.028
 444          0.070
 445          0.058
 446          0.057
 447          0.044
 448          0.054
 449          0.080
 450          0.086
 451          0.103
 452          0.094
 453          0.029
 454          0.061
 455          0.040
 456          0.023
 457          0.048
 458          0.042
 459          0.127
 460          0.251
 461          0.106
 462          0.101
 463          0.088
 464          0.105
 465          0.090
 466          0.126
 467          0.148
 468          0.162
 469          0.148
 470          0.171
 471          0.070
 472          0.082
 473          0.038
 474          0.055
 475          0.028
 476          0.055
 477          0.088
 478          0.116
 479          0.101
 480          0.070
 481          0.209
 482          0.196
 483          0.056
 484          0.046
 485          0.028
 486          0.028
 487          0.043

# Average distance: 0.081 nm
