# Atom index    Distance (nm)
   1          0.401
   2          0.321
   3          0.261
   4          0.222
   5          0.147
   6          0.117
   7          0.108
   8          0.109
   9          0.093
  10          0.089
  11          0.070
  12          0.053
  13          0.092
  14          0.093
  15          0.028
  16          0.092
  17          0.137
  18          0.144
  19          0.139
  20          0.148
  21          0.231
  22          0.244
  23          0.281
  24          0.400
  25          0.347
  26          0.246
  27          0.178
  28          0.151
  29          0.113
  30          0.089
  31          0.083
  32          0.096
  33          0.102
  34          0.128
  35          0.095
  36          0.115
  37          0.115
  38          0.138
  39          0.169
  40          0.139
  41          0.122
  42          0.116
  43          0.137
  44          0.206
  45          0.286
  46          0.443
  47          0.450
  48          0.483
  49          0.521
  50          0.315
  51          0.346
  52          0.319
  53          0.185
  54          0.111
  55          0.113
  56          0.097
  57          0.157
  58          0.121
  59          0.176
  60          0.245
  61          0.268
  62          0.283
  63          0.207
  64          0.189
  65          0.186
  66          0.191
  67          0.242
  68          0.252
  69          0.278
  70          0.292
  71          0.282
  72          0.288
  73          0.290
  74          0.267
  75          0.332
  76          0.306
  77          0.315
  78          0.279
  79          0.304
  80          0.262
  81          0.251
  82          0.198
  83          0.191
  84          0.139
  85          0.099
  86          0.082
  87          0.052
  88          0.077
  89          0.130
  90          0.112
  91          0.197
  92          0.209
  93          0.207
  94          0.128
  95          0.084
  96          0.111
  97          0.097
  98          0.080
  99          0.146
 100          0.141
 101          0.200
 102          0.180
 103          0.127
 104          0.128
 105          0.137
 106          0.151
 107          0.170
 108          0.266
 109          0.368
 110          0.252
 111          0.361
 112          0.389
 113          0.274
 114          0.228
 115          0.166
 116          0.157
 117          0.187
 118          0.177
 119          0.171
 120          0.156
 121          0.157
 122          0.164
 123          0.162
 124          0.142
 125          0.159
 126          0.123
 127          0.048
 128          0.114
 129          0.081
 130          0.102
 131          0.071
 132          0.068
 133          0.030
 134          0.058
 135          0.040
 136          0.072
 137          0.076
 138          0.080
 139          0.122
 140          0.167
 141          0.175
 142          0.215
 143          0.140
 144          0.170
 145          0.113
 146          0.098
 147          0.077
 148          0.056
 149          0.015
 150          0.044
 151          0.079
 152          0.113
 153          0.065
 154          0.050
 155          0.052
 156          0.079
 157          0.045
 158          0.042
 159          0.064
 160          0.078
 161          0.096
 162          0.124
 163          0.048
 164          0.045
 165          0.076
 166          0.110
 167          0.070
 168          0.061
 169          0.053
 170          0.054
 171          0.043
 172          0.056
 173          0.080
 174          0.092
 175          0.077
 176          0.095
 177          0.085
 178          0.065
 179          0.105
 180          0.115
 181          0.118
 182          0.044
 183          0.023
 184          0.037
 185          0.114
 186          0.070
 187          0.076
 188          0.026
 189          0.025
 190          0.079
 191          0.101
 192          0.104
 193          0.088
 194          0.080
 195          0.043
 196          0.057
 197          0.032
 198          0.039
 199          0.098
 200          0.123
 201          0.132
 202          0.130
 203          0.050
 204          0.057
 205          0.099
 206          0.081
 207          0.125
 208          0.136
 209          0.181
 210          0.154
 211          0.096
 212          0.134
 213          0.086
 214          0.131
 215          0.140
 216          0.114
 217          0.103
 218          0.132
 219          0.136
 220          0.217
 221          0.176
 222          0.208
 223          0.189
 224          0.177
 225          0.198
 226          0.200
 227          0.201
 228          0.145
 229          0.283
 230          0.311
 231          0.154
 232          0.151
 233          0.130
 234          0.228
 235          0.242
 236          0.205
 237          0.241
 238          0.276
 239          0.140
 240          0.260
 241          0.192
 242          0.199
 243          0.221
 244          0.154
 245          0.154
 246          0.118
 247          0.143
 248          0.160
 249          0.173
 250          0.153
 251          0.137
 252          0.126
 253          0.087
 254          0.072
 255          0.127
 256          0.066
 257          0.057
 258          0.069
 259          0.080
 260          0.099
 261          0.098
 262          0.112
 263          0.175
 264          0.144
 265          0.158
 266          0.149
 267          0.148
 268          0.154
 269          0.203
 270          0.154
 271          0.488
 272          0.193
 273          0.166
 274          0.138
 275          0.144
 276          0.145
 277          0.140
 278          0.195
 279          0.163
 280          0.198
 281          0.244
 282          0.247
 283          0.241
 284          0.250
 285          0.164
 286          0.094
 287          0.115
 288          0.119
 289          0.108
 290          0.148
 291          0.068
 292          0.046
 293          0.103
 294          0.026
 295          0.202
 296          0.088
 297          0.104
 298          0.119
 299          0.134
 300          0.138
 301          0.134
 302          0.134
 303          0.165
 304          0.201
 305          0.199
 306          0.202
 307          0.212
 308          0.144
 309          0.141
 310          0.207
 311          0.275
 312          0.275
 313          0.368
 314          0.359
 315          0.175
 316          0.192
 317          0.199
 318          0.167
 319          0.234
 320          0.289
 321          0.293
 322          0.334
 323          0.339
 324          0.312
 325          0.354
 326          0.300
 327          0.159
 328          0.146
 329          0.149
 330          0.195
 331          0.192
 332          0.148
 333          0.129
 334          0.118
 335          0.063
 336          0.179
 337          0.072
 338          0.082
 339          0.027
 340          0.032
 341          0.113
 342          0.123
 343          0.168
 344          0.156
 345          0.184
 346          0.157
 347          0.127
 348          0.069
 349          0.089
 350          0.098
 351          0.112
 352          0.200
 353          0.237
 354          0.241
 355          0.170
 356          0.177
 357          0.150
 358          0.172
 359          0.143
 360          0.157
 361          0.047
 362          0.091
 363          0.079
 364          0.065
 365          0.069
 366          0.140
 367          0.143
 368          0.064
 369          0.092
 370          0.076
 371          0.061
 372          0.032
 373          0.030
 374          0.050
 375          0.054
 376          0.063
 377          0.090
 378          0.066
 379          0.076
 380          0.018
 381          0.020
 382          0.078
 383          0.100
 384          0.042
 385          0.075
 386          0.118
 387          0.081
 388          0.110
 389          0.109
 390          0.115
 391          0.122
 392          0.124
 393          0.192
 394          0.226
 395          0.113
 396          0.093
 397          0.064
 398          0.069
 399          0.101
 400          0.107
 401          0.141
 402          0.097
 403          0.013
 404          0.035
 405          0.058
 406          0.063
 407          0.058
 408          0.032
 409          0.089
 410          0.072
 411          0.091
 412          0.098
 413          0.142
 414          0.116
 415          0.092
 416          0.077
 417          0.136
 418          0.049
 419          0.029
 420          0.038
 421          0.062
 422          0.127
 423          0.177
 424          0.145
 425          0.070
 426          0.043
 427          0.072
 428          0.103
 429          0.106
 430          0.163
 431          0.219
 432          0.161
 433          0.137
 434          0.105
 435          0.070
 436          0.086
 437          0.093
 438          0.114
 439          0.085
 440          0.075
 441          0.096
 442          0.164
 443          0.159
 444          0.101
 445          0.098
 446          0.046
 447          0.049
 448          0.059
 449          0.081
 450          0.103
 451          0.070
 452          0.148
 453          0.128
 454          0.049
 455          0.073
 456          0.106
 457          0.129
 458          0.140
 459          0.158
 460          0.247
 461          0.259
 462          0.140
 463          0.030
 464          0.069
 465          0.088
 466          0.075
 467          0.087
 468          0.066
 469          0.088
 470          0.098
 471          0.103
 472          0.087
 473          0.077
 474          0.098
 475          0.110
 476          0.115
 477          0.179
 478          0.178
 479          0.097
 480          0.104
 481          0.108
 482          0.115
 483          0.114
 484          0.096
 485          0.113
 486          0.110
 487          0.073

# Average distance: 0.141 nm
