# Atom index    Distance (nm)
   1          0.213
   2          0.324
   3          0.287
   4          0.228
   5          0.152
   6          0.111
   7          0.059
   8          0.045
   9          0.040
  10          0.037
  11          0.042
  12          0.034
  13          0.023
  14          0.025
  15          0.059
  16          0.076
  17          0.074
  18          0.064
  19          0.093
  20          0.125
  21          0.103
  22          0.093
  23          0.125
  24          0.108
  25          0.096
  26          0.100
  27          0.064
  28          0.074
  29          0.076
  30          0.112
  31          0.108
  32          0.260
  33          0.224
  34          0.140
  35          0.165
  36          0.098
  37          0.008
  38          0.024
  39          0.082
  40          0.075
  41          0.104
  42          0.104
  43          0.135
  44          0.142
  45          0.196
  46          0.339
  47          0.337
  48          0.286
  49          0.248
  50          0.220
  51          0.304
  52          0.153
  53          0.124
  54          0.145
  55          0.130
  56          0.082
  57          0.087
  58          0.037
  59          0.089
  60          0.027
  61          0.073
  62          0.091
  63          0.110
  64          0.082
  65          0.141
  66          0.154
  67          0.164
  68          0.163
  69          0.170
  70          0.113
  71          0.086
  72          0.118
  73          0.091
  74          0.069
  75          0.063
  76          0.147
  77          0.181
  78          0.204
  79          0.155
  80          0.208
  81          0.209
  82          0.190
  83          0.151
  84          0.135
  85          0.134
  86          0.131
  87          0.090
  88          0.068
  89          0.053
  90          0.073
  91          0.079
  92          0.076
  93          0.051
  94          0.020
  95          0.021
  96          0.033
  97          0.083
  98          0.155
  99          0.150
 100          0.171
 101          0.180
 102          0.168
 103          0.145
 104          0.154
 105          0.120
 106          0.078
 107          0.075
 108          0.088
 109          0.096
 110          0.234
 111          0.146
 112          0.118
 113          0.065
 114          0.099
 115          0.100
 116          0.120
 117          0.102
 118          0.127
 119          0.120
 120          0.075
 121          0.089
 122          0.055
 123          0.056
 124          0.061
 125          0.041
 126          0.011
 127          0.016
 128          0.054
 129          0.066
 130          0.079
 131          0.106
 132          0.061
 133          0.030
 134          0.071
 135          0.051
 136          0.047
 137          0.053
 138          0.044
 139          0.085
 140          0.046
 141          0.047
 142          0.034
 143          0.102
 144          0.116
 145          0.074
 146          0.085
 147          0.068
 148          0.079
 149          0.161
 150          0.258
 151          0.277
 152          0.232
 153          0.270
 154          0.289
 155          0.133
 156          0.087
 157          0.091
 158          0.106
 159          0.093
 160          0.164
 161          0.174
 162          0.195
 163          0.235
 164          0.164
 165          0.027
 166          0.058
 167          0.046
 168          0.058
 169          0.108
 170          0.076
 171          0.061
 172          0.070
 173          0.052
 174          0.082
 175          0.071
 176          0.056
 177          0.054
 178          0.098
 179          0.094
 180          0.081
 181          0.088
 182          0.072
 183          0.041
 184          0.064
 185          0.072
 186          0.064
 187          0.030
 188          0.060
 189          0.077
 190          0.090
 191          0.098
 192          0.152
 193          0.140
 194          0.116
 195          0.064
 196          0.123
 197          0.134
 198          0.117
 199          0.192
 200          0.145
 201          0.225
 202          0.179
 203          0.189
 204          0.137
 205          0.045
 206          0.086
 207          0.040
 208          0.073
 209          0.028
 210          0.053
 211          0.067
 212          0.117
 213          0.103
 214          0.104
 215          0.085
 216          0.062
 217          0.057
 218          0.049
 219          0.081
 220          0.173
 221          0.122
 222          0.094
 223          0.089
 224          0.054
 225          0.052
 226          0.071
 227          0.071
 228          0.037
 229          0.125
 230          0.105
 231          0.143
 232          0.067
 233          0.061
 234          0.043
 235          0.069
 236          0.068
 237          0.096
 238          0.229
 239          0.160
 240          0.147
 241          0.135
 242          0.132
 243          0.160
 244          0.119
 245          0.057
 246          0.064
 247          0.045
 248          0.069
 249          0.083
 250          0.027
 251          0.086
 252          0.089
 253          0.053
 254          0.041
 255          0.038
 256          0.027
 257          0.018
 258          0.027
 259          0.030
 260          0.098
 261          0.129
 262          0.155
 263          0.145
 264          0.119
 265          0.102
 266          0.060
 267          0.077
 268          0.094
 269          0.173
 270          0.155
 271          0.410
 272          0.161
 273          0.127
 274          0.146
 275          0.103
 276          0.105
 277          0.117
 278          0.068
 279          0.093
 280          0.058
 281          0.068
 282          0.111
 283          0.097
 284          0.082
 285          0.086
 286          0.081
 287          0.037
 288          0.039
 289          0.045
 290          0.069
 291          0.066
 292          0.095
 293          0.150
 294          0.148
 295          0.162
 296          0.149
 297          0.154
 298          0.153
 299          0.112
 300          0.116
 301          0.096
 302          0.090
 303          0.085
 304          0.063
 305          0.113
 306          0.133
 307          0.158
 308          0.130
 309          0.117
 310          0.124
 311          0.125
 312          0.138
 313          0.133
 314          0.141
 315          0.182
 316          0.160
 317          0.098
 318          0.110
 319          0.130
 320          0.190
 321          0.198
 322          0.224
 323          0.171
 324          0.147
 325          0.232
 326          0.164
 327          0.142
 328          0.113
 329          0.107
 330          0.081
 331          0.115
 332          0.080
 333          0.102
 334          0.119
 335          0.130
 336          0.172
 337          0.093
 338          0.089
 339          0.074
 340          0.054
 341          0.105
 342          0.107
 343          0.135
 344          0.157
 345          0.182
 346          0.158
 347          0.139
 348          0.081
 349          0.113
 350          0.106
 351          0.130
 352          0.149
 353          0.154
 354          0.145
 355          0.136
 356          0.126
 357          0.132
 358          0.118
 359          0.105
 360          0.142
 361          0.151
 362          0.196
 363          0.210
 364          0.132
 365          0.122
 366          0.104
 367          0.089
 368          0.057
 369          0.039
 370          0.039
 371          0.093
 372          0.065
 373          0.053
 374          0.040
 375          0.049
 376          0.051
 377          0.056
 378          0.074
 379          0.045
 380          0.048
 381          0.042
 382          0.061
 383          0.066
 384          0.093
 385          0.063
 386          0.071
 387          0.066
 388          0.051
 389          0.036
 390          0.051
 391          0.066
 392          0.098
 393          0.144
 394          0.164
 395          0.143
 396          0.122
 397          0.095
 398          0.051
 399          0.060
 400          0.116
 401          0.123
 402          0.097
 403          0.115
 404          0.068
 405          0.045
 406          0.048
 407          0.077
 408          0.093
 409          0.159
 410          0.104
 411          0.155
 412          0.209
 413          0.158
 414          0.139
 415          0.082
 416          0.104
 417          0.085
 418          0.072
 419          0.082
 420          0.073
 421          0.126
 422          0.176
 423          0.208
 424          0.154
 425          0.168
 426          0.058
 427          0.057
 428          0.087
 429          0.082
 430          0.149
 431          0.197
 432          0.145
 433          0.120
 434          0.088
 435          0.093
 436          0.087
 437          0.085
 438          0.071
 439          0.066
 440          0.094
 441          0.110
 442          0.114
 443          0.112
 444          0.094
 445          0.081
 446          0.116
 447          0.095
 448          0.094
 449          0.087
 450          0.095
 451          0.085
 452          0.115
 453          0.035
 454          0.068
 455          0.082
 456          0.086
 457          0.091
 458          0.097
 459          0.070
 460          0.130
 461          0.141
 462          0.138
 463          0.116
 464          0.061
 465          0.066
 466          0.073
 467          0.165
 468          0.175
 469          0.055
 470          0.150
 471          0.115
 472          0.087
 473          0.057
 474          0.071
 475          0.118
 476          0.177
 477          0.172
 478          0.220
 479          0.165
 480          0.120
 481          0.098
 482          0.097
 483          0.070
 484          0.049
 485          0.058
 486          0.056
 487          0.049

# Average distance: 0.108 nm
