# Atom index    Distance (nm)
   1          0.955
   2          0.661
   3          0.400
   4          0.149
   5          0.212
   6          0.236
   7          0.149
   8          0.064
   9          0.060
  10          0.062
  11          0.076
  12          0.104
  13          0.144
  14          0.131
  15          0.089
  16          0.120
  17          0.071
  18          0.072
  19          0.094
  20          0.080
  21          0.065
  22          0.033
  23          0.058
  24          0.027
  25          0.010
  26          0.058
  27          0.082
  28          0.041
  29          0.055
  30          0.114
  31          0.094
  32          0.219
  33          0.256
  34          0.175
  35          0.168
  36          0.152
  37          0.074
  38          0.057
  39          0.039
  40          0.047
  41          0.148
  42          0.126
  43          0.092
  44          0.196
  45          0.070
  46          0.075
  47          0.091
  48          0.165
  49          0.105
  50          0.107
  51          0.082
  52          0.133
  53          0.070
  54          0.078
  55          0.038
  56          0.044
  57          0.056
  58          0.063
  59          0.121
  60          0.165
  61          0.115
  62          0.072
  63          0.046
  64          0.066
  65          0.069
  66          0.052
  67          0.080
  68          0.142
  69          0.124
  70          0.176
  71          0.079
  72          0.070
  73          0.032
  74          0.082
  75          0.105
  76          0.088
  77          0.113
  78          0.184
  79          0.117
  80          0.170
  81          0.175
  82          0.051
  83          0.078
  84          0.078
  85          0.087
  86          0.119
  87          0.064
  88          0.123
  89          0.161
  90          0.118
  91          0.105
  92          0.105
  93          0.084
  94          0.115
  95          0.087
  96          0.138
  97          0.125
  98          0.114
  99          0.129
 100          0.138
 101          0.149
 102          0.153
 103          0.158
 104          0.119
 105          0.100
 106          0.105
 107          0.120
 108          0.195
 109          0.263
 110          0.188
 111          0.189
 112          0.144
 113          0.118
 114          0.118
 115          0.125
 116          0.140
 117          0.209
 118          0.260
 119          0.219
 120          0.210
 121          0.247
 122          0.214
 123          0.163
 124          0.179
 125          0.115
 126          0.099
 127          0.081
 128          0.063
 129          0.055
 130          0.077
 131          0.076
 132          0.074
 133          0.089
 134          0.053
 135          0.093
 136          0.066
 137          0.044
 138          0.076
 139          0.100
 140          0.082
 141          0.122
 142          0.088
 143          0.114
 144          0.098
 145          0.095
 146          0.069
 147          0.078
 148          0.053
 149          0.041
 150          0.061
 151          0.061
 152          0.159
 153          0.213
 154          0.065
 155          0.037
 156          0.034
 157          0.055
 158          0.069
 159          0.096
 160          0.072
 161          0.069
 162          0.116
 163          0.106
 164          0.067
 165          0.027
 166          0.036
 167          0.058
 168          0.076
 169          0.084
 170          0.063
 171          0.093
 172          0.123
 173          0.118
 174          0.135
 175          0.135
 176          0.111
 177          0.099
 178          0.077
 179          0.046
 180          0.107
 181          0.129
 182          0.125
 183          0.111
 184          0.057
 185          0.088
 186          0.085
 187          0.089
 188          0.067
 189          0.055
 190          0.050
 191          0.043
 192          0.069
 193          0.096
 194          0.156
 195          0.075
 196          0.043
 197          0.043
 198          0.072
 199          0.076
 200          0.089
 201          0.201
 202          0.152
 203          0.057
 204          0.051
 205          0.034
 206          0.107
 207          0.124
 208          0.135
 209          0.145
 210          0.096
 211          0.079
 212          0.137
 213          0.163
 214          0.072
 215          0.086
 216          0.095
 217          0.065
 218          0.064
 219          0.086
 220          0.141
 221          0.126
 222          0.100
 223          0.075
 224          0.036
 225          0.057
 226          0.073
 227          0.071
 228          0.077
 229          0.109
 230          0.183
 231          0.207
 232          0.138
 233          0.118
 234          0.086
 235          0.085
 236          0.063
 237          0.057
 238          0.199
 239          0.117
 240          0.132
 241          0.124
 242          0.083
 243          0.194
 244          0.159
 245          0.036
 246          0.023
 247          0.026
 248          0.066
 249          0.133
 250          0.139
 251          0.115
 252          0.085
 253          0.074
 254          0.112
 255          0.075
 256          0.072
 257          0.057
 258          0.014
 259          0.051
 260          0.032
 261          0.109
 262          0.136
 263          0.141
 264          0.133
 265          0.093
 266          0.071
 267          0.057
 268          0.081
 269          0.110
 270          0.312
 271          0.577
 272          0.297
 273          0.154
 274          0.135
 275          0.098
 276          0.087
 277          0.078
 278          0.148
 279          0.121
 280          0.115
 281          0.078
 282          0.029
 283          0.023
 284          0.053
 285          0.156
 286          0.104
 287          0.065
 288          0.053
 289          0.072
 290          0.078
 291          0.014
 292          0.010
 293          0.012
 294          0.071
 295          0.167
 296          0.122
 297          0.060
 298          0.053
 299          0.045
 300          0.062
 301          0.051
 302          0.042
 303          0.074
 304          0.183
 305          0.159
 306          0.132
 307          0.069
 308          0.083
 309          0.082
 310          0.072
 311          0.087
 312          0.122
 313          0.141
 314          0.152
 315          0.200
 316          0.124
 317          0.125
 318          0.114
 319          0.122
 320          0.074
 321          0.073
 322          0.056
 323          0.151
 324          0.070
 325          0.036
 326          0.053
 327          0.065
 328          0.085
 329          0.097
 330          0.068
 331          0.060
 332          0.081
 333          0.156
 334          0.118
 335          0.052
 336          0.053
 337          0.047
 338          0.041
 339          0.061
 340          0.072
 341          0.044
 342          0.068
 343          0.099
 344          0.233
 345          0.235
 346          0.163
 347          0.085
 348          0.052
 349          0.067
 350          0.058
 351          0.133
 352          0.202
 353          0.200
 354          0.232
 355          0.196
 356          0.131
 357          0.100
 358          0.135
 359          0.090
 360          0.100
 361          0.081
 362          0.101
 363          0.077
 364          0.119
 365          0.126
 366          0.113
 367          0.076
 368          0.084
 369          0.060
 370          0.040
 371          0.055
 372          0.043
 373          0.030
 374          0.043
 375          0.041
 376          0.037
 377          0.083
 378          0.055
 379          0.021
 380          0.089
 381          0.101
 382          0.087
 383          0.103
 384          0.135
 385          0.087
 386          0.148
 387          0.070
 388          0.097
 389          0.100
 390          0.104
 391          0.124
 392          0.052
 393          0.028
 394          0.073
 395          0.071
 396          0.082
 397          0.071
 398          0.097
 399          0.097
 400          0.070
 401          0.077
 402          0.070
 403          0.055
 404          0.091
 405          0.115
 406          0.107
 407          0.065
 408          0.083
 409          0.069
 410          0.095
 411          0.092
 412          0.079
 413          0.086
 414          0.066
 415          0.086
 416          0.116
 417          0.042
 418          0.040
 419          0.092
 420          0.085
 421          0.068
 422          0.203
 423          0.344
 424          0.277
 425          0.089
 426          0.062
 427          0.059
 428          0.089
 429          0.141
 430          0.181
 431          0.163
 432          0.099
 433          0.049
 434          0.094
 435          0.102
 436          0.068
 437          0.055
 438          0.051
 439          0.045
 440          0.044
 441          0.055
 442          0.158
 443          0.126
 444          0.098
 445          0.043
 446          0.090
 447          0.096
 448          0.078
 449          0.095
 450          0.101
 451          0.078
 452          0.086
 453          0.128
 454          0.138
 455          0.076
 456          0.102
 457          0.099
 458          0.110
 459          0.059
 460          0.200
 461          0.146
 462          0.165
 463          0.112
 464          0.108
 465          0.134
 466          0.125
 467          0.138
 468          0.132
 469          0.134
 470          0.094
 471          0.110
 472          0.109
 473          0.125
 474          0.133
 475          0.152
 476          0.127
 477          0.114
 478          0.104
 479          0.131
 480          0.146
 481          0.148
 482          0.151
 483          0.125
 484          0.077
 485          0.074
 486          0.068
 487          0.116

# Average distance: 0.105 nm
