# Atom index    Distance (nm)
   1          0.350
   2          0.331
   3          0.402
   4          0.278
   5          0.227
   6          0.231
   7          0.144
   8          0.118
   9          0.093
  10          0.053
  11          0.054
  12          0.043
  13          0.076
  14          0.110
  15          0.066
  16          0.086
  17          0.085
  18          0.147
  19          0.268
  20          0.280
  21          0.357
  22          0.402
  23          0.434
  24          0.393
  25          0.325
  26          0.329
  27          0.298
  28          0.265
  29          0.217
  30          0.096
  31          0.112
  32          0.065
  33          0.039
  34          0.047
  35          0.144
  36          0.259
  37          0.272
  38          0.173
  39          0.175
  40          0.133
  41          0.150
  42          0.141
  43          0.194
  44          0.068
  45          0.133
  46          0.113
  47          0.229
  48          0.257
  49          0.148
  50          0.114
  51          0.136
  52          0.141
  53          0.100
  54          0.030
  55          0.091
  56          0.093
  57          0.235
  58          0.224
  59          0.277
  60          0.312
  61          0.293
  62          0.297
  63          0.236
  64          0.200
  65          0.185
  66          0.242
  67          0.309
  68          0.387
  69          0.503
  70          0.406
  71          0.406
  72          0.298
  73          0.313
  74          0.280
  75          0.345
  76          0.285
  77          0.314
  78          0.259
  79          0.168
  80          0.215
  81          0.133
  82          0.173
  83          0.171
  84          0.135
  85          0.143
  86          0.176
  87          0.186
  88          0.236
  89          0.222
  90          0.220
  91          0.274
  92          0.234
  93          0.256
  94          0.159
  95          0.155
  96          0.153
  97          0.152
  98          0.250
  99          0.258
 100          0.221
 101          0.253
 102          0.274
 103          0.277
 104          0.348
 105          0.290
 106          0.251
 107          0.255
 108          0.309
 109          0.250
 110          0.280
 111          0.299
 112          0.223
 113          0.252
 114          0.274
 115          0.289
 116          0.393
 117          0.387
 118          0.433
 119          0.409
 120          0.327
 121          0.309
 122          0.231
 123          0.210
 124          0.235
 125          0.199
 126          0.136
 127          0.076
 128          0.094
 129          0.086
 130          0.096
 131          0.061
 132          0.094
 133          0.108
 134          0.120
 135          0.071
 136          0.094
 137          0.140
 138          0.131
 139          0.142
 140          0.160
 141          0.205
 142          0.264
 143          0.202
 144          0.145
 145          0.095
 146          0.112
 147          0.119
 148          0.098
 149          0.101
 150          0.093
 151          0.097
 152          0.175
 153          0.197
 154          0.195
 155          0.225
 156          0.219
 157          0.154
 158          0.165
 159          0.169
 160          0.174
 161          0.118
 162          0.144
 163          0.080
 164          0.093
 165          0.083
 166          0.086
 167          0.072
 168          0.055
 169          0.057
 170          0.084
 171          0.100
 172          0.091
 173          0.160
 174          0.172
 175          0.135
 176          0.137
 177          0.092
 178          0.065
 179          0.072
 180          0.151
 181          0.188
 182          0.160
 183          0.100
 184          0.083
 185          0.054
 186          0.055
 187          0.079
 188          0.092
 189          0.141
 190          0.146
 191          0.154
 192          0.175
 193          0.198
 194          0.146
 195          0.148
 196          0.164
 197          0.172
 198          0.167
 199          0.249
 200          0.159
 201          0.123
 202          0.114
 203          0.152
 204          0.144
 205          0.134
 206          0.119
 207          0.124
 208          0.124
 209          0.185
 210          0.170
 211          0.175
 212          0.127
 213          0.166
 214          0.191
 215          0.207
 216          0.206
 217          0.185
 218          0.147
 219          0.149
 220          0.187
 221          0.197
 222          0.194
 223          0.226
 224          0.231
 225          0.209
 226          0.241
 227          0.238
 228          0.191
 229          0.137
 230          0.141
 231          0.167
 232          0.208
 233          0.231
 234          0.206
 235          0.227
 236          0.211
 237          0.195
 238          0.145
 239          0.141
 240          0.150
 241          0.163
 242          0.156
 243          0.205
 244          0.209
 245          0.254
 246          0.235
 247          0.237
 248          0.125
 249          0.101
 250          0.112
 251          0.113
 252          0.126
 253          0.106
 254          0.118
 255          0.103
 256          0.062
 257          0.070
 258          0.065
 259          0.085
 260          0.109
 261          0.115
 262          0.164
 263          0.210
 264          0.142
 265          0.128
 266          0.108
 267          0.105
 268          0.113
 269          0.154
 270          0.257
 271          0.307
 272          0.334
 273          0.260
 274          0.269
 275          0.239
 276          0.272
 277          0.200
 278          0.251
 279          0.209
 280          0.211
 281          0.117
 282          0.117
 283          0.131
 284          0.122
 285          0.125
 286          0.116
 287          0.095
 288          0.078
 289          0.076
 290          0.069
 291          0.107
 292          0.077
 293          0.139
 294          0.182
 295          0.157
 296          0.111
 297          0.069
 298          0.088
 299          0.135
 300          0.166
 301          0.128
 302          0.102
 303          0.115
 304          0.105
 305          0.167
 306          0.157
 307          0.179
 308          0.178
 309          0.172
 310          0.284
 311          0.336
 312          0.431
 313          0.455
 314          0.429
 315          0.361
 316          0.334
 317          0.265
 318          0.266
 319          0.227
 320          0.237
 321          0.234
 322          0.215
 323          0.228
 324          0.192
 325          0.211
 326          0.301
 327          0.299
 328          0.205
 329          0.157
 330          0.132
 331          0.135
 332          0.112
 333          0.068
 334          0.063
 335          0.064
 336          0.098
 337          0.092
 338          0.037
 339          0.049
 340          0.056
 341          0.059
 342          0.140
 343          0.190
 344          0.211
 345          0.273
 346          0.278
 347          0.225
 348          0.170
 349          0.116
 350          0.170
 351          0.182
 352          0.245
 353          0.252
 354          0.290
 355          0.281
 356          0.307
 357          0.301
 358          0.302
 359          0.278
 360          0.211
 361          0.243
 362          0.237
 363          0.267
 364          0.197
 365          0.186
 366          0.142
 367          0.125
 368          0.117
 369          0.108
 370          0.109
 371          0.108
 372          0.067
 373          0.084
 374          0.084
 375          0.077
 376          0.058
 377          0.020
 378          0.020
 379          0.018
 380          0.037
 381          0.060
 382          0.108
 383          0.110
 384          0.176
 385          0.270
 386          0.278
 387          0.113
 388          0.134
 389          0.143
 390          0.124
 391          0.148
 392          0.189
 393          0.207
 394          0.288
 395          0.397
 396          0.291
 397          0.235
 398          0.183
 399          0.184
 400          0.176
 401          0.170
 402          0.094
 403          0.064
 404          0.067
 405          0.062
 406          0.072
 407          0.068
 408          0.045
 409          0.044
 410          0.022
 411          0.081
 412          0.093
 413          0.170
 414          0.087
 415          0.007
 416          0.068
 417          0.041
 418          0.092
 419          0.139
 420          0.080
 421          0.042
 422          0.109
 423          0.175
 424          0.159
 425          0.143
 426          0.143
 427          0.142
 428          0.185
 429          0.217
 430          0.235
 431          0.228
 432          0.222
 433          0.141
 434          0.147
 435          0.156
 436          0.145
 437          0.176
 438          0.139
 439          0.132
 440          0.128
 441          0.152
 442          0.103
 443          0.114
 444          0.130
 445          0.107
 446          0.092
 447          0.083
 448          0.096
 449          0.099
 450          0.107
 451          0.087
 452          0.212
 453          0.190
 454          0.087
 455          0.096
 456          0.099
 457          0.110
 458          0.166
 459          0.181
 460          0.224
 461          0.233
 462          0.207
 463          0.155
 464          0.148
 465          0.152
 466          0.154
 467          0.217
 468          0.239
 469          0.266
 470          0.243
 471          0.200
 472          0.184
 473          0.158
 474          0.185
 475          0.213
 476          0.248
 477          0.272
 478          0.223
 479          0.193
 480          0.200
 481          0.131
 482          0.038
 483          0.096
 484          0.145
 485          0.127
 486          0.079
 487          0.094

# Average distance: 0.174 nm
