# Atom index    Distance (nm)
   1          0.513
   2          0.332
   3          0.289
   4          0.185
   5          0.136
   6          0.154
   7          0.096
   8          0.091
   9          0.088
  10          0.069
  11          0.060
  12          0.057
  13          0.103
  14          0.104
  15          0.035
  16          0.044
  17          0.047
  18          0.068
  19          0.093
  20          0.139
  21          0.129
  22          0.109
  23          0.125
  24          0.216
  25          0.150
  26          0.173
  27          0.171
  28          0.111
  29          0.097
  30          0.072
  31          0.107
  32          0.120
  33          0.150
  34          0.137
  35          0.154
  36          0.110
  37          0.090
  38          0.100
  39          0.106
  40          0.077
  41          0.064
  42          0.076
  43          0.074
  44          0.088
  45          0.161
  46          0.155
  47          0.118
  48          0.227
  49          0.357
  50          0.380
  51          0.282
  52          0.196
  53          0.186
  54          0.072
  55          0.029
  56          0.035
  57          0.064
  58          0.048
  59          0.117
  60          0.153
  61          0.127
  62          0.106
  63          0.079
  64          0.055
  65          0.041
  66          0.118
  67          0.155
  68          0.132
  69          0.104
  70          0.093
  71          0.092
  72          0.077
  73          0.065
  74          0.085
  75          0.071
  76          0.106
  77          0.123
  78          0.052
  79          0.122
  80          0.148
  81          0.196
  82          0.142
  83          0.072
  84          0.082
  85          0.057
  86          0.019
  87          0.091
  88          0.089
  89          0.105
  90          0.091
  91          0.059
  92          0.046
  93          0.076
  94          0.109
  95          0.128
  96          0.098
  97          0.060
  98          0.080
  99          0.068
 100          0.020
 101          0.056
 102          0.022
 103          0.051
 104          0.092
 105          0.079
 106          0.057
 107          0.048
 108          0.091
 109          0.077
 110          0.093
 111          0.151
 112          0.050
 113          0.032
 114          0.094
 115          0.098
 116          0.163
 117          0.145
 118          0.136
 119          0.176
 120          0.106
 121          0.085
 122          0.079
 123          0.059
 124          0.084
 125          0.065
 126          0.045
 127          0.072
 128          0.105
 129          0.094
 130          0.116
 131          0.094
 132          0.144
 133          0.094
 134          0.088
 135          0.099
 136          0.084
 137          0.097
 138          0.077
 139          0.051
 140          0.084
 141          0.143
 142          0.162
 143          0.129
 144          0.131
 145          0.046
 146          0.028
 147          0.028
 148          0.045
 149          0.067
 150          0.087
 151          0.093
 152          0.143
 153          0.170
 154          0.151
 155          0.054
 156          0.044
 157          0.035
 158          0.032
 159          0.034
 160          0.018
 161          0.072
 162          0.088
 163          0.051
 164          0.053
 165          0.088
 166          0.070
 167          0.092
 168          0.083
 169          0.089
 170          0.096
 171          0.076
 172          0.083
 173          0.098
 174          0.064
 175          0.075
 176          0.074
 177          0.090
 178          0.094
 179          0.124
 180          0.088
 181          0.064
 182          0.070
 183          0.090
 184          0.060
 185          0.079
 186          0.107
 187          0.141
 188          0.094
 189          0.070
 190          0.047
 191          0.066
 192          0.080
 193          0.056
 194          0.048
 195          0.054
 196          0.064
 197          0.071
 198          0.130
 199          0.150
 200          0.230
 201          0.142
 202          0.094
 203          0.093
 204          0.087
 205          0.115
 206          0.082
 207          0.115
 208          0.062
 209          0.043
 210          0.050
 211          0.085
 212          0.083
 213          0.075
 214          0.078
 215          0.067
 216          0.075
 217          0.083
 218          0.049
 219          0.100
 220          0.190
 221          0.215
 222          0.138
 223          0.056
 224          0.063
 225          0.045
 226          0.078
 227          0.089
 228          0.026
 229          0.055
 230          0.024
 231          0.032
 232          0.093
 233          0.105
 234          0.058
 235          0.058
 236          0.079
 237          0.243
 238          0.347
 239          0.334
 240          0.525
 241          0.404
 242          0.179
 243          0.206
 244          0.214
 245          0.123
 246          0.091
 247          0.058
 248          0.027
 249          0.026
 250          0.013
 251          0.100
 252          0.096
 253          0.115
 254          0.084
 255          0.035
 256          0.033
 257          0.055
 258          0.075
 259          0.074
 260          0.075
 261          0.034
 262          0.058
 263          0.036
 264          0.054
 265          0.060
 266          0.091
 267          0.069
 268          0.063
 269          0.074
 270          0.093
 271          0.129
 272          0.102
 273          0.105
 274          0.063
 275          0.030
 276          0.040
 277          0.067
 278          0.069
 279          0.057
 280          0.135
 281          0.101
 282          0.093
 283          0.080
 284          0.066
 285          0.072
 286          0.065
 287          0.090
 288          0.060
 289          0.039
 290          0.054
 291          0.089
 292          0.043
 293          0.097
 294          0.290
 295          0.048
 296          0.100
 297          0.147
 298          0.033
 299          0.028
 300          0.038
 301          0.076
 302          0.083
 303          0.072
 304          0.096
 305          0.115
 306          0.119
 307          0.108
 308          0.090
 309          0.082
 310          0.058
 311          0.074
 312          0.087
 313          0.116
 314          0.166
 315          0.122
 316          0.087
 317          0.060
 318          0.068
 319          0.075
 320          0.080
 321          0.069
 322          0.069
 323          0.062
 324          0.121
 325          0.160
 326          0.085
 327          0.051
 328          0.039
 329          0.024
 330          0.072
 331          0.064
 332          0.067
 333          0.081
 334          0.098
 335          0.074
 336          0.062
 337          0.078
 338          0.084
 339          0.102
 340          0.060
 341          0.028
 342          0.059
 343          0.044
 344          0.099
 345          0.069
 346          0.139
 347          0.078
 348          0.091
 349          0.060
 350          0.057
 351          0.035
 352          0.086
 353          0.051
 354          0.084
 355          0.063
 356          0.047
 357          0.034
 358          0.038
 359          0.076
 360          0.089
 361          0.095
 362          0.132
 363          0.126
 364          0.125
 365          0.182
 366          0.134
 367          0.121
 368          0.102
 369          0.101
 370          0.080
 371          0.102
 372          0.094
 373          0.110
 374          0.036
 375          0.069
 376          0.090
 377          0.117
 378          0.088
 379          0.084
 380          0.092
 381          0.087
 382          0.074
 383          0.085
 384          0.054
 385          0.107
 386          0.173
 387          0.099
 388          0.104
 389          0.102
 390          0.094
 391          0.069
 392          0.065
 393          0.065
 394          0.043
 395          0.056
 396          0.059
 397          0.067
 398          0.061
 399          0.073
 400          0.072
 401          0.143
 402          0.157
 403          0.150
 404          0.098
 405          0.068
 406          0.069
 407          0.116
 408          0.107
 409          0.089
 410          0.048
 411          0.043
 412          0.135
 413          0.177
 414          0.077
 415          0.103
 416          0.085
 417          0.054
 418          0.080
 419          0.057
 420          0.084
 421          0.115
 422          0.106
 423          0.131
 424          0.124
 425          0.080
 426          0.073
 427          0.063
 428          0.071
 429          0.053
 430          0.031
 431          0.024
 432          0.046
 433          0.057
 434          0.057
 435          0.026
 436          0.035
 437          0.032
 438          0.032
 439          0.088
 440          0.125
 441          0.126
 442          0.160
 443          0.141
 444          0.085
 445          0.041
 446          0.095
 447          0.136
 448          0.060
 449          0.042
 450          0.064
 451          0.109
 452          0.156
 453          0.048
 454          0.080
 455          0.042
 456          0.021
 457          0.034
 458          0.051
 459          0.035
 460          0.044
 461          0.066
 462          0.058
 463          0.045
 464          0.019
 465          0.040
 466          0.050
 467          0.124
 468          0.196
 469          0.157
 470          0.168
 471          0.106
 472          0.038
 473          0.037
 474          0.048
 475          0.075
 476          0.055
 477          0.038
 478          0.092
 479          0.068
 480          0.131
 481          0.156
 482          0.154
 483          0.102
 484          0.045
 485          0.043
 486          0.044
 487          0.076

# Average distance: 0.093 nm
