# Atom index    Distance (nm)
   1          0.071
   2          0.047
   3          0.080
   4          0.067
   5          0.157
   6          0.135
   7          0.214
   8          0.105
   9          0.072
  10          0.088
  11          0.075
  12          0.108
  13          0.169
  14          0.171
  15          0.163
  16          0.067
  17          0.047
  18          0.058
  19          0.045
  20          0.038
  21          0.071
  22          0.138
  23          0.262
  24          0.235
  25          0.147
  26          0.115
  27          0.056
  28          0.045
  29          0.042
  30          0.045
  31          0.045
  32          0.090
  33          0.133
  34          0.085
  35          0.122
  36          0.128
  37          0.084
  38          0.045
  39          0.025
  40          0.078
  41          0.136
  42          0.189
  43          0.241
  44          0.295
  45          0.287
  46          0.284
  47          0.501
  48          0.600
  49          0.597
  50          0.373
  51          0.447
  52          0.397
  53          0.334
  54          0.254
  55          0.217
  56          0.155
  57          0.145
  58          0.082
  59          0.120
  60          0.138
  61          0.166
  62          0.154
  63          0.144
  64          0.118
  65          0.166
  66          0.160
  67          0.193
  68          0.273
  69          0.276
  70          0.272
  71          0.168
  72          0.096
  73          0.110
  74          0.091
  75          0.162
  76          0.205
  77          0.205
  78          0.179
  79          0.304
  80          0.305
  81          0.281
  82          0.259
  83          0.206
  84          0.230
  85          0.191
  86          0.239
  87          0.162
  88          0.081
  89          0.069
  90          0.088
  91          0.131
  92          0.188
  93          0.177
  94          0.093
  95          0.029
  96          0.034
  97          0.102
  98          0.165
  99          0.189
 100          0.194
 101          0.213
 102          0.259
 103          0.234
 104          0.205
 105          0.133
 106          0.097
 107          0.104
 108          0.100
 109          0.164
 110          0.153
 111          0.173
 112          0.161
 113          0.144
 114          0.166
 115          0.172
 116          0.246
 117          0.127
 118          0.146
 119          0.083
 120          0.088
 121          0.147
 122          0.146
 123          0.174
 124          0.107
 125          0.040
 126          0.036
 127          0.064
 128          0.062
 129          0.070
 130          0.083
 131          0.175
 132          0.102
 133          0.060
 134          0.071
 135          0.041
 136          0.072
 137          0.051
 138          0.014
 139          0.045
 140          0.054
 141          0.054
 142          0.128
 143          0.048
 144          0.082
 145          0.064
 146          0.049
 147          0.068
 148          0.083
 149          0.055
 150          0.119
 151          0.266
 152          0.262
 153          0.141
 154          0.028
 155          0.053
 156          0.045
 157          0.042
 158          0.033
 159          0.066
 160          0.086
 161          0.069
 162          0.078
 163          0.086
 164          0.109
 165          0.097
 166          0.085
 167          0.075
 168          0.082
 169          0.075
 170          0.058
 171          0.025
 172          0.026
 173          0.107
 174          0.119
 175          0.111
 176          0.181
 177          0.141
 178          0.110
 179          0.143
 180          0.101
 181          0.098
 182          0.098
 183          0.038
 184          0.069
 185          0.070
 186          0.094
 187          0.081
 188          0.057
 189          0.033
 190          0.054
 191          0.057
 192          0.072
 193          0.075
 194          0.041
 195          0.048
 196          0.046
 197          0.036
 198          0.100
 199          0.059
 200          0.105
 201          0.093
 202          0.038
 203          0.040
 204          0.051
 205          0.071
 206          0.079
 207          0.094
 208          0.142
 209          0.088
 210          0.096
 211          0.162
 212          0.250
 213          0.240
 214          0.067
 215          0.046
 216          0.098
 217          0.070
 218          0.096
 219          0.124
 220          0.166
 221          0.171
 222          0.135
 223          0.127
 224          0.097
 225          0.071
 226          0.082
 227          0.091
 228          0.063
 229          0.065
 230          0.114
 231          0.066
 232          0.045
 233          0.056
 234          0.048
 235          0.075
 236          0.087
 237          0.127
 238          0.153
 239          0.277
 240          0.344
 241          0.050
 242          0.084
 243          0.066
 244          0.080
 245          0.105
 246          0.135
 247          0.056
 248          0.052
 249          0.050
 250          0.045
 251          0.061
 252          0.073
 253          0.075
 254          0.112
 255          0.093
 256          0.084
 257          0.062
 258          0.069
 259          0.072
 260          0.089
 261          0.037
 262          0.078
 263          0.114
 264          0.111
 265          0.129
 266          0.114
 267          0.149
 268          0.109
 269          0.151
 270          0.191
 271          0.195
 272          0.202
 273          0.156
 274          0.148
 275          0.153
 276          0.139
 277          0.116
 278          0.111
 279          0.104
 280          0.086
 281          0.052
 282          0.032
 283          0.103
 284          0.102
 285          0.144
 286          0.145
 287          0.108
 288          0.140
 289          0.151
 290          0.127
 291          0.099
 292          0.093
 293          0.090
 294          0.145
 295          0.103
 296          0.087
 297          0.121
 298          0.076
 299          0.081
 300          0.096
 301          0.134
 302          0.156
 303          0.144
 304          0.174
 305          0.193
 306          0.203
 307          0.150
 308          0.084
 309          0.082
 310          0.101
 311          0.132
 312          0.168
 313          0.208
 314          0.198
 315          0.165
 316          0.134
 317          0.104
 318          0.129
 319          0.128
 320          0.096
 321          0.084
 322          0.069
 323          0.119
 324          0.107
 325          0.130
 326          0.193
 327          0.164
 328          0.122
 329          0.118
 330          0.094
 331          0.091
 332          0.064
 333          0.039
 334          0.050
 335          0.060
 336          0.060
 337          0.064
 338          0.060
 339          0.047
 340          0.045
 341          0.025
 342          0.032
 343          0.105
 344          0.099
 345          0.048
 346          0.042
 347          0.046
 348          0.030
 349          0.026
 350          0.062
 351          0.130
 352          0.134
 353          0.177
 354          0.181
 355          0.183
 356          0.150
 357          0.072
 358          0.159
 359          0.058
 360          0.022
 361          0.010
 362          0.090
 363          0.130
 364          0.111
 365          0.126
 366          0.151
 367          0.096
 368          0.028
 369          0.043
 370          0.041
 371          0.034
 372          0.043
 373          0.040
 374          0.034
 375          0.088
 376          0.081
 377          0.055
 378          0.053
 379          0.076
 380          0.052
 381          0.032
 382          0.113
 383          0.159
 384          0.144
 385          0.149
 386          0.165
 387          0.100
 388          0.066
 389          0.063
 390          0.074
 391          0.066
 392          0.083
 393          0.120
 394          0.113
 395          0.118
 396          0.099
 397          0.090
 398          0.092
 399          0.088
 400          0.106
 401          0.075
 402          0.060
 403          0.068
 404          0.077
 405          0.060
 406          0.078
 407          0.082
 408          0.017
 409          0.044
 410          0.052
 411          0.040
 412          0.042
 413          0.019
 414          0.024
 415          0.040
 416          0.025
 417          0.043
 418          0.057
 419          0.041
 420          0.076
 421          0.092
 422          0.182
 423          0.118
 424          0.210
 425          0.056
 426          0.018
 427          0.065
 428          0.074
 429          0.104
 430          0.362
 431          0.357
 432          0.189
 433          0.114
 434          0.022
 435          0.048
 436          0.057
 437          0.067
 438          0.085
 439          0.074
 440          0.114
 441          0.087
 442          0.044
 443          0.081
 444          0.055
 445          0.048
 446          0.047
 447          0.050
 448          0.061
 449          0.070
 450          0.078
 451          0.068
 452          0.101
 453          0.076
 454          0.082
 455          0.085
 456          0.102
 457          0.099
 458          0.097
 459          0.105
 460          0.167
 461          0.093
 462          0.046
 463          0.062
 464          0.056
 465          0.049
 466          0.118
 467          0.122
 468          0.167
 469          0.073
 470          0.079
 471          0.053
 472          0.087
 473          0.048
 474          0.095
 475          0.126
 476          0.078
 477          0.079
 478          0.071
 479          0.069
 480          0.105
 481          0.167
 482          0.205
 483          0.164
 484          0.140
 485          0.107
 486          0.105
 487          0.058

# Average distance: 0.112 nm
