# Atom index    Distance (nm)
   1          0.539
   2          0.357
   3          0.329
   4          0.349
   5          0.267
   6          0.128
   7          0.105
   8          0.046
   9          0.077
  10          0.073
  11          0.111
  12          0.118
  13          0.120
  14          0.142
  15          0.142
  16          0.133
  17          0.095
  18          0.085
  19          0.085
  20          0.113
  21          0.110
  22          0.161
  23          0.116
  24          0.120
  25          0.139
  26          0.104
  27          0.078
  28          0.065
  29          0.075
  30          0.099
  31          0.084
  32          0.137
  33          0.185
  34          0.170
  35          0.167
  36          0.165
  37          0.175
  38          0.120
  39          0.086
  40          0.068
  41          0.065
  42          0.086
  43          0.113
  44          0.236
  45          0.282
  46          0.329
  47          0.454
  48          0.718
  49          0.706
  50          0.708
  51          0.660
  52          0.474
  53          0.158
  54          0.090
  55          0.101
  56          0.041
  57          0.084
  58          0.095
  59          0.120
  60          0.147
  61          0.138
  62          0.105
  63          0.048
  64          0.052
  65          0.139
  66          0.178
  67          0.208
  68          0.266
  69          0.193
  70          0.194
  71          0.147
  72          0.089
  73          0.044
  74          0.052
  75          0.070
  76          0.138
  77          0.209
  78          0.262
  79          0.244
  80          0.192
  81          0.218
  82          0.172
  83          0.134
  84          0.127
  85          0.081
  86          0.085
  87          0.109
  88          0.205
  89          0.205
  90          0.186
  91          0.241
  92          0.229
  93          0.116
  94          0.195
  95          0.140
  96          0.137
  97          0.147
  98          0.167
  99          0.151
 100          0.160
 101          0.168
 102          0.199
 103          0.208
 104          0.195
 105          0.161
 106          0.134
 107          0.166
 108          0.097
 109          0.136
 110          0.082
 111          0.093
 112          0.175
 113          0.137
 114          0.152
 115          0.197
 116          0.216
 117          0.256
 118          0.293
 119          0.332
 120          0.255
 121          0.263
 122          0.247
 123          0.204
 124          0.182
 125          0.186
 126          0.104
 127          0.101
 128          0.094
 129          0.102
 130          0.113
 131          0.140
 132          0.102
 133          0.073
 134          0.097
 135          0.045
 136          0.076
 137          0.087
 138          0.182
 139          0.182
 140          0.093
 141          0.105
 142          0.138
 143          0.137
 144          0.104
 145          0.085
 146          0.072
 147          0.075
 148          0.085
 149          0.107
 150          0.162
 151          0.349
 152          0.424
 153          0.324
 154          0.255
 155          0.159
 156          0.184
 157          0.163
 158          0.058
 159          0.050
 160          0.033
 161          0.055
 162          0.059
 163          0.084
 164          0.075
 165          0.068
 166          0.053
 167          0.064
 168          0.054
 169          0.089
 170          0.085
 171          0.081
 172          0.075
 173          0.098
 174          0.094
 175          0.081
 176          0.101
 177          0.089
 178          0.092
 179          0.098
 180          0.123
 181          0.109
 182          0.108
 183          0.077
 184          0.055
 185          0.037
 186          0.026
 187          0.053
 188          0.050
 189          0.082
 190          0.116
 191          0.125
 192          0.194
 193          0.182
 194          0.180
 195          0.129
 196          0.115
 197          0.095
 198          0.104
 199          0.118
 200          0.198
 201          0.102
 202          0.205
 203          0.181
 204          0.148
 205          0.170
 206          0.111
 207          0.100
 208          0.180
 209          0.157
 210          0.112
 211          0.169
 212          0.287
 213          0.325
 214          0.170
 215          0.130
 216          0.138
 217          0.106
 218          0.072
 219          0.108
 220          0.255
 221          0.180
 222          0.136
 223          0.074
 224          0.128
 225          0.132
 226          0.117
 227          0.088
 228          0.085
 229          0.096
 230          0.086
 231          0.121
 232          0.126
 233          0.120
 234          0.119
 235          0.116
 236          0.103
 237          0.253
 238          0.448
 239          0.461
 240          0.443
 241          0.345
 242          0.258
 243          0.327
 244          0.237
 245          0.159
 246          0.159
 247          0.174
 248          0.090
 249          0.013
 250          0.038
 251          0.057
 252          0.051
 253          0.073
 254          0.062
 255          0.034
 256          0.044
 257          0.030
 258          0.043
 259          0.023
 260          0.055
 261          0.124
 262          0.146
 263          0.132
 264          0.141
 265          0.073
 266          0.012
 267          0.031
 268          0.024
 269          0.045
 270          0.206
 271          0.246
 272          0.248
 273          0.121
 274          0.139
 275          0.081
 276          0.091
 277          0.109
 278          0.121
 279          0.084
 280          0.162
 281          0.147
 282          0.126
 283          0.075
 284          0.088
 285          0.095
 286          0.067
 287          0.058
 288          0.049
 289          0.039
 290          0.056
 291          0.095
 292          0.084
 293          0.089
 294          0.175
 295          0.330
 296          0.337
 297          0.218
 298          0.158
 299          0.130
 300          0.058
 301          0.058
 302          0.092
 303          0.075
 304          0.053
 305          0.054
 306          0.091
 307          0.104
 308          0.136
 309          0.112
 310          0.086
 311          0.167
 312          0.180
 313          0.170
 314          0.132
 315          0.174
 316          0.108
 317          0.086
 318          0.085
 319          0.093
 320          0.150
 321          0.166
 322          0.104
 323          0.133
 324          0.186
 325          0.193
 326          0.162
 327          0.147
 328          0.132
 329          0.122
 330          0.092
 331          0.062
 332          0.074
 333          0.052
 334          0.048
 335          0.082
 336          0.074
 337          0.106
 338          0.093
 339          0.085
 340          0.112
 341          0.098
 342          0.084
 343          0.057
 344          0.137
 345          0.171
 346          0.151
 347          0.135
 348          0.115
 349          0.091
 350          0.080
 351          0.093
 352          0.092
 353          0.057
 354          0.104
 355          0.092
 356          0.037
 357          0.028
 358          0.095
 359          0.115
 360          0.149
 361          0.174
 362          0.186
 363          0.183
 364          0.174
 365          0.162
 366          0.173
 367          0.118
 368          0.141
 369          0.111
 370          0.082
 371          0.100
 372          0.027
 373          0.050
 374          0.047
 375          0.050
 376          0.085
 377          0.076
 378          0.061
 379          0.067
 380          0.064
 381          0.035
 382          0.027
 383          0.038
 384          0.068
 385          0.177
 386          0.132
 387          0.108
 388          0.057
 389          0.038
 390          0.037
 391          0.131
 392          0.229
 393          0.141
 394          0.162
 395          0.220
 396          0.207
 397          0.111
 398          0.098
 399          0.080
 400          0.106
 401          0.114
 402          0.134
 403          0.157
 404          0.104
 405          0.085
 406          0.055
 407          0.034
 408          0.051
 409          0.053
 410          0.069
 411          0.059
 412          0.076
 413          0.070
 414          0.073
 415          0.077
 416          0.041
 417          0.058
 418          0.065
 419          0.055
 420          0.175
 421          0.145
 422          0.156
 423          0.134
 424          0.171
 425          0.100
 426          0.040
 427          0.051
 428          0.095
 429          0.164
 430          0.438
 431          0.403
 432          0.293
 433          0.145
 434          0.119
 435          0.132
 436          0.093
 437          0.069
 438          0.125
 439          0.084
 440          0.027
 441          0.021
 442          0.096
 443          0.093
 444          0.068
 445          0.062
 446          0.048
 447          0.052
 448          0.160
 449          0.137
 450          0.114
 451          0.084
 452          0.136
 453          0.085
 454          0.068
 455          0.091
 456          0.093
 457          0.057
 458          0.038
 459          0.105
 460          0.126
 461          0.118
 462          0.118
 463          0.044
 464          0.062
 465          0.039
 466          0.089
 467          0.069
 468          0.091
 469          0.046
 470          0.126
 471          0.127
 472          0.104
 473          0.081
 474          0.063
 475          0.090
 476          0.067
 477          0.068
 478          0.142
 479          0.119
 480          0.086
 481          0.025
 482          0.070
 483          0.052
 484          0.077
 485          0.047
 486          0.050
 487          0.035

# Average distance: 0.131 nm
