# Atom index    Distance (nm)
   1          0.624
   2          0.529
   3          0.284
   4          0.164
   5          0.044
   6          0.035
   7          0.051
   8          0.025
   9          0.036
  10          0.040
  11          0.033
  12          0.012
  13          0.008
  14          0.031
  15          0.026
  16          0.025
  17          0.052
  18          0.073
  19          0.082
  20          0.084
  21          0.118
  22          0.089
  23          0.071
  24          0.053
  25          0.049
  26          0.084
  27          0.055
  28          0.068
  29          0.053
  30          0.141
  31          0.006
  32          0.142
  33          0.158
  34          0.100
  35          0.169
  36          0.158
  37          0.093
  38          0.054
  39          0.052
  40          0.049
  41          0.026
  42          0.036
  43          0.108
  44          0.047
  45          0.202
  46          0.212
  47          0.410
  48          0.494
  49          0.577
  50          0.592
  51          0.220
  52          0.200
  53          0.133
  54          0.074
  55          0.046
  56          0.057
  57          0.043
  58          0.029
  59          0.064
  60          0.022
  61          0.041
  62          0.076
  63          0.058
  64          0.052
  65          0.044
  66          0.049
  67          0.076
  68          0.096
  69          0.107
  70          0.108
  71          0.101
  72          0.079
  73          0.067
  74          0.065
  75          0.085
  76          0.050
  77          0.050
  78          0.047
  79          0.055
  80          0.151
  81          0.134
  82          0.078
  83          0.046
  84          0.050
  85          0.055
  86          0.053
  87          0.095
  88          0.031
  89          0.063
  90          0.053
  91          0.029
  92          0.133
  93          0.138
  94          0.068
  95          0.052
  96          0.063
  97          0.055
  98          0.058
  99          0.046
 100          0.032
 101          0.043
 102          0.081
 103          0.086
 104          0.028
 105          0.053
 106          0.032
 107          0.058
 108          0.093
 109          0.082
 110          0.095
 111          0.092
 112          0.077
 113          0.066
 114          0.082
 115          0.060
 116          0.077
 117          0.100
 118          0.108
 119          0.054
 120          0.080
 121          0.089
 122          0.067
 123          0.098
 124          0.056
 125          0.043
 126          0.032
 127          0.027
 128          0.075
 129          0.052
 130          0.052
 131          0.049
 132          0.045
 133          0.037
 134          0.082
 135          0.039
 136          0.032
 137          0.046
 138          0.034
 139          0.070
 140          0.070
 141          0.072
 142          0.039
 143          0.084
 144          0.128
 145          0.091
 146          0.053
 147          0.071
 148          0.060
 149          0.060
 150          0.100
 151          0.124
 152          0.209
 153          0.219
 154          0.069
 155          0.041
 156          0.063
 157          0.086
 158          0.079
 159          0.053
 160          0.064
 161          0.088
 162          0.108
 163          0.153
 164          0.166
 165          0.080
 166          0.090
 167          0.051
 168          0.065
 169          0.067
 170          0.056
 171          0.035
 172          0.045
 173          0.055
 174          0.083
 175          0.103
 176          0.123
 177          0.111
 178          0.053
 179          0.071
 180          0.055
 181          0.077
 182          0.048
 183          0.019
 184          0.032
 185          0.052
 186          0.031
 187          0.036
 188          0.045
 189          0.037
 190          0.042
 191          0.056
 192          0.059
 193          0.057
 194          0.102
 195          0.037
 196          0.027
 197          0.025
 198          0.044
 199          0.088
 200          0.048
 201          0.068
 202          0.052
 203          0.060
 204          0.021
 205          0.013
 206          0.087
 207          0.097
 208          0.096
 209          0.108
 210          0.035
 211          0.067
 212          0.092
 213          0.084
 214          0.087
 215          0.101
 216          0.097
 217          0.077
 218          0.035
 219          0.051
 220          0.105
 221          0.119
 222          0.100
 223          0.101
 224          0.074
 225          0.047
 226          0.056
 227          0.113
 228          0.121
 229          0.309
 230          0.489
 231          0.453
 232          0.285
 233          0.116
 234          0.097
 235          0.064
 236          0.062
 237          0.124
 238          0.247
 239          0.250
 240          0.169
 241          0.195
 242          0.158
 243          0.182
 244          0.174
 245          0.068
 246          0.095
 247          0.073
 248          0.068
 249          0.099
 250          0.051
 251          0.047
 252          0.052
 253          0.050
 254          0.034
 255          0.013
 256          0.021
 257          0.031
 258          0.039
 259          0.070
 260          0.046
 261          0.055
 262          0.055
 263          0.058
 264          0.035
 265          0.071
 266          0.073
 267          0.024
 268          0.028
 269          0.035
 270          0.170
 271          0.303
 272          0.153
 273          0.030
 274          0.074
 275          0.032
 276          0.032
 277          0.051
 278          0.052
 279          0.038
 280          0.041
 281          0.102
 282          0.070
 283          0.033
 284          0.059
 285          0.049
 286          0.035
 287          0.037
 288          0.027
 289          0.051
 290          0.039
 291          0.043
 292          0.034
 293          0.116
 294          0.149
 295          0.233
 296          0.234
 297          0.138
 298          0.077
 299          0.096
 300          0.084
 301          0.093
 302          0.113
 303          0.107
 304          0.065
 305          0.105
 306          0.112
 307          0.094
 308          0.093
 309          0.098
 310          0.071
 311          0.054
 312          0.053
 313          0.075
 314          0.077
 315          0.084
 316          0.086
 317          0.073
 318          0.079
 319          0.055
 320          0.045
 321          0.054
 322          0.121
 323          0.073
 324          0.138
 325          0.131
 326          0.124
 327          0.080
 328          0.079
 329          0.091
 330          0.101
 331          0.089
 332          0.046
 333          0.040
 334          0.054
 335          0.091
 336          0.123
 337          0.052
 338          0.071
 339          0.005
 340          0.082
 341          0.076
 342          0.086
 343          0.111
 344          0.064
 345          0.115
 346          0.151
 347          0.060
 348          0.059
 349          0.074
 350          0.082
 351          0.035
 352          0.019
 353          0.075
 354          0.102
 355          0.049
 356          0.065
 357          0.063
 358          0.033
 359          0.064
 360          0.052
 361          0.032
 362          0.077
 363          0.061
 364          0.064
 365          0.064
 366          0.064
 367          0.092
 368          0.056
 369          0.053
 370          0.030
 371          0.012
 372          0.084
 373          0.040
 374          0.050
 375          0.040
 376          0.040
 377          0.066
 378          0.090
 379          0.100
 380          0.073
 381          0.039
 382          0.041
 383          0.049
 384          0.023
 385          0.014
 386          0.030
 387          0.036
 388          0.031
 389          0.016
 390          0.022
 391          0.020
 392          0.056
 393          0.009
 394          0.048
 395          0.048
 396          0.058
 397          0.028
 398          0.030
 399          0.057
 400          0.052
 401          0.037
 402          0.083
 403          0.061
 404          0.017
 405          0.060
 406          0.039
 407          0.030
 408          0.080
 409          0.060
 410          0.035
 411          0.086
 412          0.172
 413          0.106
 414          0.101
 415          0.096
 416          0.069
 417          0.063
 418          0.047
 419          0.054
 420          0.040
 421          0.184
 422          0.343
 423          0.401
 424          0.235
 425          0.095
 426          0.052
 427          0.016
 428          0.026
 429          0.036
 430          0.184
 431          0.175
 432          0.161
 433          0.124
 434          0.092
 435          0.054
 436          0.061
 437          0.076
 438          0.052
 439          0.056
 440          0.074
 441          0.090
 442          0.153
 443          0.074
 444          0.012
 445          0.026
 446          0.050
 447          0.033
 448          0.047
 449          0.067
 450          0.059
 451          0.100
 452          0.161
 453          0.121
 454          0.043
 455          0.026
 456          0.089
 457          0.076
 458          0.065
 459          0.103
 460          0.153
 461          0.131
 462          0.039
 463          0.048
 464          0.046
 465          0.050
 466          0.049
 467          0.076
 468          0.096
 469          0.065
 470          0.108
 471          0.090
 472          0.054
 473          0.057
 474          0.064
 475          0.116
 476          0.040
 477          0.045
 478          0.028
 479          0.060
 480          0.064
 481          0.087
 482          0.089
 483          0.046
 484          0.023
 485          0.029
 486          0.053
 487          0.023

# Average distance: 0.083 nm
