# Atom index    Distance (nm)
   1          0.050
   2          0.082
   3          0.146
   4          0.126
   5          0.090
   6          0.077
   7          0.029
   8          0.015
   9          0.127
  10          0.056
  11          0.023
  12          0.040
  13          0.062
  14          0.092
  15          0.095
  16          0.111
  17          0.092
  18          0.078
  19          0.117
  20          0.080
  21          0.149
  22          0.153
  23          0.166
  24          0.201
  25          0.127
  26          0.110
  27          0.119
  28          0.136
  29          0.122
  30          0.134
  31          0.100
  32          0.101
  33          0.096
  34          0.022
  35          0.086
  36          0.103
  37          0.087
  38          0.066
  39          0.020
  40          0.042
  41          0.061
  42          0.084
  43          0.095
  44          0.173
  45          0.259
  46          0.344
  47          0.591
  48          0.771
  49          0.530
  50          0.572
  51          0.637
  52          0.484
  53          0.269
  54          0.159
  55          0.082
  56          0.063
  57          0.084
  58          0.103
  59          0.127
  60          0.143
  61          0.114
  62          0.138
  63          0.087
  64          0.050
  65          0.099
  66          0.112
  67          0.362
  68          0.572
  69          0.445
  70          0.404
  71          0.204
  72          0.126
  73          0.172
  74          0.093
  75          0.150
  76          0.188
  77          0.183
  78          0.198
  79          0.269
  80          0.285
  81          0.269
  82          0.144
  83          0.108
  84          0.104
  85          0.038
  86          0.061
  87          0.057
  88          0.075
  89          0.105
  90          0.127
  91          0.213
  92          0.219
  93          0.067
  94          0.090
  95          0.088
  96          0.065
  97          0.048
  98          0.049
  99          0.056
 100          0.061
 101          0.061
 102          0.050
 103          0.008
 104          0.019
 105          0.014
 106          0.041
 107          0.086
 108          0.060
 109          0.163
 110          0.207
 111          0.301
 112          0.097
 113          0.067
 114          0.087
 115          0.063
 116          0.072
 117          0.054
 118          0.060
 119          0.088
 120          0.128
 121          0.158
 122          0.105
 123          0.140
 124          0.102
 125          0.071
 126          0.049
 127          0.029
 128          0.066
 129          0.073
 130          0.093
 131          0.056
 132          0.035
 133          0.036
 134          0.027
 135          0.057
 136          0.058
 137          0.032
 138          0.041
 139          0.090
 140          0.103
 141          0.099
 142          0.144
 143          0.145
 144          0.127
 145          0.107
 146          0.061
 147          0.052
 148          0.073
 149          0.081
 150          0.109
 151          0.272
 152          0.348
 153          0.324
 154          0.152
 155          0.089
 156          0.079
 157          0.053
 158          0.085
 159          0.105
 160          0.110
 161          0.101
 162          0.121
 163          0.127
 164          0.127
 165          0.127
 166          0.133
 167          0.108
 168          0.109
 169          0.107
 170          0.091
 171          0.044
 172          0.071
 173          0.098
 174          0.072
 175          0.069
 176          0.046
 177          0.023
 178          0.046
 179          0.046
 180          0.106
 181          0.098
 182          0.047
 183          0.032
 184          0.073
 185          0.101
 186          0.096
 187          0.120
 188          0.066
 189          0.045
 190          0.044
 191          0.041
 192          0.041
 193          0.027
 194          0.046
 195          0.064
 196          0.046
 197          0.035
 198          0.088
 199          0.114
 200          0.070
 201          0.081
 202          0.021
 203          0.069
 204          0.041
 205          0.057
 206          0.078
 207          0.119
 208          0.165
 209          0.116
 210          0.053
 211          0.130
 212          0.189
 213          0.177
 214          0.129
 215          0.096
 216          0.127
 217          0.128
 218          0.081
 219          0.055
 220          0.097
 221          0.057
 222          0.159
 223          0.113
 224          0.124
 225          0.150
 226          0.138
 227          0.152
 228          0.149
 229          0.141
 230          0.152
 231          0.143
 232          0.118
 233          0.125
 234          0.161
 235          0.168
 236          0.230
 237          0.202
 238          0.439
 239          0.189
 240          0.198
 241          0.186
 242          0.055
 243          0.163
 244          0.180
 245          0.139
 246          0.107
 247          0.095
 248          0.113
 249          0.097
 250          0.067
 251          0.039
 252          0.031
 253          0.064
 254          0.049
 255          0.102
 256          0.077
 257          0.054
 258          0.050
 259          0.012
 260          0.003
 261          0.038
 262          0.120
 263          0.150
 264          0.130
 265          0.089
 266          0.050
 267          0.041
 268          0.050
 269          0.082
 270          0.126
 271          0.250
 272          0.183
 273          0.359
 274          0.203
 275          0.063
 276          0.054
 277          0.040
 278          0.091
 279          0.046
 280          0.066
 281          0.096
 282          0.174
 283          0.143
 284          0.097
 285          0.117
 286          0.095
 287          0.059
 288          0.053
 289          0.066
 290          0.056
 291          0.035
 292          0.024
 293          0.040
 294          0.080
 295          0.083
 296          0.066
 297          0.039
 298          0.034
 299          0.031
 300          0.029
 301          0.064
 302          0.066
 303          0.063
 304          0.069
 305          0.135
 306          0.114
 307          0.084
 308          0.029
 309          0.052
 310          0.059
 311          0.124
 312          0.142
 313          0.154
 314          0.159
 315          0.078
 316          0.042
 317          0.049
 318          0.009
 319          0.083
 320          0.149
 321          0.060
 322          0.087
 323          0.103
 324          0.133
 325          0.116
 326          0.090
 327          0.074
 328          0.044
 329          0.047
 330          0.037
 331          0.048
 332          0.058
 333          0.080
 334          0.101
 335          0.065
 336          0.033
 337          0.017
 338          0.022
 339          0.013
 340          0.018
 341          0.059
 342          0.078
 343          0.053
 344          0.058
 345          0.059
 346          0.068
 347          0.055
 348          0.045
 349          0.041
 350          0.037
 351          0.158
 352          0.143
 353          0.185
 354          0.210
 355          0.100
 356          0.080
 357          0.057
 358          0.037
 359          0.015
 360          0.067
 361          0.040
 362          0.039
 363          0.055
 364          0.055
 365          0.031
 366          0.072
 367          0.053
 368          0.034
 369          0.040
 370          0.016
 371          0.047
 372          0.097
 373          0.083
 374          0.065
 375          0.076
 376          0.066
 377          0.074
 378          0.075
 379          0.093
 380          0.034
 381          0.034
 382          0.039
 383          0.040
 384          0.164
 385          0.097
 386          0.070
 387          0.066
 388          0.098
 389          0.101
 390          0.102
 391          0.159
 392          0.171
 393          0.247
 394          0.148
 395          0.144
 396          0.140
 397          0.085
 398          0.108
 399          0.122
 400          0.158
 401          0.150
 402          0.135
 403          0.163
 404          0.162
 405          0.051
 406          0.007
 407          0.005
 408          0.053
 409          0.024
 410          0.045
 411          0.071
 412          0.118
 413          0.144
 414          0.197
 415          0.120
 416          0.063
 417          0.045
 418          0.049
 419          0.049
 420          0.070
 421          0.169
 422          0.313
 423          0.212
 424          0.237
 425          0.083
 426          0.067
 427          0.073
 428          0.082
 429          0.115
 430          0.265
 431          0.284
 432          0.180
 433          0.205
 434          0.195
 435          0.124
 436          0.106
 437          0.094
 438          0.107
 439          0.089
 440          0.061
 441          0.061
 442          0.076
 443          0.055
 444          0.022
 445          0.070
 446          0.064
 447          0.043
 448          0.042
 449          0.059
 450          0.037
 451          0.062
 452          0.095
 453          0.038
 454          0.083
 455          0.061
 456          0.053
 457          0.032
 458          0.098
 459          0.063
 460          0.148
 461          0.137
 462          0.062
 463          0.027
 464          0.058
 465          0.134
 466          0.256
 467          0.317
 468          0.329
 469          0.340
 470          0.281
 471          0.234
 472          0.170
 473          0.173
 474          0.113
 475          0.151
 476          0.079
 477          0.043
 478          0.076
 479          0.082
 480          0.065
 481          0.108
 482          0.122
 483          0.109
 484          0.061
 485          0.034
 486          0.050
 487          0.067

# Average distance: 0.109 nm
