# Atom index    Distance (nm)
   1          0.381
   2          0.284
   3          0.347
   4          0.221
   5          0.119
   6          0.075
   7          0.057
   8          0.030
   9          0.052
  10          0.038
  11          0.056
  12          0.081
  13          0.129
  14          0.071
  15          0.076
  16          0.059
  17          0.029
  18          0.033
  19          0.100
  20          0.081
  21          0.129
  22          0.196
  23          0.266
  24          0.219
  25          0.100
  26          0.162
  27          0.105
  28          0.069
  29          0.077
  30          0.150
  31          0.116
  32          0.123
  33          0.236
  34          0.239
  35          0.269
  36          0.249
  37          0.245
  38          0.073
  39          0.032
  40          0.032
  41          0.054
  42          0.033
  43          0.051
  44          0.130
  45          0.243
  46          0.583
  47          0.511
  48          0.526
  49          0.573
  50          0.537
  51          0.322
  52          0.090
  53          0.074
  54          0.056
  55          0.057
  56          0.058
  57          0.070
  58          0.093
  59          0.172
  60          0.155
  61          0.086
  62          0.071
  63          0.083
  64          0.056
  65          0.084
  66          0.068
  67          0.073
  68          0.079
  69          0.096
  70          0.139
  71          0.066
  72          0.059
  73          0.130
  74          0.110
  75          0.112
  76          0.114
  77          0.120
  78          0.136
  79          0.098
  80          0.118
  81          0.117
  82          0.066
  83          0.053
  84          0.062
  85          0.057
  86          0.071
  87          0.069
  88          0.143
  89          0.156
  90          0.234
  91          0.360
  92          0.242
  93          0.209
  94          0.106
  95          0.122
  96          0.053
  97          0.056
  98          0.065
  99          0.115
 100          0.084
 101          0.078
 102          0.087
 103          0.080
 104          0.068
 105          0.036
 106          0.012
 107          0.067
 108          0.098
 109          0.113
 110          0.132
 111          0.088
 112          0.071
 113          0.051
 114          0.044
 115          0.029
 116          0.021
 117          0.029
 118          0.065
 119          0.047
 120          0.084
 121          0.145
 122          0.073
 123          0.032
 124          0.027
 125          0.043
 126          0.115
 127          0.098
 128          0.063
 129          0.036
 130          0.048
 131          0.042
 132          0.052
 133          0.034
 134          0.099
 135          0.018
 136          0.061
 137          0.067
 138          0.102
 139          0.095
 140          0.104
 141          0.101
 142          0.025
 143          0.084
 144          0.101
 145          0.074
 146          0.065
 147          0.067
 148          0.052
 149          0.098
 150          0.094
 151          0.110
 152          0.050
 153          0.054
 154          0.121
 155          0.109
 156          0.116
 157          0.107
 158          0.055
 159          0.042
 160          0.021
 161          0.056
 162          0.073
 163          0.068
 164          0.050
 165          0.054
 166          0.053
 167          0.046
 168          0.032
 169          0.029
 170          0.046
 171          0.008
 172          0.018
 173          0.050
 174          0.042
 175          0.064
 176          0.137
 177          0.119
 178          0.093
 179          0.106
 180          0.033
 181          0.043
 182          0.041
 183          0.045
 184          0.051
 185          0.044
 186          0.060
 187          0.064
 188          0.045
 189          0.028
 190          0.075
 191          0.086
 192          0.102
 193          0.112
 194          0.124
 195          0.102
 196          0.086
 197          0.052
 198          0.055
 199          0.186
 200          0.148
 201          0.083
 202          0.068
 203          0.044
 204          0.048
 205          0.050
 206          0.116
 207          0.112
 208          0.166
 209          0.181
 210          0.157
 211          0.157
 212          0.193
 213          0.122
 214          0.115
 215          0.096
 216          0.096
 217          0.096
 218          0.128
 219          0.135
 220          0.180
 221          0.081
 222          0.109
 223          0.131
 224          0.178
 225          0.116
 226          0.124
 227          0.129
 228          0.129
 229          0.118
 230          0.142
 231          0.118
 232          0.128
 233          0.113
 234          0.126
 235          0.110
 236          0.128
 237          0.279
 238          0.240
 239          0.128
 240          0.079
 241          0.142
 242          0.193
 243          0.263
 244          0.221
 245          0.216
 246          0.168
 247          0.184
 248          0.129
 249          0.142
 250          0.115
 251          0.090
 252          0.085
 253          0.038
 254          0.064
 255          0.067
 256          0.061
 257          0.048
 258          0.040
 259          0.048
 260          0.058
 261          0.081
 262          0.095
 263          0.099
 264          0.105
 265          0.095
 266          0.062
 267          0.074
 268          0.142
 269          0.137
 270          0.128
 271          0.136
 272          0.074
 273          0.109
 274          0.119
 275          0.081
 276          0.062
 277          0.096
 278          0.120
 279          0.135
 280          0.132
 281          0.195
 282          0.207
 283          0.083
 284          0.076
 285          0.117
 286          0.109
 287          0.078
 288          0.070
 289          0.056
 290          0.071
 291          0.058
 292          0.045
 293          0.095
 294          0.045
 295          0.176
 296          0.134
 297          0.037
 298          0.062
 299          0.075
 300          0.106
 301          0.083
 302          0.075
 303          0.120
 304          0.100
 305          0.049
 306          0.050
 307          0.065
 308          0.083
 309          0.077
 310          0.072
 311          0.036
 312          0.098
 313          0.193
 314          0.134
 315          0.040
 316          0.026
 317          0.022
 318          0.042
 319          0.074
 320          0.045
 321          0.037
 322          0.064
 323          0.109
 324          0.115
 325          0.155
 326          0.168
 327          0.110
 328          0.082
 329          0.042
 330          0.034
 331          0.060
 332          0.028
 333          0.031
 334          0.039
 335          0.013
 336          0.050
 337          0.032
 338          0.055
 339          0.049
 340          0.039
 341          0.023
 342          0.018
 343          0.024
 344          0.049
 345          0.061
 346          0.060
 347          0.069
 348          0.050
 349          0.033
 350          0.028
 351          0.073
 352          0.045
 353          0.071
 354          0.076
 355          0.085
 356          0.044
 357          0.051
 358          0.050
 359          0.055
 360          0.110
 361          0.032
 362          0.133
 363          0.166
 364          0.123
 365          0.214
 366          0.312
 367          0.269
 368          0.091
 369          0.044
 370          0.050
 371          0.059
 372          0.068
 373          0.059
 374          0.054
 375          0.024
 376          0.021
 377          0.025
 378          0.030
 379          0.086
 380          0.095
 381          0.105
 382          0.124
 383          0.138
 384          0.131
 385          0.115
 386          0.099
 387          0.096
 388          0.109
 389          0.084
 390          0.086
 391          0.088
 392          0.039
 393          0.166
 394          0.226
 395          0.332
 396          0.359
 397          0.103
 398          0.039
 399          0.045
 400          0.096
 401          0.134
 402          0.131
 403          0.134
 404          0.142
 405          0.119
 406          0.127
 407          0.103
 408          0.060
 409          0.059
 410          0.069
 411          0.077
 412          0.076
 413          0.043
 414          0.054
 415          0.063
 416          0.046
 417          0.028
 418          0.070
 419          0.033
 420          0.018
 421          0.036
 422          0.072
 423          0.041
 424          0.055
 425          0.122
 426          0.067
 427          0.052
 428          0.040
 429          0.063
 430          0.236
 431          0.193
 432          0.113
 433          0.059
 434          0.056
 435          0.058
 436          0.076
 437          0.089
 438          0.092
 439          0.080
 440          0.054
 441          0.059
 442          0.077
 443          0.064
 444          0.021
 445          0.046
 446          0.054
 447          0.061
 448          0.010
 449          0.049
 450          0.076
 451          0.034
 452          0.025
 453          0.042
 454          0.034
 455          0.061
 456          0.054
 457          0.034
 458          0.037
 459          0.039
 460          0.040
 461          0.052
 462          0.032
 463          0.047
 464          0.042
 465          0.060
 466          0.052
 467          0.027
 468          0.027
 469          0.059
 470          0.045
 471          0.020
 472          0.056
 473          0.025
 474          0.020
 475          0.071
 476          0.090
 477          0.091
 478          0.124
 479          0.113
 480          0.112
 481          0.145
 482          0.115
 483          0.045
 484          0.018
 485          0.068
 486          0.112
 487          0.074

# Average distance: 0.096 nm
