# Atom index    Distance (nm)
   1          0.269
   2          0.104
   3          0.091
   4          0.059
   5          0.037
   6          0.066
   7          0.082
   8          0.058
   9          0.021
  10          0.055
  11          0.031
  12          0.056
  13          0.054
  14          0.058
  15          0.035
  16          0.058
  17          0.050
  18          0.007
  19          0.034
  20          0.026
  21          0.043
  22          0.065
  23          0.118
  24          0.190
  25          0.109
  26          0.056
  27          0.022
  28          0.058
  29          0.048
  30          0.026
  31          0.040
  32          0.075
  33          0.098
  34          0.106
  35          0.105
  36          0.093
  37          0.052
  38          0.055
  39          0.046
  40          0.055
  41          0.023
  42          0.050
  43          0.063
  44          0.164
  45          0.291
  46          0.411
  47          0.544
  48          0.552
  49          0.474
  50          0.224
  51          0.156
  52          0.055
  53          0.080
  54          0.115
  55          0.069
  56          0.048
  57          0.044
  58          0.061
  59          0.069
  60          0.119
  61          0.119
  62          0.115
  63          0.108
  64          0.082
  65          0.090
  66          0.057
  67          0.038
  68          0.074
  69          0.096
  70          0.101
  71          0.049
  72          0.030
  73          0.065
  74          0.098
  75          0.137
  76          0.152
  77          0.131
  78          0.136
  79          0.237
  80          0.350
  81          0.294
  82          0.131
  83          0.053
  84          0.179
  85          0.132
  86          0.059
  87          0.058
  88          0.064
  89          0.120
  90          0.112
  91          0.076
  92          0.076
  93          0.080
  94          0.108
  95          0.111
  96          0.127
  97          0.106
  98          0.061
  99          0.045
 100          0.032
 101          0.024
 102          0.048
 103          0.014
 104          0.045
 105          0.062
 106          0.065
 107          0.089
 108          0.075
 109          0.203
 110          0.153
 111          0.177
 112          0.093
 113          0.045
 114          0.054
 115          0.056
 116          0.083
 117          0.105
 118          0.090
 119          0.074
 120          0.092
 121          0.093
 122          0.114
 123          0.082
 124          0.083
 125          0.046
 126          0.053
 127          0.054
 128          0.063
 129          0.048
 130          0.048
 131          0.048
 132          0.047
 133          0.087
 134          0.126
 135          0.073
 136          0.065
 137          0.073
 138          0.067
 139          0.068
 140          0.061
 141          0.053
 142          0.042
 143          0.097
 144          0.098
 145          0.057
 146          0.082
 147          0.059
 148          0.056
 149          0.052
 150          0.037
 151          0.110
 152          0.122
 153          0.103
 154          0.097
 155          0.075
 156          0.046
 157          0.026
 158          0.059
 159          0.059
 160          0.044
 161          0.021
 162          0.015
 163          0.032
 164          0.020
 165          0.033
 166          0.026
 167          0.028
 168          0.025
 169          0.040
 170          0.044
 171          0.057
 172          0.083
 173          0.082
 174          0.040
 175          0.047
 176          0.061
 177          0.039
 178          0.041
 179          0.080
 180          0.069
 181          0.067
 182          0.099
 183          0.103
 184          0.098
 185          0.101
 186          0.128
 187          0.176
 188          0.107
 189          0.104
 190          0.110
 191          0.076
 192          0.062
 193          0.072
 194          0.063
 195          0.060
 196          0.054
 197          0.073
 198          0.080
 199          0.126
 200          0.122
 201          0.128
 202          0.102
 203          0.094
 204          0.087
 205          0.069
 206          0.068
 207          0.084
 208          0.148
 209          0.113
 210          0.054
 211          0.061
 212          0.091
 213          0.084
 214          0.042
 215          0.074
 216          0.046
 217          0.073
 218          0.042
 219          0.084
 220          0.137
 221          0.100
 222          0.081
 223          0.077
 224          0.064
 225          0.062
 226          0.065
 227          0.091
 228          0.094
 229          0.267
 230          0.235
 231          0.216
 232          0.152
 233          0.033
 234          0.112
 235          0.109
 236          0.071
 237          0.024
 238          0.144
 239          0.106
 240          0.100
 241          0.185
 242          0.127
 243          0.142
 244          0.219
 245          0.091
 246          0.053
 247          0.061
 248          0.055
 249          0.086
 250          0.056
 251          0.046
 252          0.068
 253          0.076
 254          0.023
 255          0.058
 256          0.068
 257          0.044
 258          0.026
 259          0.023
 260          0.030
 261          0.015
 262          0.071
 263          0.067
 264          0.073
 265          0.048
 266          0.025
 267          0.017
 268          0.021
 269          0.075
 270          0.088
 271          0.155
 272          0.221
 273          0.136
 274          0.082
 275          0.054
 276          0.036
 277          0.066
 278          0.067
 279          0.023
 280          0.077
 281          0.144
 282          0.100
 283          0.094
 284          0.152
 285          0.128
 286          0.067
 287          0.037
 288          0.039
 289          0.047
 290          0.084
 291          0.092
 292          0.051
 293          0.135
 294          0.082
 295          0.310
 296          0.253
 297          0.154
 298          0.112
 299          0.067
 300          0.082
 301          0.059
 302          0.020
 303          0.019
 304          0.109
 305          0.103
 306          0.112
 307          0.063
 308          0.025
 309          0.025
 310          0.031
 311          0.078
 312          0.072
 313          0.098
 314          0.161
 315          0.077
 316          0.057
 317          0.042
 318          0.038
 319          0.038
 320          0.051
 321          0.027
 322          0.056
 323          0.047
 324          0.038
 325          0.044
 326          0.036
 327          0.043
 328          0.039
 329          0.065
 330          0.080
 331          0.101
 332          0.083
 333          0.072
 334          0.042
 335          0.061
 336          0.081
 337          0.042
 338          0.011
 339          0.025
 340          0.033
 341          0.034
 342          0.095
 343          0.112
 344          0.081
 345          0.089
 346          0.121
 347          0.115
 348          0.071
 349          0.055
 350          0.057
 351          0.058
 352          0.055
 353          0.068
 354          0.132
 355          0.118
 356          0.090
 357          0.066
 358          0.067
 359          0.074
 360          0.020
 361          0.084
 362          0.109
 363          0.123
 364          0.100
 365          0.116
 366          0.093
 367          0.087
 368          0.080
 369          0.032
 370          0.024
 371          0.017
 372          0.011
 373          0.054
 374          0.066
 375          0.072
 376          0.060
 377          0.068
 378          0.088
 379          0.054
 380          0.063
 381          0.049
 382          0.036
 383          0.041
 384          0.102
 385          0.087
 386          0.062
 387          0.057
 388          0.051
 389          0.046
 390          0.034
 391          0.024
 392          0.056
 393          0.075
 394          0.197
 395          0.057
 396          0.024
 397          0.059
 398          0.026
 399          0.044
 400          0.049
 401          0.053
 402          0.054
 403          0.128
 404          0.122
 405          0.082
 406          0.089
 407          0.074
 408          0.056
 409          0.075
 410          0.072
 411          0.067
 412          0.037
 413          0.061
 414          0.162
 415          0.097
 416          0.086
 417          0.057
 418          0.094
 419          0.040
 420          0.074
 421          0.076
 422          0.178
 423          0.112
 424          0.086
 425          0.036
 426          0.047
 427          0.069
 428          0.055
 429          0.068
 430          0.112
 431          0.091
 432          0.096
 433          0.064
 434          0.026
 435          0.025
 436          0.033
 437          0.115
 438          0.116
 439          0.102
 440          0.066
 441          0.073
 442          0.035
 443          0.012
 444          0.056
 445          0.077
 446          0.077
 447          0.060
 448          0.046
 449          0.053
 450          0.030
 451          0.080
 452          0.074
 453          0.034
 454          0.068
 455          0.065
 456          0.084
 457          0.090
 458          0.093
 459          0.085
 460          0.108
 461          0.094
 462          0.086
 463          0.081
 464          0.055
 465          0.052
 466          0.051
 467          0.128
 468          0.161
 469          0.092
 470          0.071
 471          0.028
 472          0.027
 473          0.040
 474          0.040
 475          0.043
 476          0.099
 477          0.104
 478          0.108
 479          0.104
 480          0.115
 481          0.103
 482          0.075
 483          0.079
 484          0.080
 485          0.039
 486          0.057
 487          0.048

# Average distance: 0.082 nm
